#2.122 
#nonogram 1852

30 
6 1 17 1 1 
5 1 1 1 1 
5 1 19 1 
5 1 19 1 
5 1 1 1 1 
6 1 1 13 1 1 1 
10 12 6 
9 3 2 2 3 6 
9 3 2 2 3 6 
9 3 2 1 4 6 
9 2 2 2 3 7 
8 3 2 2 3 7 
8 6 6 7 
8 2 9 8 
7 3 2 2 3 8 
7 3 2 2 3 8 
7 2 3 2 3 8 
6 3 2 3 2 9 
6 3 2 2 3 9 
6 2 3 2 3 9 
6 2 6 3 9 
5 13 10 
1 1 1 13 1 1 6 
1 1 1 1 5 
1 19 1 5 
1 19 1 5 
1 1 1 1 5 
1 1 17 1 6 
30 
/
24 2 
23 4 1 
24 2 
23 4 1 
24 2 2 
2 16 2 2 
1 4 11 2 2 2 
2 9 6 2 2 
1 4 5 9 2 2 
2 2 2 8 2 2 2 
2 2 9 4 2 2 
2 2 8 7 2 2 
2 2 5 11 2 2 
2 2 2 7 3 2 2 
2 2 9 6 2 2 
2 2 5 10 2 2 
2 2 2 8 2 2 2 
2 2 9 5 2 2 
2 2 4 11 2 2 
2 2 2 12 2 2 
2 2 12 2 2 2 
2 2 8 5 4 1 
2 2 5 10 2 
2 2 1 12 4 1 
2 2 17 2 
2 2 24 
1 4 23 
2 24 
1 4 23 
2 24 
