#2.232 
#nonogram 1927

1 1 1 1 1 
29 
5 4 4 4 4 5 
3 1 1 1 1 1 3 
2 3 3 3 1 3 2 
2 3 3 3 1 3 2 
2 1 1 1 1 1 2 
2 1 3 3 3 3 2 
2 1 3 3 3 3 2 
2 1 1 1 1 1 2 
2 3 1 1 3 3 2 
2 3 1 1 3 3 2 
2 1 1 1 1 1 2 
2 3 3 3 3 1 2 
2 3 3 3 3 1 2 
2 1 1 1 1 1 2 
2 3 3 3 3 3 2 
2 3 3 3 3 3 2 
3 1 1 1 1 1 3 
5 4 4 4 4 5 
29 
1 1 1 1 1 
/
18 
20 
3 3 
2 2 
2 2 2 2 2 2 
2 16 2 
2 2 2 2 2 2 
2 2 
2 2 
2 2 2 2 2 2 
2 16 2 
2 2 2 2 2 2 
2 2 
2 2 
2 2 2 2 2 2 
2 16 2 
2 2 2 2 2 2 
2 2 
2 2 
2 2 2 2 2 2 
2 16 2 
2 2 2 2 2 2 
2 2 
2 2 
2 2 2 2 2 2 
2 16 2 
2 2 2 2 2 2 
2 2 
3 3 
20 
18 
