#3.103 
#nonogram 1916

5 25 
4 1 23 
3 4 21 
2 7 19 
1 10 18 
1 3 6 9 6 
1 2 6 7 2 5 
1 2 7 6 3 4 
1 3 9 4 5 3 
1 15 3 6 2 
2 15 2 3 3 1 
3 14 2 2 3 
4 13 1 4 4 
1 2 11 1 8 1 
2 3 9 8 2 
8 7 6 3 
1 9 6 6 
2 4 3 1 5 
3 1 1 4 
5 3 
3 1 1 4 
2 4 3 1 5 
1 9 6 6 
8 7 6 3 
2 3 9 8 2 
1 2 11 1 8 1 
4 13 1 4 4 
3 14 2 2 3 
2 15 2 3 3 1 
1 15 3 6 2 
1 3 9 4 5 3 
1 2 7 6 3 4 
1 2 6 7 2 5 
1 3 6 9 6 
1 10 18 
2 7 19 
3 4 21 
4 1 23 
5 25 
/
14 7 14 
4 3 2 5 2 3 4 
3 6 2 3 3 3 2 6 3 
2 8 2 3 1 3 2 8 2 
1 4 4 5 1 5 4 4 1 
4 4 5 5 4 4 
1 3 4 4 4 4 3 1 
1 4 6 2 2 6 4 1 
2 11 2 2 11 2 
2 12 2 2 12 2 
3 11 3 3 11 3 
3 12 1 1 12 3 
4 12 12 4 
5 11 11 5 
6 10 10 6 
7 9 9 7 
8 9 9 8 
9 7 7 9 
10 10 
14 1 1 14 
12 2 2 12 
8 4 4 8 
6 8 8 6 
5 10 10 5 
5 5 4 4 5 5 
6 3 2 1 1 2 3 6 
7 3 3 2 2 3 3 7 
8 6 3 3 6 8 
9 4 9 4 9 
10 2 11 2 10 
11 13 11 
