#3.168 
#nonogram 1025

6 16 
11 16 
11 16 
8 3 3 9 
8 3 3 9 
8 4 16 
4 34 
4 34 
4 15 13 3 
4 34 5 
4 18 20 
2 41 
8 18 6 7 
8 25 7 
8 25 7 
8 25 7 
8 23 7 
8 7 17 7 
4 6 31 
4 7 31 
2 34 5 
4 21 9 3 
4 21 9 
4 32 
8 4 16 
8 3 16 
12 16 
11 16 
11 16 
6 16 
/
6 6 6 
6 6 6 
6 6 6 
6 6 6 
30 
30 
10 8 8 
10 8 8 
2 3 
7 7 6 5 
7 7 6 5 
5 18 
20 
18 
18 
12 5 
11 4 
11 4 
11 4 
18 
18 
18 
18 
18 
18 
18 
18 
8 1 1 17 
8 1 1 17 
8 1 1 17 
3 16 7 
3 16 7 
3 16 7 
3 16 7 
13 13 
13 13 
12 12 
12 12 
12 12 
12 12 
12 12 
12 12 
12 12 
10 
10 
12 
12 
14 
14 
14 
