#3.208 
#nonogram 50

8 
8 2 
8 5 
8 7 
8 3 3 
8 2 2 
8 3 3 
8 7 
13 5 
3 8 1 
3 12 
20 
20 
2 12 
2 12 
2 13 
20 
20 
20 
20 
4 6 
10 6 
12 6 
12 6 
12 4 1 
12 3 5 
12 2 7 
12 2 3 3 
12 2 2 2 
12 2 3 3 
12 2 7 
12 3 5 
12 4 
12 3 5 
12 2 7 
12 2 3 3 
12 2 2 2 
11 2 3 3 
10 3 7 
9 4 5 
8 5 
7 4 
6 3 
4 3 
/
2 
2 21 
10 23 
11 23 
5 28 
2 2 28 
1 2 27 
1 2 26 
6 2 4 20 1 
7 2 5 19 2 
19 18 3 
19 17 3 
19 15 3 
20 4 
41 
41 
3 18 3 
2 5 16 5 1 5 
1 7 14 7 7 
5 22 3 3 3 
4 2 8 2 2 2 2 
3 3 8 3 3 3 3 
7 7 7 
5 5 5 
