#3.220 
#nonogram 1017

19 
22 
4 5 12 
3 5 12 
4 5 12 
3 5 12 
3 5 12 
3 5 8 
12 7 4 
4 5 1 3 6 
4 5 1 3 6 
4 5 1 3 6 
4 5 1 3 6 
4 5 1 3 4 
12 8 
4 5 1 8 
4 5 1 8 
4 5 1 8 
4 5 1 8 
4 5 1 8 
12 12 
4 5 1 8 
4 5 1 8 
4 5 1 8 
4 5 1 8 
4 5 1 8 
12 12 
4 5 1 8 
4 5 1 8 
4 5 1 8 
4 5 1 8 
4 5 1 8 
12 12 
4 5 1 8 
4 5 1 8 
4 5 1 8 
4 5 1 8 
4 5 1 8 
12 8 
4 5 1 3 4 
4 5 1 3 6 
4 5 1 3 6 
4 5 7 6 
4 5 1 3 6 
11 1 3 4 
3 5 1 4 
2 18 
2 7 8 
10 7 
13 
/
36 
42 
45 
47 
5 1 1 1 1 1 1 1 2 
3 1 1 1 1 1 1 1 1 
2 1 1 1 1 1 1 1 1 
49 
49 
49 
50 
50 
2 4 
50 
9 1 1 1 1 1 1 1 1 
9 1 1 1 1 1 1 1 1 
9 1 1 1 1 1 1 1 1 
50 
50 
50 
8 25 5 
7 4 23 4 4 
7 6 23 6 4 
6 6 23 6 3 
6 6 23 6 2 
6 6 
4 4 
