#3.247 
#nonogram 1252

2 
3 
3 
9 
12 
14 
2 16 
22 
17 1 
16 
14 
14 
13 
13 
13 
3 7 
10 5 
14 3 
19 2 
22 1 
26 
27 
10 10 
8 8 8 
7 12 6 
6 16 5 
6 23 
6 5 11 
10 7 10 
9 20 
8 21 
8 5 12 
13 4 11 
12 17 
12 17 
13 2 13 
13 14 
29 
28 
28 
27 
23 2 
22 2 
20 1 
16 1 
/
10 
14 
18 
20 
2 22 
2 23 
1 7 16 
1 6 18 
2 1 6 5 13 
2 2 6 4 15 
2 5 5 4 16 
7 6 4 16 
7 5 4 5 10 
6 6 4 4 2 9 
7 6 4 3 4 8 
7 7 4 3 4 8 
9 7 4 3 3 9 
19 4 3 13 
12 6 4 4 12 
12 6 5 16 
11 7 21 
11 7 21 
10 8 20 
11 7 20 
10 8 18 
10 26 
9 25 
9 22 
10 23 
37 
