#3.242 
#nonogram 2388

1 
6 
7 4 
1 6 8 
1 1 6 2 2 
1 6 2 2 4 2 
1 4 1 1 9 6 1 
3 6 1 18 
3 6 2 10 
1 4 1 6 8 
1 6 6 8 
1 1 6 4 
1 6 
1 2 1 6 4 
1 4 1 6 6 
6 1 2 2 2 
8 1 9 4 1 
6 1 1 16 
8 2 8 
6 1 6 6 
1 4 1 6 4 
1 2 1 6 
1 6 3 
1 1 6 5 
7 2 2 2 
1 5 1 1 10 3 1 
7 1 1 10 5 
1 5 1 2 7 
7 6 5 
1 1 6 3 
1 6 
7 
6 
1 
/
2 
2 3 
6 9 1 
1 1 5 7 
6 7 5 
6 9 5 
6 9 5 
6 7 5 
1 2 1 1 1 1 1 
34 
2 2 
32 
5 8 7 6 
4 2 6 2 5 2 5 
4 2 6 2 5 2 5 
3 2 6 2 5 2 4 
2 2 6 2 5 2 3 
2 2 2 
2 2 2 
2 2 2 
2 2 2 
4 4 2 
3 4 2 3 4 
2 5 2 5 2 2 
2 7 2 5 2 5 
2 7 2 5 2 5 
2 7 2 5 2 5 
2 7 2 3 2 3 
2 5 4 4 
3 4 
4 
