#4.101 
#nonogram 7142

25 1 1 3 2 2 
18 5 1 1 3 2 
17 2 5 1 1 3 1 3 
16 2 6 1 1 3 2 1 
15 2 8 1 3 5 
7 1 9 1 4 2 1 
4 2 10 1 5 3 
2 1 8 1 1 3 
1 2 8 1 6 
2 9 9 
3 8 
3 3 2 5 4 3 
1 3 1 5 3 3 
1 5 4 4 2 
1 7 6 3 1 4 
1 2 5 6 3 2 2 
4 1 16 3 6 
1 2 5 14 2 2 2 
17 3 2 4 
13 3 3 
18 5 
4 11 7 1 
4 11 6 
3 11 2 
2 1 4 8 1 
2 3 1 3 1 
2 14 2 
1 19 
1 2 20 
2 2 21 
4 22 
6 25 
40 
40 
40 
/
9 7 
8 1 6 
7 1 5 
7 1 5 
6 1 4 
6 1 2 4 
6 1 1 3 
5 4 1 3 
5 4 3 
5 2 3 
5 2 3 
5 4 7 3 
5 15 3 
5 5 1 6 2 3 
5 15 1 3 
4 15 4 
3 3 8 4 
2 2 8 4 
1 2 2 7 5 
1 1 3 6 6 
2 5 7 7 
10 9 9 
12 10 11 
12 11 10 
11 6 5 10 
10 5 5 9 
2 9 4 5 9 
2 8 2 5 9 
2 2 9 1 5 9 
2 2 8 1 3 10 
6 1 3 9 
10 1 5 2 9 
7 1 4 4 2 9 
7 1 3 1 3 2 9 
5 2 3 3 1 9 
3 1 4 5 2 2 8 
2 3 3 2 1 1 2 2 2 8 
5 2 2 6 2 2 8 
1 1 1 1 2 2 6 2 9 
1 5 2 14 
