#4.109 
#nonogram 2893

3 8 1 1 1 1 
2 9 1 1 2 1 
2 11 2 1 1 1 
2 9 1 2 2 1 1 
1 3 6 1 2 2 1 1 
4 2 2 1 1 2 2 1 1 
2 1 1 2 3 2 1 
1 2 2 1 1 2 
1 1 3 1 1 1 2 
1 2 3 1 1 1 2 1 
1 1 1 5 1 1 2 1 
1 1 2 6 1 1 2 1 
8 1 6 1 1 1 2 1 
1 2 12 3 2 1 
2 1 10 2 1 1 
12 2 2 1 
3 1 3 2 1 
6 6 2 
8 2 
13 
15 
16 
16 
17 
1 13 
2 9 
2 5 
2 1 
/
8 
4 2 
2 1 1 1 
2 2 7 
2 2 2 2 1 
1 4 3 3 
1 2 1 2 2 
4 2 3 
5 1 1 1 
6 4 1 
5 3 1 3 
5 9 1 2 2 
16 1 3 2 
3 9 4 1 
7 6 6 
3 5 7 
1 4 8 
8 2 9 
8 14 
11 
11 9 
7 13 
11 9 
8 
13 8 
2 21 
11 
7 6 2 
