#4.114 
#nonogram 927

41 1 1 
39 1 
38 1 
2 1 13 1 6 1 
1 10 1 5 1 
1 8 1 4 2 1 
1 7 1 4 7 
1 7 1 4 8 
2 7 2 5 9 
13 12 10 
14 27 
15 28 
17 29 
42 5 
41 1 
40 1 
12 17 3 1 
11 15 2 1 
3 4 7 4 3 1 
2 2 6 2 4 3 
1 2 5 2 13 
1 2 6 2 14 
1 2 7 2 15 
1 10 18 
2 13 20 
/
4 12 
4 8 1 
3 8 
3 8 
3 10 
18 
3 9 
3 10 
3 10 
3 11 
4 13 1 
17 3 1 
16 4 
16 2 
16 2 
16 3 
17 4 
8 13 
6 12 
5 12 
5 12 
4 12 
4 8 1 
3 8 
3 8 
3 10 
18 
3 9 
3 10 
3 10 
3 11 
4 13 1 
17 3 1 
16 4 
16 2 
16 2 
5 7 3 
3 7 4 
2 15 
1 15 
1 5 7 
5 6 
5 5 
6 5 
8 5 
13 5 
8 5 
8 5 
10 6 
8 2 6 
1 9 7 
