#4.119 
#nonogram 812

9 18 
8 17 
7 3 16 
6 5 10 
5 7 7 1 
5 7 4 5 
4 8 6 2 1 
4 7 8 3 
4 4 6 3 3 1 
4 3 6 2 6 
4 2 6 3 3 2 
4 2 5 2 1 4 
4 2 7 2 3 
2 2 4 2 3 1 2 
8 2 2 4 1 
9 2 2 9 
6 5 2 4 2 
5 2 2 1 
3 2 2 2 3 1 
9 2 7 
1 10 11 
14 10 
15 9 
15 8 
15 7 
15 6 
15 5 
16 5 
16 4 
16 3 
/
14 2 10 
14 4 9 
13 4 9 
13 5 9 
6 4 10 
4 3 11 
3 10 12 
2 13 12 
1 7 3 11 
7 7 11 
6 6 1 11 
6 5 1 11 
1 5 5 1 12 
2 3 5 2 12 
3 4 3 8 
3 4 2 3 
3 4 2 
3 6 3 
3 9 2 
3 3 6 3 
4 3 4 3 
5 3 3 3 
6 3 3 4 
7 3 3 6 
7 2 2 8 
6 2 3 11 
6 2 1 2 11 
5 2 2 2 11 
4 2 4 1 11 
5 2 5 12 
