#4.122 
#nonogram 2552

6 
5 4 
8 3 
8 3 
1 1 9 2 
3 3 8 2 
1 8 1 1 7 2 
2 9 3 8 1 
26 1 
9 3 8 1 
8 3 8 1 
2 5 1 1 1 7 1 
4 2 1 2 7 1 
1 1 12 4 7 1 
1 3 2 12 4 7 1 
2 7 11 5 7 1 
37 1 
7 11 5 7 1 
6 12 5 7 1 
4 11 4 7 1 
9 1 1 2 6 1 
5 2 2 2 5 1 
1 1 4 8 5 1 
1 3 2 8 8 5 1 
2 6 8 8 6 1 
35 1 
6 8 8 6 1 
5 9 7 7 1 
3 3 3 7 7 1 
1 3 4 7 2 
9 9 2 
14 5 3 
13 4 4 
11 3 5 
10 2 6 
9 1 6 
7 2 6 
6 1 6 
5 1 6 
3 1 6 
2 1 6 
2 6 
1 6 
1 6 
6 
/
1 
2 
3 1 
1 2 
4 3 
6 1 
7 4 
6 6 
5 7 
5 6 
5 4 
1 1 2 4 
2 10 2 1 2 
3 11 6 
1 10 6 1 
4 10 5 3 
7 9 5 4 
8 9 5 5 
7 8 7 5 
6 8 7 6 
6 8 7 7 
5 7 3 1 8 
6 7 2 5 9 
5 4 1 8 9 
2 1 4 10 10 
5 8 9 11 
5 8 8 8 3 
3 5 9 7 6 2 
5 1 9 7 3 3 
10 1 6 2 4 
19 3 1 8 
20 10 
32 
1 31 11 
1 30 12 
2 27 13 
4 22 14 
7 16 
45 
