#4.124 
#nonogram 6032

20 11 
19 2 6 1 
19 5 4 
4 12 5 3 1 
3 12 3 2 3 
3 2 14 2 3 
2 4 12 2 1 6 
4 2 3 6 4 1 2 2 
1 3 1 1 2 3 4 1 2 1 
1 2 1 1 2 1 2 2 1 2 1 
2 3 2 2 5 1 1 2 1 1 
3 2 3 2 1 1 1 2 1 1 
4 3 3 2 1 3 2 1 1 
4 2 1 2 1 1 3 2 1 1 
5 3 2 3 6 1 1 
5 7 1 2 5 1 2 1 
6 3 2 3 4 1 2 1 
7 2 4 3 1 3 2 
9 2 5 2 1 2 4 
22 1 4 3 
30 3 
31 1 
31 1 
32 1 
/
9 13 
8 15 
6 1 14 
4 3 12 
3 2 3 10 
3 2 5 8 
3 2 5 7 
4 2 4 6 
6 2 2 6 
8 3 2 5 
9 3 2 5 
8 3 2 5 
7 3 2 6 
7 1 4 7 
8 4 2 5 
8 3 2 5 
8 2 2 7 
9 2 10 
11 12 
1 5 8 
1 2 7 6 
3 1 3 6 5 
3 3 9 4 
2 4 5 4 
1 3 10 5 
1 2 1 5 1 4 
2 1 2 2 5 
3 7 5 
6 6 
7 7 
4 3 2 3 
2 6 6 1 
1 4 1 1 4 
1 4 5 4 
2 4 4 2 
