#4.125 
#nonogram 6467

10 2 15 
7 4 11 
5 1 2 7 
4 2 1 1 7 
3 2 7 1 7 
3 1 2 2 1 7 
3 1 2 2 2 7 
2 1 1 2 1 1 5 
2 2 6 2 3 
2 2 4 1 5 2 
1 11 1 6 1 
1 1 1 7 
2 1 1 8 
2 9 1 1 1 6 
2 2 4 1 1 5 
2 2 1 4 1 1 6 
2 2 6 1 8 
2 1 2 3 1 1 7 1 
2 2 2 2 5 2 
3 2 8 1 3 4 
4 1 1 6 
5 1 9 
6 1 9 
9 4 1 9 
10 1 7 9 
/
11 11 
10 12 
7 2 6 
4 2 2 5 
3 3 1 2 4 
2 2 1 3 1 3 
2 1 4 2 2 2 
1 2 2 1 2 2 
1 2 1 1 2 2 
1 1 1 1 1 1 
1 1 1 1 
1 1 1 1 1 
1 1 1 1 2 1 
1 1 2 1 2 2 1 2 
1 1 1 3 5 1 2 
2 6 4 1 2 
2 1 10 1 3 
3 1 3 7 1 
1 6 2 
2 6 1 
4 3 
3 13 
2 4 4 4 
14 5 4 
7 11 5 
8 10 5 
8 9 6 
9 8 6 
10 6 7 
11 8 
