#4.134 
#nonogram 4675

5 8 5 
3 3 5 5 4 
4 1 6 1 2 3 
12 1 2 2 
5 5 2 1 2 
4 4 3 1 1 
3 3 2 4 3 
2 4 5 2 1 
1 5 1 5 3 1 
1 5 1 3 4 1 
2 4 1 1 1 
3 3 2 4 2 
4 4 3 1 1 
5 5 2 1 2 
4 5 1 2 2 
4 1 6 1 2 3 
3 3 5 5 4 
2 5 5 
2 16 
1 15 
1 15 
14 
14 
14 
1 15 
1 15 
2 16 
2 16 
3 17 
4 18 
/
21 6 
8 9 4 
7 2 6 2 
1 4 4 4 1 
2 2 6 1 1 
3 6 2 
2 2 6 1 1 
1 4 4 1 
7 2 6 2 
7 8 4 
6 2 1 9 6 
4 4 1 16 
3 5 2 15 
1 6 3 13 
7 6 12 
1 1 1 12 
1 1 1 12 
1 1 1 12 
1 2 1 12 
2 1 2 12 
1 2 2 2 13 
2 2 2 2 14 
3 2 2 15 
5 6 17 
6 18 
