#4.137 
#nonogram 2597

4 
4 8 
1 5 1 1 1 6 
1 2 1 1 2 8 1 
2 2 2 3 9 4 
4 3 3 7 1 2 
6 1 2 2 8 1 
8 1 4 1 
6 1 2 2 4 1 
3 3 3 3 1 2 
2 2 2 3 9 1 
1 2 1 1 2 8 1 3 
1 5 1 1 1 11 5 
4 8 10 1 6 
4 12 4 1 
1 9 4 1 
1 13 4 
3 14 2 3 
4 12 5 1 6 
3 11 6 1 2 5 
2 20 5 1 
2 17 1 3 1 
3 18 3 1 
4 14 1 
6 10 
/
5 
1 1 7 
2 2 4 3 
1 1 4 1 1 2 2 
2 7 2 2 
11 1 
3 5 3 4 1 
2 1 3 1 2 8 1 
3 1 3 1 3 8 
2 1 2 9 
15 9 
2 2 2 2 9 
3 2 2 3 10 
1 1 1 1 1 1 10 
4 4 11 
4 4 12 
5 13 
2 9 5 
15 6 
15 5 
14 6 
7 5 6 
5 6 5 
5 5 5 
5 5 1 1 1 
1 1 1 1 1 1 3 
1 1 3 
1 2 
1 1 2 
1 3 2 3 
2 5 6 
5 12 
12 
3 4 2 
4 3 
