#4.136 
#nonogram 7727

8 10 
6 3 11 
3 7 4 13 
32 
33 
34 
1 32 
2 32 
2 12 17 
1 7 1 18 
1 8 19 
2 4 22 
2 15 11 
2 6 8 10 
3 5 3 16 
1 3 1 3 15 
3 2 2 2 4 10 
2 2 3 3 10 
1 2 3 2 1 1 7 
1 7 4 2 5 
1 3 4 3 3 
5 3 2 
3 8 
2 8 
5 
3 3 
3 2 3 
1 3 2 6 
8 2 6 
5 2 2 
/
2 
7 
2 2 
5 3 
6 4 
8 1 2 
8 6 
2 8 2 
24 
24 
16 3 3 
1 13 3 2 2 
1 9 8 2 2 
1 12 4 1 2 
9 3 2 2 
1 7 4 2 3 
8 6 4 2 
6 8 4 2 
12 2 1 
13 3 2 
14 3 2 
15 5 
18 2 
10 4 2 
12 2 2 4 
18 3 4 
18 3 2 
18 8 
19 7 
19 5 
20 
20 
21 
21 
21 
