#4.149 
#nonogram 19879

2 
3 
4 
9 
10 
10 
11 
12 
27 
31 
33 
9 21 
4 20 
3 3 1 14 
3 5 11 
2 6 4 4 
2 6 13 1 
2 4 2 15 
2 3 16 
2 2 15 
2 4 13 1 
2 6 5 4 
2 6 11 
3 5 1 14 
3 3 20 
2 21 
9 21 
33 
31 
27 
12 
11 
10 
10 
9 
8 
3 
2 
/
10 
12 
3 3 
3 3 
3 2 
3 2 
3 3 
3 3 
3 2 2 3 
3 3 3 3 
4 4 4 4 
4 4 4 4 
3 4 4 3 
3 4 4 3 
3 3 3 3 
3 1 3 
4 3 5 
6 3 7 
5 6 
5 5 6 
5 7 6 
5 7 6 
5 7 6 
6 7 7 
6 6 7 
7 5 8 
9 5 10 
11 5 12 
12 5 13 
12 5 14 
12 5 14 
12 5 14 
12 3 14 
14 3 15 
15 1 16 
16 17 
17 18 
