#4.145 
#nonogram 2940

1 7 2 3 
2 1 2 6 1 
3 1 2 2 4 2 
2 9 5 1 4 
2 9 2 3 1 2 2 
2 9 2 4 1 1 
2 1 2 1 2 2 4 1 
2 1 2 1 6 1 4 
2 1 4 2 5 1 1 
2 1 1 2 2 1 1 1 1 
2 1 1 2 2 2 1 1 1 
2 1 1 2 5 7 
2 1 1 2 5 2 2 
2 1 1 2 2 2 2 1 
2 1 1 2 2 5 
2 1 1 2 2 3 1 1 
2 1 1 2 5 6 
2 1 2 1 5 1 2 
2 1 2 1 2 1 1 1 
12 2 2 2 1 
12 2 8 2 
12 6 1 3 
3 1 2 3 1 2 
2 1 2 2 2 2 
1 13 
/
19 
21 
2 5 
25 
3 3 
3 3 
3 3 
3 3 
19 
6 5 
5 9 5 
1 19 1 
3 3 
25 
1 19 1 
1 1 1 2 2 1 1 
1 2 1 3 2 2 1 
14 10 
2 5 3 6 
2 1 1 2 1 1 
6 2 1 1 3 
2 3 5 2 2 
3 1 6 2 1 
1 5 1 5 1 
1 2 6 1 2 1 
3 1 1 1 3 
3 1 2 2 3 
10 6 
