#4.158 
#nonogram 8510

28 4 
26 3 
24 3 
22 3 
13 4 3 
13 1 4 3 
13 3 5 7 
13 8 4 
6 10 
4 1 6 9 
1 2 2 6 7 
4 2 6 
4 5 6 
1 10 6 
18 
3 21 
3 2 3 16 
3 2 8 3 
7 6 4 
11 3 4 
10 9 2 
10 3 
10 3 
11 4 1 
13 4 
/
8 1 1 10 
8 2 2 10 
8 1 1 10 
8 2 2 7 
8 2 1 2 7 
8 1 4 7 
8 7 7 
8 7 6 
9 6 6 
11 6 6 
11 4 1 2 
11 4 1 1 
12 5 3 1 
4 4 5 3 
4 2 2 5 1 2 
4 2 7 1 1 
5 2 10 1 1 
5 14 2 
5 14 1 
5 12 2 2 
4 11 1 1 
4 7 3 
3 6 3 
3 3 2 2 
2 2 2 2 
2 2 2 1 
1 1 2 2 
1 2 1 1 
1 2 2 
2 1 1 
1 2 1 
2 2 2 
1 2 1 
1 1 2 
1 1 2 
