#4.157 
#nonogram 19160

9 
5 5 4 
8 5 2 
10 5 
11 6 
11 6 
13 6 
2 11 6 
2 11 6 
2 11 6 
3 10 7 
3 3 8 7 
4 4 1 1 8 
5 5 8 10 
6 6 21 
7 7 7 13 
7 8 7 12 
7 8 7 12 
7 9 6 12 
7 10 18 2 
7 10 5 11 4 
6 11 3 10 6 
6 10 1 6 7 
6 10 1 4 9 
16 5 1 8 
12 18 
12 11 1 
12 9 4 
11 8 5 
10 7 6 
11 5 5 1 
9 3 5 2 
8 4 5 
5 3 6 
/
6 
8 
10 
12 
14 
14 
14 
4 3 
16 2 
4 13 4 
8 20 
10 21 
11 21 
12 20 
11 1 19 
11 2 18 
10 3 16 
10 5 14 
9 6 12 
8 8 9 
5 11 4 1 
9 2 1 
8 7 
1 5 8 
2 1 8 
6 8 
8 6 
10 5 
18 4 
21 4 
27 3 
24 2 5 
24 2 6 
24 1 7 
2 13 2 7 
1 9 3 3 
1 7 3 1 
1 5 
1 5 1 
2 5 2 
1 5 2 
1 5 2 
2 5 3 
1 5 4 
