#4.153 
#nonogram 10421

5 1 4 2 
2 3 6 2 
5 11 
21 
2 16 
4 15 
1 4 13 
1 2 1 6 1 
3 1 1 4 
3 1 1 
3 1 1 1 
1 1 1 1 
3 1 2 
3 4 2 
3 5 10 
1 4 1 2 1 1 1 1 
3 1 3 1 1 2 2 
3 4 3 2 1 1 1 
1 5 1 1 1 2 1 
3 4 3 2 1 1 1 
3 1 3 1 1 2 1 
1 4 1 2 1 1 1 
3 5 3 1 1 2 2 
3 4 3 2 3 1 1 
1 1 1 4 1 
/
3 3 2 2 2 
3 3 3 2 2 2 
5 18 
4 1 
1 5 1 1 1 
1 4 3 3 3 
2 2 3 3 3 3 
2 6 3 3 3 
1 5 15 
1 4 
6 2 2 2 
3 2 2 2 2 
5 2 10 
5 2 
7 12 
7 2 1 1 1 2 
9 1 1 1 1 1 1 
9 2 1 1 1 2 
9 1 1 1 1 2 
9 10 
2 2 1 
2 2 1 
2 1 10 
2 1 1 1 1 1 
1 2 1 1 
