#4.168 
#nonogram 14479

4 5 5 5 19 
2 3 3 4 21 
2 3 3 3 22 
4 5 5 2 23 
18 1 16 2 
23 
10 5 7 
7 1 7 2 4 5 
9 3 1 4 2 4 5 
7 6 7 3 7 5 
6 7 3 7 13 
6 11 9 12 
6 13 20 
2 3 14 1 5 13 
1 2 14 7 2 4 5 1 
1 2 14 5 2 14 
2 3 13 19 
6 12 8 13 
7 11 7 2 4 7 
6 6 12 7 5 
13 7 7 1 5 
9 1 4 1 3 3 5 
7 7 2 10 
1 5 2 11 
10 12 
13 3 
8 8 
19 
20 
17 
13 
15 
3 18 
2 2 2 2 22 
3 2 2 2 2 16 
3 2 2 2 4 7 
/
5 8 
5 5 5 2 
1 2 5 5 3 
1 2 7 7 3 
1 16 
5 16 
5 4 5 3 
5 3 5 3 3 
1 2 2 13 
1 2 16 
1 14 
5 12 3 
5 12 3 
5 12 
1 2 10 
1 2 8 
1 8 3 
5 8 3 
4 8 
3 1 6 1 
2 2 3 3 3 
1 5 3 2 3 
4 2 1 3 5 2 2 1 
2 2 2 1 2 11 4 
7 3 2 12 3 
12 2 12 3 
8 12 7 4 
9 5 4 9 4 
18 2 6 4 
14 6 6 5 
15 5 6 5 
6 1 3 2 3 9 
11 2 9 10 
23 11 
7 12 12 
20 3 9 
18 1 4 9 
6 7 3 1 4 9 
25 9 
7 9 3 8 
4 20 7 
4 21 7 
4 21 5 
14 11 5 
25 
