#4.173 
#nonogram 2164

12 
13 
15 
5 10 4 
5 9 6 
3 8 3 3 
2 8 2 2 
2 8 2 2 
2 8 3 3 
2 9 6 
2 10 4 
2 11 
19 
19 
5 
5 
18 
18 
18 
2 5 
2 1 1 5 
2 1 2 5 
2 1 3 5 
2 2 3 5 
2 2 4 5 
2 3 4 5 
2 2 4 5 
2 3 3 5 
2 3 2 5 4 
2 3 4 6 
2 4 3 3 3 
2 4 3 2 2 
2 1 4 3 2 2 
2 1 5 3 3 3 
2 1 5 4 6 
2 3 4 5 4 
2 3 4 5 
2 3 3 5 4 
2 2 3 4 6 
2 2 2 3 3 3 
2 1 1 3 2 2 
2 1 3 2 2 
2 3 3 3 
17 6 
18 4 
/
10 29 
10 29 
3 2 3 2 
2 2 3 6 7 2 
3 2 3 6 8 2 
2 2 3 7 3 2 
3 2 3 8 2 
3 2 3 3 8 2 
14 3 7 9 2 
14 3 8 8 2 
14 3 8 8 2 
14 3 2 
14 3 2 
14 29 
45 
45 
5 21 5 2 
4 4 19 4 3 4 1 
3 6 5 6 6 
3 3 3 3 3 3 
2 2 2 2 2 2 
2 2 2 2 2 2 
3 3 3 3 3 3 
6 6 6 
4 4 4 
