#4.184 
#nonogram 1917

25 
24 
23 
1 22 
4 20 
4 19 
4 3 18 
4 3 17 
4 2 13 1 
4 1 1 4 2 1 
4 6 4 2 
4 2 3 2 4 4 
4 1 3 1 5 4 
5 2 2 1 1 3 5 
5 3 2 1 2 5 
5 1 2 1 2 6 
5 1 3 2 7 
6 3 2 3 7 
7 2 1 1 1 7 
8 9 
10 11 
8 9 
8 9 
10 11 
8 9 
6 2 1 1 1 7 
6 3 2 2 7 
5 1 3 2 7 
4 1 2 2 1 6 
5 3 2 1 1 5 
4 2 2 1 2 2 5 
4 1 2 2 5 4 
4 2 3 2 5 4 
4 6 4 2 
4 2 1 5 2 1 
4 2 14 
4 3 17 
4 3 18 
4 19 
4 20 
1 23 
23 
24 
25 
/
36 
36 
36 
38 
1 15 1 1 
2 10 2 
3 7 7 7 4 
4 3 2 6 6 4 
4 2 1 3 1 1 3 1 2 4 
5 2 2 1 1 1 1 2 2 5 
6 2 2 2 2 2 2 6 
7 3 2 2 3 7 
8 6 6 9 
9 6 5 10 
11 3 3 11 
14 14 
12 3 4 13 
11 4 5 11 
9 2 2 1 1 1 3 9 
9 2 1 1 2 10 
10 3 1 6 1 2 10 
10 5 6 4 9 
9 4 12 3 9 
9 14 9 
10 18 10 
9 24 9 
8 24 8 
8 22 8 
9 22 8 
