#4.191 
#nonogram 1725

3 19 
7 1 1 1 1 2 
9 1 2 1 4 
2 3 2 1 2 3 
7 2 1 3 
7 2 1 1 3 
7 2 2 2 2 
2 3 2 2 1 2 3 
9 2 2 3 5 
7 5 2 4 
3 6 3 1 
1 3 3 2 
7 2 2 
9 2 2 
3 6 2 3 
11 3 2 1 
8 4 3 1 
11 2 2 
9 4 2 
11 2 
5 11 2 
9 11 3 
3 3 11 3 
3 2 10 4 
3 1 9 3 
4 1 11 3 
5 1 12 4 
5 2 17 
9 17 
9 17 
9 17 
9 17 
10 16 
10 15 
10 15 
/
3 
7 7 
9 10 
2 3 2 12 
11 3 10 
11 3 9 
11 2 7 
2 2 1 2 8 
3 3 1 2 12 
7 2 4 7 
3 1 1 2 4 
1 4 2 2 3 
1 6 6 1 2 
1 13 7 1 
2 10 12 
1 28 
1 1 3 23 
3 1 23 
1 1 20 
1 1 18 
4 3 19 
1 1 5 20 
1 2 8 16 
1 1 6 6 10 
6 5 9 
1 1 5 8 
1 1 2 5 1 9 
1 4 3 6 14 
10 4 18 
11 20 
