#4.214 
#nonogram 2585

3 2 
4 2 
2 1 2 
5 5 
11 1 
14 
12 
2 3 
4 2 
1 1 1 
1 1 1 1 
3 6 
1 6 
5 
2 1 5 
4 2 1 2 
2 1 4 2 
2 4 1 
3 1 2 
10 2 
11 1 4 
13 2 2 
13 1 2 1 
15 2 1 
13 2 2 
5 4 4 
4 5 3 1 
3 1 5 5 
3 1 4 5 
3 1 4 5 
3 1 4 5 
3 1 5 5 
4 5 6 
5 5 1 
14 4 
13 2 2 
15 2 1 
12 1 2 1 
11 2 2 
2 6 4 
/
25 
26 
2 21 
2 8 7 
1 7 5 7 
3 6 1 1 6 
5 6 1 1 6 
2 4 6 2 2 6 
8 6 7 6 
2 5 6 7 6 
3 5 2 6 5 6 
4 1 1 1 2 5 5 5 
4 1 1 2 2 8 5 
5 2 3 4 1 10 1 
6 7 4 8 4 
13 2 2 2 6 2 2 
2 2 2 2 1 1 2 10 2 1 
2 2 2 2 1 2 1 6 1 2 1 
1 2 2 2 2 2 2 2 
2 2 4 4 
