#4.229 
#nonogram 1035

9 3 18 2 
10 1 19 2 
9 17 2 
10 1 18 2 
9 3 16 2 
1 2 15 2 
2 15 2 
12 2 3 2 
2 13 2 3 2 
1 2 11 2 
15 2 2 
16 2 
14 2 2 1 
14 2 2 1 
19 1 
20 1 
30 1 
21 1 
16 1 
16 2 3 1 
18 2 3 1 
3 10 1 
2 8 2 1 
2 3 8 11 1 
7 9 2 4 5 1 
7 10 2 5 5 1 
6 12 11 1 
21 12 
22 2 12 
23 5 7 
20 5 7 
20 14 
26 12 
14 2 9 11 
15 11 
13 10 
15 12 
3 10 2 12 
2 2 24 
1 1 25 
1 27 
1 27 
1 1 26 
2 2 11 3 10 
3 15 1 10 
18 9 
19 1 10 
18 3 9 
/
7 30 2 4 
5 1 1 29 5 
6 13 16 6 
6 12 14 3 
5 1 1 11 17 6 
7 13 16 5 
21 2 11 2 4 
22 21 
23 22 
1 1 43 
1 44 
2 45 
1 44 
1 1 30 12 
12 19 1 1 10 
10 1 20 11 
9 4 2 11 11 
8 1 4 1 9 1 1 10 
7 1 4 1 10 7 1 1 
6 3 1 18 1 
5 2 3 13 2 
5 2 2 1 2 2 2 12 1 
5 2 2 1 2 2 1 11 1 1 
5 1 1 16 
5 2 1 4 16 
5 2 1 2 19 
5 1 3 3 15 
5 2 1 2 9 14 
5 2 1 2 11 13 
5 2 1 2 6 3 11 
4 6 3 10 
2 1 3 3 9 
1 8 4 
1 8 
11 
11 
3 6 
3 6 
3 6 
12 
27 
