#4.221 
#nonogram 2851

4 4 
1 2 1 1 
1 3 1 1 
6 2 1 
5 7 
4 6 7 
6 5 7 
5 5 5 6 
3 8 6 6 
2 11 3 4 2 
1 15 8 1 
8 2 1 11 
6 3 1 2 2 6 
6 1 1 1 1 1 7 
9 2 1 1 1 8 
9 3 2 9 
9 2 1 1 1 8 
9 1 1 1 7 
7 1 2 2 6 
6 2 1 2 5 1 
6 1 2 8 6 
16 3 2 2 
1 13 3 2 1 1 
2 11 4 4 1 
3 9 5 3 1 
5 5 4 3 1 
7 5 2 1 
5 4 4 
4 1 
6 
/
6 6 
5 11 5 
4 13 4 
3 15 3 
3 15 3 
1 17 2 
18 1 
5 5 5 
4 6 7 
4 1 4 1 5 
7 6 
4 3 6 
3 3 4 
2 2 1 1 1 4 
1 1 1 2 3 2 
1 3 4 2 2 
1 8 9 5 
10 2 1 3 6 
8 2 2 2 1 7 
7 3 1 4 6 
8 3 6 4 
3 5 7 2 
16 3 1 
19 6 1 
1 6 9 2 4 
1 5 9 1 1 
1 6 8 1 1 
1 17 1 
1 3 2 1 
3 6 
