#4.231 
#nonogram 2480

2 1 19 
4 4 7 6 
5 5 1 3 4 
5 8 7 
15 1 2 
5 5 2 7 2 3 
7 4 1 2 2 1 2 2 
7 3 2 2 2 1 1 1 
6 8 4 2 2 2 
7 2 7 5 1 1 3 
10 1 2 4 4 3 3 2 
10 2 2 2 2 1 1 1 1 1 
6 1 1 1 2 4 3 3 2 
2 1 2 2 2 5 1 1 3 
3 2 9 2 2 2 
3 2 9 2 1 1 1 
3 1 2 12 2 1 2 2 
2 1 4 13 2 2 3 
3 2 6 11 5 
1 1 6 5 3 8 
2 3 4 5 1 4 6 
1 2 2 3 2 6 2 2 
2 1 3 3 3 4 3 2 
4 2 10 3 2 2 
9 10 3 2 1 
/
6 
3 1 2 
2 2 1 1 
2 4 3 3 
8 2 3 2 
8 1 3 1 1 
10 1 2 1 
9 2 2 1 
8 6 1 1 
1 6 3 3 3 
4 3 6 2 
11 9 1 
10 8 
9 3 6 
6 1 1 4 
1 1 6 
3 1 7 
4 2 2 8 
3 7 10 
6 1 12 
6 3 2 5 3 
13 3 2 2 
2 3 5 3 4 
1 5 3 1 3 3 
2 2 1 1 4 4 
3 2 3 2 2 2 
4 2 2 3 2 
5 7 4 2 
2 3 4 4 6 1 
2 1 3 1 1 1 5 2 
2 1 2 2 2 2 
1 1 3 1 1 3 3 2 
1 2 2 3 3 2 3 2 
3 1 1 1 1 1 4 1 
3 2 3 3 2 1 1 1 
3 3 1 1 3 1 2 
2 2 2 2 2 
2 1 1 1 2 1 
2 2 2 2 
1 3 2 
