#4.242 
#nonogram 2857

1 
13 3 
1 1 1 1 3 1 
5 1 1 1 1 1 3 
1 3 6 
13 2 7 
1 7 
6 
5 
3 4 
4 5 
5 7 
12 7 
16 8 
2 4 2 9 
1 4 2 9 
2 4 4 1 9 
1 3 1 2 2 1 9 
1 1 4 1 10 
1 3 4 1 10 
1 1 3 1 10 
1 4 4 2 3 7 
1 4 1 2 1 2 6 
1 4 2 3 5 
2 4 2 9 
2 13 9 
17 9 
11 3 2 
4 8 
4 6 
/
1 9 
1 2 2 
1 1 1 2 
1 2 3 1 
5 1 1 1 
1 1 1 1 
3 1 14 
1 1 16 
3 1 16 
1 1 5 2 7 
3 1 2 3 
1 1 2 2 2 3 
1 1 1 2 1 1 3 1 
1 1 5 2 2 5 
1 1 5 2 2 5 
1 1 4 5 
5 4 1 1 4 
1 1 4 5 4 
7 4 4 
1 1 3 3 
1 1 4 
4 13 
4 9 7 
4 11 7 
4 12 6 
5 17 2 
22 2 
22 2 
24 
5 16 
