#4.240 
#nonogram 311

3 4 
6 1 3 
1 10 1 4 
2 11 6 
15 6 
5 10 1 4 
7 9 1 4 
10 8 6 
11 6 6 
4 1 4 
1 1 4 
2 5 6 
3 10 2 4 
3 10 7 4 
3 10 7 4 
25 4 
24 4 
3 10 7 4 
3 10 7 4 
3 10 7 4 
2 10 7 4 
9 7 4 
2 4 4 
3 4 
1 9 6 4 
3 10 7 4 
3 10 7 4 
25 4 
24 4 
3 10 7 4 
3 10 7 4 
2 10 7 4 
10 7 4 
2 8 7 4 
4 3 7 4 
4 1 4 
4 3 5 4 
4 3 5 5 
4 4 3 4 
4 4 2 4 
4 4 1 3 
4 4 2 
4 5 
4 3 
4 2 
4 
4 
3 
1 
1 
/
1 1 
2 2 
8 6 
1 10 7 
2 10 8 
2 2 2 1 
3 2 2 2 
4 10 10 2 
5 11 10 3 
6 11 15 
7 11 10 4 
5 11 10 4 
2 3 10 10 4 
4 2 10 10 1 4 
5 10 11 2 4 
6 11 11 3 4 
6 11 10 3 4 
8 2 2 1 3 6 
8 10 11 6 7 
9 10 11 2 4 4 
10 9 11 3 4 2 
10 10 11 4 4 
11 10 11 4 3 
10 11 2 
12 10 11 3 
1 2 2 1 4 
41 
40 
38 
36 
