#4.259 
#nonogram 2143

7 
13 
16 
17 
18 3 
17 7 
17 10 
17 14 
17 16 
17 18 
17 20 
16 20 
36 
31 
26 
3 21 
3 17 
3 12 
2 2 9 
21 
21 
2 2 9 
3 12 
3 17 
3 21 
26 
31 
36 
16 20 
17 20 
17 18 
17 16 
17 14 
17 10 
17 7 
18 3 
17 
16 
13 
7 
/
3 1 1 3 
7 1 1 7 
10 2 2 10 
11 1 1 11 
13 2 2 13 
14 1 1 14 
15 2 2 15 
15 1 1 15 
16 2 16 
16 4 16 
17 4 17 
16 2 16 
17 2 17 
38 
36 
36 
34 
32 
24 
16 
20 
26 
13 2 13 
14 2 14 
13 2 13 
13 2 13 
12 2 12 
11 2 11 
11 2 11 
9 9 
9 9 
9 9 
7 7 
7 7 
7 7 
6 6 
5 5 
4 4 
4 4 
3 3 
