#4.258 
#nonogram 1716

19 
19 
5 20 
8 21 
2 3 22 
1 4 3 22 
1 5 4 22 
1 6 15 9 
1 7 15 4 
10 17 
10 17 
3 8 17 3 
3 10 22 
2 12 22 
2 14 13 2 2 
1 14 1 9 1 2 
1 14 7 1 1 2 3 
1 15 5 1 7 
2 1 12 2 1 7 
1 2 10 2 2 10 
1 2 10 2 11 
2 1 10 2 14 
2 1 9 2 17 
1 5 1 14 2 
2 3 2 3 6 2 
11 4 3 4 4 1 
14 2 1 8 
8 3 9 
6 13 
4 12 
12 
12 
11 
/
5 
2 4 
2 3 2 
2 5 3 
2 4 2 2 
9 6 3 1 
3 2 6 1 2 
2 6 12 2 
2 19 2 
2 19 2 
2 19 2 
2 17 4 
3 16 5 
3 15 6 
3 15 5 
3 12 4 
4 3 5 4 
5 2 4 
10 3 
14 3 
24 
24 
18 1 
18 3 
18 4 
17 1 4 
16 1 3 2 
18 1 4 3 
15 5 5 
7 9 6 6 
7 6 8 5 
8 6 7 6 
8 5 6 7 
8 14 8 
8 11 9 
8 2 6 9 
9 2 6 8 
9 3 8 7 
9 4 8 7 
9 4 7 8 
