#4.253 
#nonogram 1013

2 
3 
9 
9 
7 
4 2 
5 2 
3 2 2 
3 3 2 
3 3 2 
3 2 2 
3 2 2 
4 2 6 
9 8 
8 2 2 4 
8 1 2 2 1 
6 1 6 1 
1 4 2 2 1 6 1 
11 2 1 5 1 
10 2 1 5 1 
4 2 2 1 3 2 1 
2 2 1 3 2 1 
2 2 1 3 2 1 
2 2 1 2 2 1 
2 2 1 2 2 1 
6 1 2 2 1 
6 1 3 2 1 
8 1 3 2 1 
5 2 1 3 2 1 
4 6 1 2 2 1 
4 6 1 2 2 1 
3 6 1 2 2 1 
3 6 1 3 2 1 
3 6 1 3 2 1 
3 6 1 3 2 1 
3 6 1 2 2 1 
3 6 1 2 2 1 
6 6 1 2 2 1 
15 1 3 2 1 
3 9 1 3 2 1 
3 6 1 6 1 
6 6 1 5 1 
14 1 5 1 
12 1 3 1 
9 2 2 
6 2 2 
6 6 
4 
/
2 11 
2 13 
2 13 
2 2 2 3 
4 2 2 3 
4 2 2 3 
4 2 2 3 
3 4 2 2 3 
4 2 2 2 3 
33 
17 17 
7 3 18 
3 4 3 18 
3 34 
3 35 
3 2 2 
2 3 31 1 
5 2 2 
8 2 2 3 3 3 3 2 
41 2 
3 36 2 
3 2 4 4 2 
42 2 
42 2 
4 2 2 
2 31 
