#4.254 
#nonogram 15405

21 
15 2 
14 1 
14 1 
12 1 1 
11 1 4 2 
21 
9 5 
8 2 2 
7 2 3 
5 1 2 4 
4 1 3 3 
3 2 8 
1 8 4 
1 3 2 4 
3 2 1 4 
3 2 4 4 
3 9 2 
3 4 5 2 
3 3 7 1 
1 2 1 7 2 
2 2 1 6 2 
3 2 1 5 3 
5 4 2 4 
4 7 4 
7 1 1 3 
10 3 
3 3 1 5 
2 4 7 
2 10 2 
1 5 4 2 
1 3 3 2 
3 2 9 
3 2 4 6 
3 4 2 2 
3 1 1 1 
3 4 1 1 1 
2 2 1 3 
1 1 5 3 
1 2 9 
1 11 
2 4 9 
18 
19 
/
14 
13 
13 
12 23 
11 6 9 6 
10 5 6 5 
13 4 1 
9 2 8 9 7 
8 10 11 2 3 
7 3 3 9 1 1 2 
7 2 2 5 1 3 1 1 3 
5 1 1 2 4 2 2 1 3 
4 1 5 6 2 1 2 1 3 
7 5 7 2 6 4 3 
2 2 5 9 8 2 2 
1 5 2 7 6 1 1 2 
1 4 1 2 5 4 2 6 
1 3 6 4 3 2 6 
1 11 2 10 6 
1 1 9 11 6 
2 2 1 3 4 2 6 
5 4 5 2 5 
8 10 
7 
8 
