#4.255 
#nonogram 2155

17 
17 11 
17 19 
9 3 3 18 
9 3 3 19 
6 3 3 19 
4 3 3 19 
4 4 3 3 15 
6 3 3 3 15 
7 4 3 2 15 
8 3 3 3 
8 4 3 2 16 
3 5 3 3 2 17 
4 4 11 17 
4 5 10 16 
4 4 10 16 2 
4 5 16 3 
4 4 9 4 4 
4 5 20 4 5 
4 4 19 4 5 
4 4 18 4 5 
4 5 17 4 5 
4 4 18 4 5 
4 4 19 4 5 
4 5 20 4 5 
4 4 9 4 4 
4 5 16 3 
4 4 10 16 2 
4 5 10 16 
4 4 11 17 
3 5 3 3 2 17 
8 4 3 2 16 
8 3 3 3 
7 4 3 2 15 
6 3 3 3 15 
4 4 3 3 15 
4 3 3 19 
6 3 3 19 
9 3 3 19 
9 3 3 18 
17 19 
17 11 
17 
/
17 
2 25 2 
5 29 5 
5 29 5 
5 5 5 5 
5 6 6 5 
6 7 7 6 
6 9 9 6 
7 9 9 7 
8 8 8 8 
10 15 10 
3 7 11 7 3 
5 7 7 7 5 
7 7 3 7 7 
9 5 2 1 2 5 9 
3 6 3 3 3 3 6 3 
5 9 4 4 9 5 
7 7 9 7 7 
7 5 9 5 7 
6 3 9 3 6 
2 9 9 9 2 
5 6 9 6 5 
6 3 9 3 6 
6 7 6 
6 1 7 1 6 
6 2 7 2 6 
7 4 7 4 7 
9 6 7 6 9 
9 6 7 6 9 
9 6 7 6 9 
9 6 7 6 9 
8 6 7 6 8 
8 6 7 6 8 
8 6 7 6 8 
8 6 6 8 
8 21 8 
8 21 8 
8 21 8 
8 21 8 
6 6 6 6 
4 5 7 5 4 
2 4 9 4 2 
3 11 3 
1 13 1 
13 
