#4.250 
#nonogram 2946

38 2 23 
37 2 23 
23 10 3 21 1 
21 3 7 3 16 2 2 
18 7 5 3 10 3 4 
16 11 3 3 5 16 
14 13 1 3 2 22 
3 6 17 3 26 
2 4 4 50 
1 7 2 49 1 
1 9 46 2 
51 5 
46 13 
43 17 
1 39 14 
2 48 10 
2 2 5 42 5 
3 1 1 47 3 
4 7 49 2 
12 49 2 
13 48 2 
14 9 7 28 2 
15 8 1 16 1 
15 10 20 8 1 
14 11 28 4 1 
14 11 32 3 1 
13 12 32 3 1 
12 2 8 34 2 1 
11 3 1 36 2 
10 3 50 
3 
2 3 
3 3 
3 3 
3 3 
3 3 
3 2 
3 1 
3 1 
3 2 
3 1 
3 1 
5 
4 
3 
/
11 16 14 
9 3 15 14 
8 6 13 13 
7 9 12 2 
7 10 11 4 
7 8 12 5 
7 8 13 3 
8 8 12 3 
8 8 12 3 
9 7 12 3 
9 7 11 3 
10 6 10 3 
10 5 7 3 
7 9 5 3 
6 14 2 3 
6 15 3 1 
5 16 4 2 
5 22 1 
4 23 1 
4 23 1 
4 23 1 
3 24 1 
3 24 1 
2 25 1 
2 18 6 1 
2 18 4 2 
3 18 3 
3 18 7 
4 17 7 
5 15 7 
6 15 7 
7 14 7 
6 15 7 
5 15 8 
4 17 7 
3 3 14 7 
2 3 14 7 
1 3 1 14 7 
2 2 14 7 
3 2 15 7 
2 3 15 7 
4 7 7 7 
6 7 7 7 
5 8 7 7 
5 7 7 7 
5 7 7 7 
5 7 7 7 
5 6 8 6 
5 6 1 8 6 
4 7 1 8 6 
4 7 1 8 6 
4 7 2 7 6 
4 6 3 7 6 
4 6 3 7 6 
4 6 3 7 6 
4 6 4 7 5 
3 7 4 7 5 
3 7 4 7 5 
3 7 4 7 5 
4 6 4 8 3 
4 5 6 9 2 
3 6 6 10 1 
2 7 7 6 1 
2 6 12 2 
3 4 21 
