#4.268 
#nonogram 9074

2 6 
3 6 
2 7 
3 1 8 
3 2 8 
6 9 
7 12 
1 5 15 
6 4 10 
1 5 6 10 
15 9 
12 3 9 
10 5 10 
9 5 9 
8 6 8 
8 4 2 8 
9 4 2 8 
9 4 2 9 
9 4 4 7 
9 5 2 7 
9 4 1 6 
11 4 6 
15 7 
17 7 
29 
28 
3 22 
3 6 7 
5 6 
5 6 
4 1 4 
2 1 3 
2 2 2 
2 2 2 
1 1 2 
3 3 1 
8 
/
1 1 
1 1 8 
17 
19 
22 
26 
4 24 
2 3 19 
1 16 3 
1 4 10 2 
3 7 2 
2 6 2 
3 6 2 
2 5 5 1 
2 16 2 1 
20 3 1 
20 4 
2 4 9 
2 4 5 
1 3 5 
1 2 4 
2 2 3 
2 3 3 
4 1 2 3 
9 2 3 
15 3 2 
18 6 5 
34 2 
30 1 
31 1 
32 1 
35 1 
37 
