#4.263 
#nonogram 1933

6 3 6 
2 5 3 5 2 
3 4 3 4 3 
3 3 3 3 3 
1 3 2 1 2 3 1 
2 2 5 2 2 
3 1 9 1 3 
5 3 1 3 5 
5 3 1 3 5 
4 2 1 3 1 2 4 
2 5 2 
4 2 3 3 2 3 
11 11 
4 2 3 3 2 3 
2 5 2 
4 2 1 3 1 2 4 
5 3 1 3 5 
5 3 1 3 5 
3 1 9 1 3 
2 2 5 2 2 
1 3 2 1 2 3 1 
3 3 3 3 3 
3 4 3 4 3 
2 5 3 5 2 
6 3 6 
/
6 3 6 
2 5 3 5 2 
3 4 3 4 3 
3 3 3 3 3 
1 3 2 1 2 3 1 
2 2 5 2 2 
3 1 9 1 3 
5 3 1 3 5 
5 3 1 3 5 
4 2 1 3 1 2 4 
2 5 2 
4 2 3 3 2 4 
11 11 
4 2 3 3 2 4 
2 5 2 
4 2 1 3 1 2 4 
5 3 1 3 5 
5 3 1 3 5 
3 1 9 1 3 
2 2 5 2 2 
1 3 2 1 2 3 1 
3 3 3 3 3 
3 4 3 4 3 
2 5 3 5 2 
6 1 6 
