#4.27 
#nonogram 11581

1 14 7 2 
2 6 4 1 2 
7 5 2 2 1 
11 14 3 1 
3 15 1 2 5 1 
1 9 3 5 1 
5 1 7 2 3 
9 11 1 3 
19 5 2 4 
18 1 4 8 
12 5 4 9 
9 4 3 5 9 
14 10 9 
26 10 
8 16 2 4 2 
7 15 3 2 
7 13 9 
6 12 10 
6 11 3 6 
6 11 6 3 
6 10 10 
6 10 9 1 
3 9 2 4 4 1 
1 8 1 10 1 
9 2 6 2 
2 5 6 3 2 
8 6 2 9 3 
9 11 5 4 3 
11 4 2 1 2 7 3 
12 10 3 
10 3 3 3 4 
11 13 4 
16 9 5 
18 3 2 6 
20 14 
/
1 22 9 
4 17 9 
4 17 9 
2 16 9 
2 16 9 
1 3 15 9 
1 3 10 9 
1 2 8 9 
1 3 7 8 
1 3 3 6 7 
2 3 12 1 2 4 
2 3 14 2 1 3 
2 2 2 12 4 3 
2 2 16 4 3 
2 2 3 12 3 3 
2 3 3 12 3 3 
1 3 19 1 1 2 
1 2 19 2 1 2 
1 2 2 15 2 2 1 
3 1 1 14 1 3 1 
2 2 14 2 4 
2 3 6 1 2 5 
2 10 1 1 2 3 
3 10 2 6 1 
1 1 9 1 3 4 1 
1 1 9 10 1 
2 5 13 2 1 
6 15 7 2 
4 21 4 2 
2 3 6 3 12 1 
1 3 6 6 2 4 1 
5 7 13 2 
13 3 8 3 
11 10 5 
8 9 9 
2 11 11 
6 2 14 
