#4.42 
#nonogram 2413

4 1 1 1 
7 2 1 
2 8 3 
2 2 9 2 
4 2 3 5 2 
5 3 3 5 2 
6 3 4 4 5 2 
7 3 7 4 5 2 
5 8 4 9 4 5 2 
2 10 4 6 4 4 4 2 
1 8 5 3 1 4 3 6 
1 4 3 3 5 2 4 5 2 5 
2 4 3 3 5 8 3 2 4 
2 8 5 12 3 2 
14 5 18 
14 5 18 
2 8 5 12 3 2 
2 4 3 3 5 8 3 2 4 
1 4 3 3 5 2 4 5 2 5 
1 8 5 3 1 4 3 6 
2 10 4 6 4 4 4 2 
5 8 4 4 4 4 5 2 
7 3 3 3 4 5 2 
6 3 4 4 5 2 
5 3 3 5 2 
4 2 3 5 2 
2 2 9 2 
2 8 3 
7 2 1 
4 1 1 1 
/
5 5 
2 6 2 
1 2 1 
1 2 2 2 1 
1 2 2 2 1 
2 2 2 2 2 
1 2 2 2 1 
3 4 3 
16 
20 
22 
8 4 8 
26 
1 22 1 
1 18 1 
3 3 
22 
20 
18 
14 
10 
1 1 
14 
16 
4 6 4 
4 8 4 
4 8 1 1 
3 10 3 
3 4 8 4 3 
5 4 6 4 5 
7 4 4 4 7 
8 3 4 3 8 
4 4 2 4 2 4 4 
4 4 1 4 1 4 4 
5 3 2 2 2 3 5 
5 3 1 2 1 3 5 
5 2 1 2 1 2 5 
5 2 4 2 5 
5 8 5 
5 6 5 
1 5 5 1 
1 5 5 1 
3 4 4 3 
12 12 
13 13 
