#4.46 
#nonogram 2531

5 7 
12 6 
4 8 
10 
11 
1 2 4 10 
3 8 10 2 
2 1 9 1 14 
1 3 8 4 13 
1 4 4 6 5 7 
2 4 5 2 1 3 8 
5 4 6 2 3 8 
3 8 7 4 5 2 
3 10 4 1 5 3 2 
3 10 5 1 5 2 
2 4 5 4 2 9 1 
3 8 7 12 
3 7 4 3 12 
3 3 1 1 2 1 5 4 
4 1 2 3 2 
4 1 
3 
3 
2 
1 
/
4 2 
1 7 
3 7 
2 5 3 
6 3 2 
2 2 5 1 
1 2 1 6 1 
4 7 2 
4 4 8 
5 12 
5 11 
4 6 2 
1 4 1 7 
2 3 2 3 
2 2 3 2 
3 10 
3 9 1 
3 2 8 
2 9 2 
1 4 1 1 2 1 
1 2 3 4 
1 1 2 2 1 1 
1 4 2 1 2 
2 15 
1 15 
1 16 
1 7 6 
1 7 3 4 
14 3 
14 3 
13 3 
12 4 
5 5 3 
4 9 4 
3 10 4 
