#4.69 
#nonogram 1143

22 
22 
1 13 4 
5 8 4 
13 6 4 
17 5 4 
19 1 8 
20 1 8 
21 1 8 
13 8 2 7 
14 8 2 7 
14 8 2 7 
16 7 2 7 
16 7 2 4 2 
17 6 2 4 2 
18 4 2 4 2 
20 1 3 4 2 
23 8 2 
23 9 1 
23 9 1 
23 11 
22 3 7 
22 3 7 
21 3 7 
16 1 3 7 
13 5 4 6 
12 8 3 6 
20 3 6 
21 2 6 
21 3 5 
20 3 4 
20 3 4 
20 3 4 
19 3 4 
19 3 5 
18 4 5 
15 5 5 
3 14 5 6 
4 13 5 6 
3 13 12 
16 12 
17 3 8 
17 3 8 
8 10 3 8 
7 10 3 4 3 
6 10 3 4 3 
17 3 4 3 
15 2 5 3 
14 2 5 3 
14 2 5 3 
15 2 9 
15 2 9 
4 10 2 9 
4 9 2 10 
5 7 2 10 
13 2 10 
12 2 11 
10 15 
6 9 6 
1 2 5 5 6 
3 6 5 6 
9 6 6 
7 7 7 
23 
23 
/
9 
13 
16 
19 2 
23 2 3 
27 3 6 
41 
32 10 5 
33 17 
54 
40 12 
39 1 6 11 
51 4 5 
54 4 5 
2 57 4 
2 6 14 33 4 
2 9 11 33 5 
3 10 10 32 6 
3 11 8 33 3 2 
3 11 8 32 4 2 
3 12 7 31 4 3 
3 12 7 11 7 8 5 3 
4 31 6 4 
4 11 10 19 8 
5 10 7 17 9 
28 12 12 
6 32 18 
9 4 37 2 
25 8 19 3 
29 28 
2 59 
44 15 
13 47 
18 45 
30 29 
