#4.7 
#nonogram 2451

1 3 
3 1 
1 2 1 1 
3 1 1 1 
3 1 4 2 1 
3 1 8 2 1 
4 2 11 5 
4 2 13 3 
4 1 1 14 2 
4 2 1 5 1 8 1 
1 3 1 2 6 1 6 1 
3 2 2 2 6 1 8 
1 1 5 2 3 2 8 
4 5 2 2 5 4 2 
7 1 2 4 4 2 1 
1 5 2 3 4 4 
3 5 1 12 5 2 
1 1 6 13 6 2 
4 6 1 1 1 1 6 4 3 
6 1 5 6 
6 1 4 4 
4 1 4 1 
3 
3 
2 
/
2 2 
1 1 1 1 
1 1 1 1 
4 4 
1 1 4 1 2 
1 19 
22 
11 10 
1 11 
20 
2 1 1 2 
1 4 2 
7 2 
2 
10 
10 
6 4 
6 2 2 
6 2 3 
4 2 2 2 1 
5 3 3 
5 3 4 1 
7 6 
6 9 1 
17 
10 4 1 
9 3 6 
7 5 5 
6 6 2 
2 1 5 6 
1 5 4 5 
1 6 1 3 
1 2 1 3 
2 4 
2 
