#4.70 
#nonogram 2868

8 
11 
13 
8 4 
3 3 2 4 
2 3 2 4 
3 3 5 
2 7 1 
2 6 1 
3 4 2 6 
2 6 8 2 
1 4 1 9 1 
3 4 8 3 
3 6 2 1 3 
3 3 5 4 
4 2 11 
1 3 10 
1 11 
21 
14 5 4 
10 6 4 
4 4 1 8 3 
4 6 3 4 1 2 
3 3 6 5 3 
2 4 2 4 10 
2 4 2 6 2 5 
8 6 3 4 
15 9 
12 5 3 
7 2 
/
5 
7 
4 2 
3 5 
3 5 
2 6 
3 1 2 7 
6 3 1 1 5 4 
7 1 1 1 5 2 3 
4 4 2 1 5 2 3 
6 3 1 2 6 4 
7 3 2 1 3 8 
8 3 1 1 2 1 7 
4 3 3 1 3 8 
3 2 7 2 11 
3 2 4 2 2 6 3 
4 4 1 2 6 2 
10 13 
7 9 7 
4 5 5 7 
9 6 4 3 
3 8 3 2 
12 1 2 2 
13 6 
4 2 2 9 
1 1 1 1 3 7 
1 2 2 3 3 
2 4 2 3 
5 2 2 
2 
