#4.88 
#nonogram 427

1 
2 11 
3 14 
20 7 
20 8 
3 7 9 
3 5 9 
3 7 9 
3 7 9 
3 5 9 
3 7 9 
3 7 8 
3 5 7 
20 6 
20 4 
18 6 
7 7 
7 8 
1 5 9 
3 7 9 
5 7 9 
6 5 9 
5 7 9 
3 7 9 
1 5 8 
2 7 7 
3 7 6 
18 4 
20 4 2 
20 4 4 
3 5 4 4 
1 7 4 4 
12 2 
2 3 
7 4 
7 6 
7 6 
5 5 
4 
3 
/
16 3 
15 6 
14 7 
2 3 5 
2 3 3 
2 3 3 
2 3 1 3 
2 3 3 3 3 
2 3 3 3 4 
2 3 5 3 4 
2 3 5 3 4 
2 3 7 3 4 
2 3 3 5 
35 
32 
32 
32 
32 
5 2 2 2 2 2 2 2 2 2 
5 2 2 2 2 2 2 2 2 2 
2 1 
32 
33 
35 
36 
12 12 4 
12 12 3 5 
10 10 5 5 
8 8 5 5 
6 6 3 4 
