#4.97 
#nonogram 1891

43 
4 21 11 
3 5 17 2 8 
2 9 10 6 6 
2 10 7 5 8 5 
2 10 5 8 7 4 
3 10 3 11 8 3 
3 10 11 8 
3 27 11 
3 27 11 
4 27 7 2 
4 5 19 6 3 
5 7 6 6 5 4 
4 7 6 6 5 4 
5 8 6 5 5 4 
15 8 4 5 4 
26 3 5 4 
26 4 4 4 
15 3 5 3 4 4 
15 2 2 5 3 4 4 
14 2 3 5 3 5 3 
14 2 4 4 3 5 2 
14 2 4 4 3 6 
16 3 5 4 7 
4 12 6 5 6 
5 8 12 6 6 
5 6 11 7 6 
8 5 11 8 6 
10 5 9 9 6 
23 11 5 
23 15 5 
23 15 5 
24 14 5 
8 29 5 
6 21 6 
18 9 
15 11 
13 13 
13 13 
11 4 7 
5 2 6 
4 
4 
3 
2 
/
4 
6 
12 8 
12 8 
3 6 7 10 
2 3 2 21 
1 8 23 
1 33 
1 32 
1 22 6 
1 11 11 6 
2 9 13 5 
2 8 15 5 
2 8 22 
3 7 22 
4 29 
6 28 
7 18 9 
7 12 2 1 10 
7 5 3 20 
6 4 1 24 
5 14 16 
5 13 4 16 
4 13 5 4 9 
4 13 5 4 2 8 
3 15 2 5 11 
3 10 6 6 11 
3 8 14 10 
3 10 13 11 
3 11 11 12 
3 11 7 12 
2 2 12 11 1 
1 4 13 11 4 
1 6 26 4 
2 7 18 4 
2 14 14 3 
2 18 11 4 
3 19 10 4 
3 20 5 5 
4 23 7 
5 6 21 
6 3 8 22 
7 2 10 22 
7 14 22 
7 14 22 
