#5.1 
#nonogram 2415

2 3 3 2 2 3 1 2 3 
2 3 3 2 3 2 3 3 4 
1 3 1 1 2 2 3 4 2 4 2 
1 2 4 6 3 2 4 2 6 1 
1 6 18 2 3 4 
1 2 31 2 2 
1 2 14 17 1 
17 4 13 
13 11 5 2 
2 6 20 3 
1 2 3 24 4 
1 1 2 10 24 
1 3 14 22 
4 2 12 16 2 
1 1 1 1 2 8 5 15 2 
5 1 11 5 14 
3 1 12 3 14 
3 1 17 1 13 2 
2 2 18 2 14 2 
7 6 7 1 17 
4 3 5 6 18 
4 9 1 23 
2 1 7 2 19 
1 1 6 5 16 1 
1 6 4 11 2 
6 3 2 3 1 
5 3 2 2 
4 3 
2 3 
2 
/
4 2 2 2 
3 2 1 2 3 
6 5 4 
6 4 2 4 
3 13 
10 2 
10 7 2 
1 7 2 5 4 
2 7 1 2 11 
1 8 2 5 8 
8 3 4 6 
4 4 17 
2 5 16 
1 6 15 
1 5 14 
2 5 13 1 
8 11 4 
1 4 10 7 
6 12 7 
3 2 3 2 5 4 
1 3 4 3 6 2 
5 5 3 5 1 
6 5 2 6 
2 2 6 3 5 
5 5 3 5 
7 5 4 3 
3 3 6 2 3 
1 4 9 5 
5 17 
7 16 
3 3 17 
3 4 18 
1 5 16 1 
3 3 16 
3 5 16 
2 6 15 
1 3 4 16 
2 5 14 1 
9 13 
4 2 15 
1 2 2 13 1 
2 2 1 5 4 1 1 
1 1 2 3 3 
1 1 1 4 4 
4 4 
