#5.107 
#nonogram 9481

16 2 7 
16 1 2 2 1 1 
16 1 1 2 2 1 1 
16 2 2 1 1 1 1 1 
15 1 1 2 2 4 
13 1 2 5 1 
13 1 14 
12 1 2 4 1 
12 3 1 2 2 4 
10 4 3 1 1 1 1 1 
9 5 1 2 2 1 2 
6 6 1 1 1 4 
5 7 4 7 1 
4 1 5 5 2 1 
4 1 1 1 4 3 1 
3 13 1 3 1 
1 3 4 3 2 1 
1 4 7 1 2 1 
1 4 6 1 1 1 
1 5 9 2 1 1 
1 6 10 1 1 1 
1 22 1 1 1 
1 7 8 3 1 1 
1 2 5 9 2 1 1 
1 1 5 8 2 1 1 
1 7 11 1 1 
1 6 10 1 1 1 
1 16 3 1 1 1 
1 5 9 2 1 1 
1 4 10 2 1 
1 4 5 2 2 1 
1 4 5 1 2 1 
1 14 1 3 1 
1 10 3 1 3 1 
2 8 2 3 2 
4 7 1 2 4 1 
5 1 2 2 2 
6 1 1 3 1 
19 1 6 2 
20 1 3 6 
19 1 1 2 2 
19 2 1 1 1 1 
20 1 5 
/
43 
16 9 
16 2 8 
15 2 2 8 
13 3 2 7 
12 10 6 
11 15 5 
11 19 5 
11 23 5 
10 1 11 9 5 
9 2 1 1 1 4 5 
9 2 1 1 1 4 5 
7 2 1 1 1 4 5 
5 2 1 1 1 4 5 
5 5 1 1 1 4 5 
4 5 1 2 2 3 5 
4 2 5 4 3 5 
30 5 
4 4 18 5 
1 6 22 1 1 
2 3 2 2 18 
1 2 1 2 1 3 10 3 9 
3 1 1 1 1 1 1 13 3 2 
1 2 2 4 1 2 11 7 
2 5 1 3 3 5 2 5 2 1 
14 4 2 2 5 1 2 1 
1 1 3 1 4 1 4 1 3 1 2 3 
2 1 3 1 2 1 2 9 2 1 6 1 
1 1 1 1 1 3 1 3 3 1 5 2 
1 2 1 2 1 9 2 1 1 
1 1 1 1 2 1 1 3 
2 1 3 2 3 
3 22 3 
