#5.102 
#nonogram 9506

26 
7 6 6 
6 5 7 
7 5 7 
8 1 5 2 7 
8 3 5 3 8 
8 3 5 4 8 
8 4 5 4 9 
9 2 1 1 13 
6 2 1 1 1 8 
5 1 2 1 1 6 
4 1 1 1 1 4 
3 1 5 5 8 2 
2 2 5 5 5 4 2 
2 4 5 5 5 3 1 
1 4 5 5 5 4 1 
1 13 5 5 4 1 
1 5 1 1 
1 5 1 1 
2 7 1 2 
33 8 
9 21 8 
9 21 8 
9 21 8 
9 33 
1 1 1 5 1 
1 1 1 5 1 
1 1 1 5 1 
1 5 5 5 13 1 
2 4 5 5 5 3 1 
2 3 5 5 5 3 2 
3 9 13 1 2 
4 1 1 1 1 3 
6 1 1 1 1 5 
8 1 1 1 9 
13 1 1 2 8 
8 4 12 9 
8 3 5 4 8 
8 3 5 3 7 
7 2 5 2 7 
7 5 7 
7 5 6 
6 5 7 
27 
/
26 
7 6 7 
7 5 7 
7 5 7 
7 2 5 1 7 
7 3 5 2 8 
6 3 5 3 8 
7 4 5 3 8 
14 1 12 8 
9 1 1 1 9 
6 1 1 1 1 6 
5 1 1 1 1 4 
3 7 12 1 3 
2 4 5 5 4 2 2 
2 4 5 5 4 3 1 
1 3 5 5 4 4 1 
1 4 5 5 12 1 
1 5 1 
1 5 1 
1 6 1 
8 32 
8 20 8 
8 20 8 
8 20 8 
32 8 
2 6 1 1 1 
1 5 1 1 1 
1 5 1 1 1 
1 13 5 4 4 1 
1 4 5 5 4 4 1 
1 3 5 5 4 3 1 
2 3 5 5 4 3 2 
3 1 13 8 2 
4 1 1 1 1 4 
6 1 1 1 1 5 
9 2 1 1 8 
8 1 1 1 13 
8 4 5 3 9 
8 4 5 3 8 
8 3 5 2 7 
7 2 5 1 7 
7 5 6 
6 5 6 
7 6 7 
26 
