#5.117 
#nonogram 22090

1 
2 
13 
8 3 1 
2 4 7 
3 3 3 1 
2 2 1 6 
2 1 1 2 1 2 1 
2 3 4 2 5 1 
1 1 2 5 2 4 2 
3 1 4 3 6 
2 1 1 1 3 1 5 
2 1 2 1 4 1 5 
1 1 3 3 1 6 
1 1 2 3 8 
2 1 1 14 
1 2 1 11 
1 4 8 1 
1 5 3 5 1 
1 5 10 5 1 
2 5 10 3 2 
2 18 4 2 
32 
32 
31 
31 
30 
29 
26 
17 
14 
7 3 
5 2 
2 1 
/
6 
4 4 
2 5 
3 5 
1 1 6 
2 1 6 
1 1 4 6 
1 1 14 
2 6 12 
1 3 15 
2 11 
2 9 
1 4 1 8 
1 5 2 2 8 
5 3 2 2 8 
4 7 10 
4 2 1 11 
3 1 11 
2 2 5 11 
1 11 12 
1 1 8 12 
4 3 3 12 
5 5 13 
6 2 4 12 
1 1 1 1 6 13 
2 1 1 11 11 
34 
28 
25 
6 1 10 
1 1 10 
1 13 
3 17 
