#5.110 
#nonogram 2576

3 
1 2 
1 3 
1 3 
1 3 
1 1 
2 2 
9 
11 
2 2 
2 2 
1 1 
1 1 
15 
17 
1 1 
1 1 
1 1 
1 1 1 1 
6 1 
6 1 1 1 
1 3 5 1 
1 1 5 1 
1 3 1 
1 1 1 
1 1 
1 1 
1 1 1 1 
1 5 1 
1 5 1 
1 3 1 
1 1 1 
1 1 
1 1 
1 1 
1 1 1 1 
1 1 1 5 1 
6 5 1 
6 3 1 
1 3 1 1 
1 1 1 
1 1 
1 1 
1 1 
1 1 1 1 
1 5 1 
1 5 1 
2 3 2 
3 1 3 
11 
/
34 
5 2 2 2 
2 2 4 4 1 
2 2 4 4 2 
2 2 4 2 4 1 
2 2 2 4 2 1 
4 3 2 4 1 
1 4 2 4 2 1 
1 3 2 2 2 4 1 
9 2 5 
4 3 2 2 2 4 1 
2 2 4 4 2 1 
2 2 4 4 1 
2 2 4 4 2 
2 2 2 2 1 
5 2 
34 
