#5.115 
#nonogram 3280

2 2 
3 2 6 5 3 
1 2 3 12 3 1 
1 1 13 3 
2 7 1 4 2 
2 8 4 3 2 
2 3 11 4 
3 1 9 1 
1 1 9 7 
13 3 
3 2 11 2 
3 3 9 5 
6 15 3 
2 2 13 2 
15 
12 2 1 
4 5 2 2 1 1 
3 4 3 2 1 1 
3 2 1 8 3 
2 1 14 3 1 
1 1 2 15 1 
1 3 2 7 2 
1 1 3 6 2 
1 2 1 2 8 1 
3 2 1 10 3 
2 3 1 7 5 1 
1 3 3 1 8 2 
2 4 4 2 3 3 
3 3 3 3 6 1 
17 2 
/
6 1 2 1 1 2 1 
2 3 2 3 3 3 
2 3 3 3 2 2 
2 1 6 3 2 2 
2 4 2 3 2 1 
1 1 2 3 1 2 2 2 1 
1 7 2 2 3 
2 1 7 1 1 3 
3 3 2 2 2 
2 4 2 2 1 1 
4 4 2 3 2 1 
14 6 1 1 
15 1 2 5 
14 5 1 3 
14 2 2 2 
14 3 3 1 
14 10 1 
3 10 12 
3 8 10 1 
2 9 10 1 
2 2 2 2 9 
2 2 2 2 11 
2 2 2 1 3 2 2 3 
1 1 2 2 2 1 3 2 
1 2 1 2 1 1 2 1 
2 1 1 1 2 2 1 1 
1 2 1 1 1 1 1 
4 1 2 2 2 1 2 2 
2 4 3 2 1 1 2 1 2 1 
4 3 2 2 6 7 
