#5.123 
#nonogram 6518

16 
19 
23 
14 10 
7 2 9 
6 2 8 
6 2 5 
6 3 
2 4 7 
2 5 1 
2 6 1 
2 7 10 
2 8 2 
2 9 2 
3 6 2 2 
4 4 3 2 
5 3 1 2 1 2 
5 2 2 1 2 
11 3 2 
15 2 
12 2 1 
10 2 1 
10 2 1 
17 2 1 
1 15 1 1 
2 15 1 1 
19 1 
3 14 1 
3 6 7 1 
3 1 6 6 1 
4 7 5 1 
5 2 3 4 1 
5 3 4 1 
5 2 3 4 1 
4 6 4 1 
4 1 5 4 1 
2 2 5 1 1 
1 2 5 2 1 
10 3 
1 1 2 
/
14 3 3 
17 1 2 2 1 
7 6 1 10 1 
14 6 16 
15 5 16 
16 5 4 5 1 
5 9 10 1 3 1 3 
4 8 11 1 1 3 
4 7 14 6 
4 4 15 7 
4 2 15 4 
4 2 19 
4 4 17 
5 3 9 5 
3 2 1 11 
4 2 1 4 8 
5 2 2 4 8 
6 1 3 3 11 
6 2 1 2 2 10 
6 1 1 2 13 
6 1 1 2 8 
5 1 1 2 3 
5 1 1 2 2 
5 1 1 2 2 
3 4 21 
