#5.125 
#nonogram 1039

21 
21 
2 2 2 2 2 1 
2 2 2 2 2 1 
2 2 2 2 2 1 
2 2 2 2 2 1 
3 2 2 2 2 2 1 
2 3 3 2 2 2 2 1 
2 3 3 2 2 2 2 1 
2 3 3 2 2 2 2 1 
2 3 3 2 2 2 2 1 
2 3 3 2 2 2 2 1 
2 9 2 2 2 2 1 
7 9 2 2 2 2 1 
13 9 2 2 2 2 1 
7 9 2 2 2 2 1 
2 9 2 2 2 2 1 
2 3 3 2 2 2 2 1 
2 3 3 2 2 2 2 1 
2 3 3 2 2 2 2 1 
2 3 3 2 2 2 2 1 
2 3 3 2 2 2 2 1 
3 2 2 2 2 2 1 
2 2 2 2 2 1 
2 2 2 2 2 1 
2 2 2 2 2 1 
2 2 2 2 2 1 
2 2 2 2 2 1 
21 
21 
3 2 2 2 1 
4 2 2 2 1 
4 2 2 2 1 
1 3 2 2 2 1 
2 3 2 2 2 1 
2 2 2 2 2 1 
2 3 2 2 2 1 
2 3 13 
2 2 13 
5 1 1 1 1 
5 7 
11 1 1 1 1 
10 1 1 1 1 
8 1 1 1 1 
6 1 1 1 1 
3 1 1 1 1 
2 7 
3 1 1 1 1 
3 1 1 1 1 
2 1 1 1 1 
/
1 
1 
1 
1 
1 
1 
3 
3 
3 3 3 
3 7 6 
3 13 
15 2 7 
17 3 9 
1 1 15 
17 7 4 
15 3 3 
15 3 
5 3 
5 2 
5 2 
15 1 
30 
30 
2 2 
2 2 
30 
30 
2 2 
2 11 
39 
30 2 
2 2 2 
2 11 
50 
30 2 1 1 
2 2 13 
2 11 1 1 
50 
30 2 1 1 
2 2 13 
2 11 
30 
