#5.126 
#nonogram 14774

2 
5 
5 6 
4 1 7 
3 8 
3 4 10 
2 6 11 
6 1 11 
5 11 
3 5 11 
4 4 1 11 
5 6 2 11 
5 8 3 11 
6 11 3 11 
23 11 
24 11 
23 11 
22 11 
21 11 
21 11 
21 10 
24 10 
25 11 
2 38 
29 4 8 
29 2 8 
28 9 
2 25 9 
37 
18 7 
9 3 6 
7 6 
5 6 
4 5 
7 5 
10 5 
10 4 
5 3 
4 3 
4 2 
4 1 
2 
/
1 
3 
5 2 
7 3 
9 5 
10 5 
12 3 
12 5 
3 15 
15 
16 
16 
17 
18 
18 
20 
24 
25 
3 22 
3 3 18 
2 3 18 
2 3 18 
1 2 19 
2 2 20 
2 4 14 
2 2 13 
14 
14 
10 4 
9 4 
9 3 
3 3 3 
3 3 3 
3 3 3 
20 4 3 3 
25 2 4 
23 4 5 
28 6 
29 6 
31 3 
33 1 
33 
34 
35 
35 
