#5.128 
#nonogram 2423

2 3 8 
2 3 9 
2 3 9 
4 2 2 6 1 
8 2 2 2 4 
10 1 1 1 5 
11 2 9 1 3 
4 7 1 13 6 
3 3 4 3 13 5 
3 2 3 2 5 13 4 
2 5 4 13 4 
7 4 12 4 
6 4 5 
7 4 12 4 
2 5 4 13 4 
3 2 3 2 5 13 4 
3 3 4 3 13 5 
4 7 1 13 6 
11 2 9 1 3 
10 1 1 1 5 
8 2 2 2 4 
4 2 2 6 1 
2 3 9 
2 3 9 
2 3 8 
/
5 5 
6 6 
6 6 
4 4 
4 2 2 4 
7 7 
6 6 
5 5 
5 5 
6 6 
5 1 1 5 
1 11 1 
2 5 2 
2 7 2 
2 7 2 
2 5 2 
3 1 3 1 3 
5 5 
9 
9 
1 7 1 
3 3 3 
7 7 
2 6 6 2 
2 6 6 2 
1 6 6 1 
2 6 6 2 
1 6 6 1 
2 6 6 2 
1 6 6 1 
1 4 5 5 4 1 
4 5 5 4 
4 7 7 4 
4 1 4 4 1 4 
4 1 1 3 3 1 1 4 
4 1 2 1 2 1 4 
3 2 11 2 3 
3 1 13 1 3 
3 1 13 1 3 
2 2 13 2 2 
