#5.135 
#nonogram 1643

4 3 31 
1 5 3 17 2 1 1 
2 5 4 6 3 1 1 1 
1 5 10 1 4 5 1 1 
8 2 6 2 3 8 1 
4 2 7 4 2 5 1 1 
3 7 6 3 3 1 1 1 
2 2 4 4 3 3 2 1 1 
6 2 6 2 12 
6 5 1 1 12 
5 2 6 2 1 12 
4 4 4 3 1 12 
3 7 4 1 2 6 6 
3 3 6 4 1 2 5 4 
3 13 2 1 9 3 
3 6 2 5 1 6 3 2 
4 4 9 3 6 2 
5 4 5 15 1 
4 22 1 1 
1 14 1 1 1 
2 1 1 
2 2 1 
1 14 1 2 2 
4 5 7 8 1 2 1 
5 5 2 15 2 1 
4 3 3 8 2 3 3 1 2 
3 10 4 1 10 2 
3 13 2 2 3 2 3 
3 10 4 8 4 
3 7 6 4 7 
4 4 5 2 2 2 4 
5 2 7 1 3 5 2 
6 7 2 2 5 2 1 
6 2 4 4 1 5 3 2 
2 2 4 2 3 1 1 4 5 
3 7 6 2 3 3 
4 10 4 1 5 3 1 
18 2 1 3 3 3 
20 1 8 4 1 
22 16 
/
2 16 17 
1 15 17 
2 4 12 12 5 
6 5 3 3 5 4 
4 4 1 1 4 3 
2 2 2 2 2 2 3 
2 3 4 4 4 
1 3 6 6 5 
3 9 9 7 
1 5 3 5 2 6 7 
2 5 1 5 3 9 1 6 
2 1 3 1 4 2 9 1 6 
7 3 4 3 2 5 3 5 
1 5 3 8 1 4 3 5 
6 3 2 4 2 4 3 4 
6 2 2 7 4 2 5 4 
5 5 6 6 3 1 3 
2 2 3 3 3 2 2 3 3 1 3 
4 2 2 5 5 4 2 2 
4 2 2 5 5 3 5 2 
3 3 3 4 4 2 4 1 
3 5 2 2 4 1 2 4 2 3 1 
2 13 3 3 13 
2 3 3 
3 3 3 3 3 1 
4 3 4 4 3 2 
5 5 2 2 3 
7 4 2 7 5 
19 4 12 
3 7 5 14 2 
2 3 11 4 1 4 4 4 
1 5 7 2 2 5 3 4 
1 5 10 3 2 3 3 
1 5 4 4 3 7 1 
2 3 9 4 8 3 
3 1 7 2 1 4 4 
1 1 6 1 3 4 2 4 
15 5 4 3 2 
1 9 7 3 1 
19 6 7 2 
