#5.137 
#nonogram 9429

21 
31 5 
42 5 
51 
53 
55 
56 
59 
59 
60 
60 
61 
61 
2 60 
3 61 
66 
67 
69 
17 52 
18 49 
17 12 33 
19 33 
20 34 
20 34 
20 34 
20 34 
18 1 3 2 34 
18 1 2 5 11 21 
16 12 10 21 
14 1 12 9 21 
12 2 3 8 9 21 
10 6 2 6 7 21 
5 9 7 8 21 
14 6 6 21 
15 5 6 21 
17 12 21 
18 12 21 
19 12 20 
19 12 20 
33 20 
33 20 
32 2 19 
32 4 19 
32 6 19 
39 18 
7 50 
52 
49 
48 
47 
45 
44 
43 
42 
41 
40 
37 
36 
35 
35 
14 16 
7 15 
5 14 
1 13 
12 
10 
7 
6 
/
7 
11 
13 
14 
15 
15 
17 
18 
20 
20 
19 2 
17 8 
2 18 10 
22 12 
23 13 
22 14 
22 15 
22 15 
15 5 15 
13 4 16 
14 17 
15 16 
16 13 1 
16 14 
18 15 
18 4 16 
18 4 17 
19 6 15 
20 3 15 
20 3 13 
20 1 3 1 14 
20 8 15 
21 29 
21 29 
21 30 
21 30 
21 29 
21 23 
21 1 28 
20 39 
62 
63 
64 
41 20 
33 19 
33 19 
31 19 
30 19 
29 19 
28 20 
27 20 
27 18 
37 16 
40 15 
43 15 
59 
59 
60 
61 
61 
62 
63 
63 
64 
64 
64 
64 
65 
67 
67 
67 
67 
67 
