#5.143 
#nonogram 2757

10 
17 1 
20 2 
23 3 
4 19 4 
3 20 5 
3 22 6 
4 1 20 7 
4 22 8 
6 11 8 2 
6 10 10 
6 1 1 7 8 
8 7 7 
8 5 1 6 
7 1 3 1 2 6 
6 2 3 4 5 
12 4 1 4 
11 3 2 4 
10 3 2 3 
9 3 2 2 3 
8 5 1 3 
8 2 1 1 3 
7 3 2 1 1 3 
5 2 5 3 
4 4 3 4 
4 4 2 5 
4 2 6 
4 2 7 
5 9 
7 2 4 7 
12 5 4 2 
19 8 
16 8 
13 7 
11 6 
/
12 
16 
18 
20 
22 
19 4 
4 2 3 7 4 
3 3 7 3 
2 6 3 
3 3 2 3 3 
2 2 3 1 2 3 
13 2 3 
15 3 
15 3 
14 3 
13 5 
12 4 3 6 
12 4 5 5 
11 7 4 1 5 
10 3 2 1 2 5 
10 1 1 4 
9 4 
9 4 
9 4 
9 5 
9 5 
10 2 1 6 
9 5 5 
9 6 4 
8 5 3 1 
5 8 
2 3 
4 3 5 
6 7 
3 5 9 
4 6 5 4 
5 8 6 4 
6 20 4 
8 18 5 
9 18 5 
