#5.147
#nonogram 18998

1 
2 
4 
5 5 
6 13 
8 7 11 
8 2 3 10 
9 2 16 
5 4 2 17 
6 4 2 17 
6 4 2 20 
7 4 25 
6 5 25 
6 5 25 
7 5 13 5 
7 4 11 7 2 
6 5 9 4 4 
6 5 8 3 3 
6 5 7 2 4 4 2 
5 5 7 2 6 6 2 
5 5 6 2 6 6 2 
4 5 6 1 6 6 1 
4 4 6 2 3 3 1 5 3 2 
3 5 6 1 5 2 1 4 5 1 
2 4 6 2 6 3 3 6 1 
1 4 6 2 7 2 2 7 2 
2 2 6 1 8 1 1 2 4 1 
1 1 1 5 1 8 8 1 
1 2 5 1 1 
1 2 5 1 8 8 1 
3 4 1 4 2 1 1 8 1 
2 3 2 7 2 2 7 2 
1 2 6 3 3 6 1 
1 5 4 1 2 5 1 
2 3 5 1 3 3 2 
1 6 6 1 
2 6 6 2 
2 6 6 2 
2 4 4 2 
3 3 
4 4 
7 
/
7 
13 
16 
20 
18 2 
15 3 5 
14 9 2 
12 11 2 
7 14 2 
22 2 
19 3 
14 8 
7 12 
17 
24 
25 
2 13 
1 11 9 
1 10 4 4 
1 9 3 3 
2 8 2 4 4 2 
2 8 2 6 6 2 
3 8 2 6 6 2 
12 1 6 6 1 
12 2 3 5 1 3 3 2 
2 8 1 5 4 1 2 5 1 
2 8 1 6 3 3 6 1 
2 7 2 7 2 2 7 2 
3 7 1 4 2 1 1 8 1 
10 1 8 8 1 
10 1 1 
10 1 8 8 1 
10 1 8 1 1 2 4 1 
9 2 7 2 2 7 2 
10 1 6 3 3 6 1 
10 1 5 2 1 4 5 1 
10 2 3 3 1 5 3 2 
11 1 6 6 1 
4 5 2 6 6 2 
2 6 6 2 
2 4 4 2 
3 3 
4 4 
7 
