#5.149 
#nonogram 1667

15 18 
12 8 4 
10 5 5 3 
8 11 4 2 
7 15 2 2 
6 3 4 2 1 3 1 1 
5 1 6 1 1 1 3 5 1 
4 7 1 2 3 1 2 5 1 
4 1 2 2 10 1 1 6 
3 7 5 7 2 5 
3 4 3 5 3 1 5 
2 1 2 4 5 3 1 2 5 
2 5 6 2 1 1 1 2 5 
1 1 2 3 3 3 6 1 5 
1 1 6 1 3 1 1 1 2 5 
1 3 1 2 3 1 1 2 1 5 
1 2 6 1 1 7 1 5 
1 3 2 1 2 1 1 2 1 5 
1 1 3 1 2 1 1 2 1 5 
5 1 1 2 7 1 5 
3 1 1 2 2 1 1 1 1 1 1 5 
1 1 4 2 6 2 5 
1 2 3 3 2 6 2 6 
1 2 1 7 5 1 6 
1 4 2 5 1 2 5 
1 3 17 2 5 
1 3 1 4 7 2 6 
2 1 2 2 10 1 2 5 
2 2 1 11 3 4 6 
3 3 1 6 5 3 6 
3 1 1 1 1 9 4 6 1 
4 6 1 1 2 2 1 3 5 1 
5 2 5 1 1 3 1 1 
6 3 4 2 3 2 2 
7 4 6 3 3 2 
8 12 5 3 
10 7 6 3 
12 9 4 
15 19 
/
17 16 
13 12 
11 10 
9 8 
7 1 1 1 1 7 
6 1 2 1 1 1 2 1 1 2 1 6 
5 3 2 2 2 2 1 2 1 5 
4 1 7 3 2 3 4 4 
3 7 4 2 2 1 2 3 3 
3 1 4 3 4 1 4 2 1 3 
2 4 1 1 4 3 4 3 4 2 
2 6 1 2 3 3 2 1 2 2 2 
1 2 3 2 4 2 3 4 4 1 
1 5 3 2 11 5 1 
1 4 2 2 3 2 2 2 2 1 
13 5 10 4 
4 2 3 1 2 8 3 
3 7 4 2 2 6 3 
4 5 3 2 1 5 2 4 
4 1 2 2 2 7 4 
2 5 2 1 1 8 3 
3 4 1 1 2 3 3 1 1 
1 2 4 1 3 6 2 1 
1 1 2 13 7 2 2 
2 2 5 1 1 1 3 4 3 2 
2 2 2 11 2 4 3 
3 2 4 1 1 1 2 6 4 
4 2 2 1 3 4 5 
5 3 7 4 6 
6 4 6 5 7 
4 1 4 6 2 4 
2 3 9 4 2 
1 5 6 1 
1 8 10 1 
1 26 1 
1 24 1 
2 22 2 
3 16 4 
5 10 6 
8 9 
