#5.144 
#nonogram 12217

17 16 
9 2 12 
7 4 10 
6 7 2 9 
5 5 7 3 7 
2 6 6 4 6 
1 1 8 7 4 4 
2 12 6 4 1 4 
3 12 6 4 1 3 
3 12 5 5 2 2 
3 13 5 5 3 2 
3 3 7 5 5 3 2 
3 2 6 11 4 1 
4 2 5 2 7 5 1 
3 1 4 2 13 1 
2 1 2 5 10 1 
1 3 5 1 2 8 
5 9 8 1 
9 12 6 2 
26 4 3 
27 9 
27 9 
27 9 1 
27 8 1 
28 6 
28 5 
27 4 2 
27 9 
27 8 
28 7 1 
27 6 2 
26 4 2 
26 7 2 
26 6 3 
25 2 3 4 
25 2 5 
24 3 6 
24 2 7 
23 7 
23 10 
/
5 11 22 
5 9 22 
6 7 23 
7 1 24 
5 25 
4 7 24 
3 8 23 
2 5 1 22 
2 5 1 22 
1 7 1 21 
1 8 2 21 
1 9 2 21 
1 13 21 
2 13 21 
2 11 22 
1 9 22 
1 1 7 23 
3 1 24 
5 1 23 
13 23 
12 23 
10 24 
10 24 
10 21 
1 3 3 19 
1 1 4 16 
1 3 7 11 
1 14 2 1 3 
2 15 7 
2 19 3 4 2 
3 5 21 1 
4 21 1 
4 19 3 1 
5 12 6 4 2 3 
6 9 6 4 1 4 
6 6 6 3 5 
8 2 6 4 6 
9 6 2 7 
12 10 
16 2 11 
