#5.142 
#nonogram 9456

3 1 1 1 
7 10 
6 1 1 1 
2 1 2 2 
1 1 1 1 6 
2 1 1 2 6 
3 2 1 1 7 
1 1 1 12 
1 2 2 6 
2 1 2 6 
3 1 2 2 8 
1 3 12 
1 2 10 
2 3 10 
3 3 11 
1 3 3 2 
1 3 2 
5 9 1 
7 1 1 1 
4 1 
1 2 2 1 
2 8 
3 6 5 2 
1 7 12 
1 7 5 2 
2 7 13 
3 3 1 8 
1 8 
1 7 
7 7 
9 7 
1 8 2 
1 13 
6 7 2 
8 9 2 
1 13 
1 7 
7 4 
9 4 
1 4 
/
2 1 1 1 1 1 1 
2 1 1 1 2 2 2 2 2 2 
3 2 2 2 23 
20 2 2 2 
4 2 1 1 2 2 2 
2 9 2 7 2 2 2 
1 1 1 1 4 2 7 2 2 2 
1 1 1 1 2 3 1 6 2 1 2 
1 1 1 2 3 6 1 1 
1 1 1 2 3 7 
9 3 5 3 3 
1 1 1 1 1 1 2 11 
1 1 6 1 1 13 
1 1 6 1 17 
1 1 5 1 18 
1 1 5 1 15 2 
1 9 1 2 15 2 
1 11 2 5 6 1 
3 11 1 2 2 2 
11 1 2 1 1 
14 1 1 1 1 
16 1 1 1 1 
3 2 1 1 5 
4 4 
4 
