#5.141 
#nonogram 6042

7 
1 11 
6 5 7 
2 4 4 4 4 
2 3 7 9 
2 2 7 3 
2 3 7 3 
2 3 7 3 
2 2 7 5 
2 1 3 3 8 
2 1 5 4 1 
2 3 7 7 
2 2 3 4 
2 4 4 
2 4 4 
2 4 4 
14 4 6 
5 5 7 
4 5 4 
3 5 5 
3 5 5 
3 4 5 
2 4 4 
2 4 4 
1 4 4 
2 3 4 
7 7 
2 3 10 
1 4 5 1 
1 1 15 
2 5 
/
16 
1 15 
1 1 1 
1 1 1 
1 1 1 
1 1 2 
1 1 2 
1 1 3 
1 1 4 
1 2 6 
1 1 1 6 
1 4 1 10 
1 1 7 1 3 1 
1 1 3 2 1 1 3 
1 3 4 4 1 1 
1 5 2 16 
2 25 
2 5 18 1 
2 5 15 1 
1 5 1 2 
1 6 1 2 
1 4 1 5 
4 2 1 12 
6 1 19 
9 18 
1 1 5 18 
1 1 14 2 1 
3 2 1 2 2 1 
3 2 1 2 1 1 
2 1 1 1 1 1 
2 1 1 1 1 
1 1 2 
2 
