#5.150 
#nonogram 4323

2 1 1 1 8 1 
2 1 1 1 1 7 1 
5 1 1 1 2 6 1 
7 1 1 2 1 5 2 
9 1 1 2 2 3 2 1 
11 1 1 2 2 3 2 1 
10 2 1 1 3 2 2 2 1 
10 1 2 1 1 3 2 1 2 2 
10 3 2 1 1 3 2 1 2 2 
8 5 2 1 1 4 2 2 2 
6 4 2 3 1 1 4 2 2 3 
4 4 1 2 3 1 6 2 2 3 
2 4 1 3 4 1 3 3 
3 3 3 1 3 1 18 4 
4 4 4 3 1 15 1 3 
5 1 3 3 2 1 3 3 
5 3 1 4 1 1 9 2 3 
4 2 1 4 2 1 1 7 2 3 
4 2 4 5 1 1 8 2 2 
4 5 7 1 1 8 2 2 
3 3 9 1 1 8 2 2 
3 1 9 2 1 9 2 1 
3 9 2 1 9 2 1 
12 2 1 9 2 1 
9 2 1 10 2 
7 2 1 11 1 
5 2 1 11 1 
3 2 1 12 1 
1 2 1 14 
2 1 14 
/
4 
8 
13 
5 11 
5 1 14 
5 2 15 
5 4 1 5 1 
5 5 5 4 1 
5 2 1 5 5 1 
5 5 1 2 4 1 
5 2 1 5 5 1 
5 5 1 2 4 1 
5 2 1 5 5 1 
5 5 1 2 4 1 
5 5 5 5 1 
5 1 4 4 1 
1 12 2 5 1 
2 9 1 4 1 
4 6 5 1 
4 7 1 
4 3 1 
4 1 
1 4 
2 
2 
2 
2 
2 
2 
12 2 14 
1 2 1 
12 2 14 
9 2 14 
3 6 2 14 
4 3 2 14 
2 5 2 14 
4 6 2 14 
6 3 2 14 
9 2 1 12 
7 4 3 9 
4 6 7 6 
3 6 1 6 5 
1 4 8 4 3 
3 14 3 2 
1 20 3 
