#5.152 
#nonogram 15914

3 
3 1 
3 2 
1 2 3 3 
2 3 3 3 
6 8 
14 
13 
12 
3 8 
3 7 
4 7 
3 1 1 5 
1 1 1 1 5 
1 1 5 
2 1 5 
1 1 5 
2 8 
9 
11 
1 6 1 
1 1 2 
1 1 5 
2 1 2 
1 1 
1 1 
1 1 
1 1 
1 1 3 
1 1 1 2 
2 1 1 1 
1 2 2 1 
1 1 1 
1 5 1 
1 10 
1 1 4 1 
2 2 1 
3 2 1 
3 9 
9 1 
9 1 
12 1 
18 
16 1 
16 1 
2 12 1 
2 14 
1 11 1 
5 3 2 
5 7 
/
3 1 2 1 3 
9 3 5 
11 3 2 
5 2 3 1 
6 3 5 2 
7 9 
12 3 9 
6 7 20 
1 15 8 12 
19 2 9 
20 3 10 
2 19 4 10 
2 16 9 3 10 1 
1 3 6 3 12 
1 3 5 3 16 
3 2 1 1 1 16 
2 1 2 1 1 1 1 1 1 
2 2 2 2 1 1 1 1 2 
2 21 
