#5.153 
#nonogram 2915

4 10 1 8 
3 13 2 6 
17 7 
5 11 5 2 
4 8 3 2 2 
2 6 1 2 1 
1 8 2 2 
8 1 2 2 
6 2 1 1 2 
5 2 1 1 2 
4 8 2 
11 5 3 
7 2 3 2 2 
4 2 3 1 2 
5 2 1 1 1 1 
3 1 3 1 1 2 1 
2 1 4 1 2 1 1 
1 1 1 6 2 1 1 
5 2 1 1 2 1 1 
7 1 2 2 1 1 
1 2 2 2 1 1 1 
4 6 1 2 1 1 
6 6 3 1 1 2 
7 2 3 4 1 4 
3 4 1 1 3 
5 3 3 1 3 
6 4 1 2 4 
9 3 11 
15 
13 
/
28 
6 10 2 8 
5 10 2 8 
1 3 9 1 2 3 5 
3 5 2 1 3 2 5 
2 5 2 1 1 2 4 
3 4 2 2 2 3 
8 1 2 1 6 
7 10 8 
7 9 1 5 2 
5 2 2 2 2 4 
5 1 4 1 5 3 
14 2 5 5 
4 2 4 2 4 1 2 
4 1 2 1 1 3 
5 4 2 2 4 
4 6 6 
2 2 1 
2 1 1 1 
1 3 2 1 
1 3 1 
1 1 1 1 
4 2 1 1 1 
4 8 2 
5 2 2 
3 3 4 2 
3 4 4 
3 5 3 
1 3 5 3 
3 13 
