#5.156 
#nonogram 656

14 13 
1 3 4 2 
1 3 3 3 
1 3 1 3 3 4 
1 3 1 1 2 8 
1 3 4 2 7 
1 3 2 1 2 6 
1 3 4 1 5 
1 2 2 3 2 1 5 
1 2 5 2 4 
1 2 5 4 
1 2 2 4 4 
1 3 7 1 4 
1 3 7 4 
1 3 5 5 
1 2 7 5 
1 3 5 1 4 
1 3 6 4 
1 3 2 5 4 
1 2 3 2 4 
1 2 6 2 4 
1 2 2 2 1 1 4 
1 2 2 1 4 
1 3 2 4 1 5 
1 3 1 1 1 2 5 
1 5 2 1 2 6 
1 7 1 2 7 
1 9 2 8 
12 2 9 
13 11 
/
30 
1 2 
1 3 
1 4 
1 6 6 5 
1 8 13 
1 3 3 3 7 
1 3 5 6 
1 3 3 1 5 
1 3 2 4 
4 1 1 1 1 1 3 
3 1 2 2 2 2 1 2 2 
2 2 1 1 1 1 2 1 1 
1 19 2 
23 1 
14 
2 9 2 
1 1 2 5 2 
2 1 2 1 1 2 
2 2 1 2 2 1 1 1 
3 2 2 1 
4 2 2 2 
1 3 3 4 3 
1 3 4 
1 3 5 
1 5 2 7 
1 27 
1 28 
30 
30 
