#5.163 
#nonogram 20756

5 4 
7 1 3 
9 3 2 2 
13 4 2 1 
5 5 4 3 3 
3 3 7 3 4 
3 5 9 
7 7 3 4 5 
7 19 5 
9 12 7 3 1 
9 13 7 3 1 
22 7 2 1 
22 9 1 1 
9 11 9 1 1 
7 20 1 1 
5 6 7 2 1 
5 5 2 1 
3 4 3 1 
3 4 3 1 
3 2 3 1 
3 3 2 4 1 
6 5 6 1 
5 5 3 1 
2 4 2 
3 
2 4 
1 1 4 
4 
2 5 
3 5 
/
3 
5 
7 
8 5 
5 9 
4 9 1 
4 9 1 2 1 
4 9 3 2 
4 9 4 2 
3 9 3 1 
4 7 3 
4 5 1 
2 2 2 
3 1 
5 3 
7 3 
9 3 
9 2 1 
10 3 
10 3 
13 
12 
8 2 
3 7 
5 7 
9 1 
6 3 
10 
3 8 
3 9 
2 12 
15 
17 
14 1 
2 4 3 
5 6 2 
1 18 5 
2 8 7 6 
3 5 7 
30 
