#5.162 
#nonogram 2948

2 2 2 1 1 1 3 1 3 
1 2 1 2 1 3 4 4 
2 1 1 2 2 2 9 
2 1 2 1 1 2 9 
1 2 1 9 
1 1 8 10 
1 2 1 1 3 2 
1 1 1 1 1 3 
1 6 7 
2 2 1 1 2 4 
1 1 1 1 2 2 
1 2 2 
1 2 1 1 
1 1 1 1 1 2 1 
1 1 1 1 2 2 
2 2 3 
1 1 2 4 
5 1 4 
6 2 8 
8 3 4 2 
2 4 1 5 
1 1 2 1 11 
2 2 2 2 2 10 
2 3 1 2 2 5 4 
1 1 1 2 2 1 4 1 3 
/
7 7 3 
1 2 2 3 2 3 
2 2 1 4 
4 1 4 3 
1 1 3 3 
4 1 3 2 
1 3 2 2 2 
3 1 1 2 4 
4 3 1 3 2 1 
1 2 1 1 1 2 
3 1 2 2 3 3 
2 1 1 2 1 
2 1 1 3 3 
4 1 3 1 3 
4 3 3 1 4 
3 3 2 2 4 
6 2 2 2 4 
6 2 2 2 4 
6 6 2 4 
5 1 2 2 3 
1 4 1 2 3 1 
5 2 2 4 
6 2 2 5 
7 2 3 6 
7 2 3 6 
