#5.169 
#nonogram 8593

10 4 12 
11 3 1 5 
3 2 4 3 
2 6 2 7 2 
2 8 3 2 3 2 
1 2 2 3 1 2 2 
1 2 2 3 2 2 
1 2 2 2 2 2 
1 2 2 2 2 2 
1 2 2 2 10 2 
1 2 2 3 10 1 
2 2 2 2 2 
9 5 1 
4 15 1 
6 2 4 3 2 
2 3 4 2 6 
1 15 4 
1 5 9 
2 2 2 2 2 
1 10 3 2 2 1 
2 10 2 2 2 1 
2 2 2 2 2 1 
2 2 2 2 2 1 
2 2 3 2 2 1 
2 2 1 3 2 2 1 
2 3 2 3 8 2 
2 7 2 6 2 
3 4 2 3 
5 1 3 11 
12 4 10 
/
12 4 10 
5 1 3 11 
3 4 2 3 
2 7 2 6 2 
2 3 2 3 8 2 
2 2 1 3 2 2 1 
2 2 3 2 2 1 
2 2 2 2 2 1 
2 2 2 2 2 1 
2 10 2 2 2 1 
1 10 3 2 2 1 
2 2 2 2 2 
1 5 9 
1 15 4 
2 3 4 2 6 
6 2 4 3 2 
4 15 1 
9 5 1 
2 2 2 2 2 
1 2 2 3 10 1 
1 2 2 2 10 2 
1 2 2 2 2 2 
1 2 2 2 2 2 
1 2 2 3 2 2 
1 2 2 3 1 2 2 
2 8 3 2 3 2 
2 6 2 7 2 
3 2 4 3 
11 3 1 5 
10 4 12 
