#5.174 
#nonogram 567

11 7 
4 3 7 
2 1 1 2 5 6 
1 2 1 2 3 1 2 5 
3 1 3 2 3 4 
2 1 2 2 2 3 
2 1 2 2 1 2 2 
2 1 2 3 1 3 1 
2 2 5 2 2 1 
2 3 3 1 1 3 
2 1 1 2 2 1 2 
2 1 1 3 1 3 3 
2 1 1 2 2 2 2 1 2 
2 1 3 3 2 3 
2 1 3 2 1 2 
2 1 2 1 1 1 3 
2 1 2 2 4 1 2 
2 1 3 6 3 
2 2 1 1 3 2 
2 1 1 1 3 
1 5 2 4 2 2 
5 1 1 4 2 3 
1 2 3 12 1 
24 1 
2 1 2 2 2 
3 9 2 4 
1 2 1 3 2 5 
2 1 2 3 6 
4 2 7 
11 9 
/
1 
3 
1 
24 
22 
2 1 1 2 
2 3 1 2 
2 1 2 2 
2 2 2 
30 
2 2 1 1 1 1 2 
1 3 6 1 1 2 1 
1 3 3 1 3 1 
1 5 5 2 1 3 1 
1 1 4 2 2 2 1 1 1 
1 2 4 1 2 4 1 1 
1 1 6 2 4 1 1 
1 2 4 5 4 1 
3 4 2 3 2 
4 2 1 2 2 
2 3 2 2 1 1 
3 3 3 3 2 1 
2 2 3 2 2 3 2 2 
3 2 3 3 4 3 
4 3 1 1 1 1 2 1 3 4 
5 3 1 1 1 1 1 1 2 5 
6 3 1 1 1 1 1 3 5 
7 13 6 
30 
