#5.17 
#nonogram 1040

24 6 
21 6 
16 
15 
14 
10 2 
7 1 
1 2 
9 3 6 
10 3 6 
12 2 6 
13 
12 
12 6 
18 
3 19 
5 21 
3 7 3 23 
13 5 13 4 
15 21 1 2 3 
14 21 1 3 2 
28 5 2 1 1 1 
26 5 3 4 
26 5 1 7 
24 1 2 2 7 
22 3 2 1 4 2 
10 7 11 3 
9 3 5 13 3 
8 5 17 3 4 
5 28 3 4 
5 30 4 4 
4 37 4 
37 
34 
15 14 
11 2 8 
10 2 6 
8 8 
5 6 3 6 
4 1 3 4 6 
4 2 6 6 
3 11 
12 
13 
14 
15 
16 
21 6 
22 6 
24 6 
/
1 
3 2 
4 3 3 
15 
15 
14 1 
12 2 
12 3 
13 4 
14 5 
14 7 2 
13 13 
11 14 
9 14 
7 13 
1 5 12 1 
1 8 10 1 
1 10 9 2 
2 11 9 3 
2 11 8 3 
3 11 7 4 
4 10 6 5 
5 8 7 6 
6 7 8 7 
8 2 7 8 8 
7 5 8 8 9 
7 6 8 11 11 
7 16 13 10 
7 15 11 3 9 
7 14 1 10 3 9 
7 13 3 14 9 
6 17 14 9 
6 17 14 9 
5 17 14 10 
6 15 1 12 10 
7 12 3 10 11 
2 2 10 1 8 3 3 
2 3 4 2 2 4 3 3 
2 3 5 4 2 4 3 3 
5 5 
5 9 
5 11 
2 3 5 3 9 3 3 
2 3 5 2 4 3 3 
2 3 5 1 3 4 3 3 
2 3 5 4 4 3 3 
2 3 5 4 4 3 3 
2 3 5 3 4 3 3 
