#5.186 
#nonogram 1768

1 19 
1 2 8 5 1 1 
1 11 3 2 1 1 1 
2 10 3 1 1 1 1 1 
1 8 4 5 1 1 
1 1 9 5 2 1 1 
1 10 8 1 1 1 
1 10 9 3 1 
12 1 5 2 1 1 
11 2 6 1 
10 1 8 1 1 
10 4 1 3 1 
10 7 3 
9 2 7 1 
9 5 9 
9 6 6 1 
12 6 1 7 
13 6 3 2 1 6 
15 3 1 3 1 4 
20 4 6 1 1 3 
20 5 5 1 2 1 
25 5 1 1 
27 4 2 1 
26 4 1 
25 2 2 
24 3 1 3 2 
24 8 5 
39 6 
41 8 
50 
/
27 
3 22 
1 23 
25 
3 24 
3 25 
2 25 
29 
30 
13 14 
10 14 
9 14 
7 13 
6 12 
3 1 12 
1 11 
1 11 
1 11 
1 11 
1 11 
1 9 
1 10 
1 13 
2 14 
2 10 3 
3 4 2 2 3 
3 5 1 3 
3 5 3 
1 3 4 
2 4 2 4 
4 2 4 
5 5 
4 1 5 
2 3 3 5 
1 4 1 2 4 
1 2 3 3 4 
1 6 5 3 
1 3 4 6 2 3 
1 1 1 4 9 3 
1 1 6 3 2 
1 2 5 2 1 1 2 
1 1 8 2 2 1 1 
1 1 1 4 3 1 2 
1 1 8 2 2 
1 1 6 3 
7 4 
2 6 4 
2 6 4 
1 3 4 6 
1 2 16 
