#5.18 
#nonogram 1133

8 2 
3 1 2 4 
8 3 1 
4 11 3 
1 23 
1 23 
4 2 8 
2 1 4 4 
1 5 2 3 2 6 
6 2 2 5 3 3 
1 2 2 1 5 1 2 5 2 
1 2 2 1 5 3 1 3 1 2 
6 2 2 5 3 4 
1 4 2 1 3 2 3 
1 4 2 3 3 1 2 
1 4 2 7 1 1 
6 6 1 4 1 1 
1 2 2 6 3 3 1 1 
1 2 2 2 7 1 1 
6 2 1 4 1 1 
1 5 1 2 3 3 1 2 
1 2 9 2 3 
1 5 3 8 3 4 
7 15 3 1 2 
1 3 2 3 1 4 5 2 
6 2 3 1 4 3 3 
1 4 3 1 5 6 
5 10 6 4 
5 3 1 7 
3 2 3 1 10 
5 2 3 1 10 
4 21 
2 3 3 13 
4 2 2 7 
1 
/
5 
13 1 1 1 
1 1 1 1 1 1 1 1 1 
2 1 1 2 12 
13 12 
13 10 1 
2 5 5 3 2 
1 2 3 2 1 1 2 1 2 2 
2 2 2 2 3 
4 
1 1 
4 14 
4 13 
2 4 11 
2 1 1 2 1 1 1 
2 2 2 1 1 1 
2 2 2 1 1 1 
2 2 2 2 1 1 1 
24 1 1 
24 1 2 
1 4 12 
1 22 2 
7 2 2 2 2 14 
1 5 2 2 2 2 14 
8 2 2 2 2 13 
33 
6 9 8 
5 4 7 4 7 
5 6 6 6 
1 2 21 4 
2 2 2 1 1 2 4 
1 3 2 15 2 4 
2 3 3 3 3 3 
6 6 6 
4 4 
