#5.184 
#nonogram 4661

2 24 
2 23 
2 22 
2 1 20 
2 1 19 
2 1 9 4 
2 1 8 3 
2 1 6 3 1 
2 1 5 6 
2 1 4 7 
3 1 1 2 6 
3 1 1 1 7 
3 2 1 1 8 
4 2 1 1 8 
4 2 1 8 
5 2 2 7 
5 2 2 7 
6 1 3 6 
7 2 3 5 
8 2 3 3 
9 5 
10 2 
4 3 2 1 2 
2 3 1 4 
1 1 2 5 
2 3 4 
5 4 
6 3 
5 4 
6 4 
1 6 1 
1 8 2 
2 8 4 
3 1 4 13 
4 2 10 
6 2 12 
7 2 9 
8 1 3 8 
8 7 8 
14 10 
15 7 
19 7 
/
23 12 
25 10 
14 9 
1 10 8 
2 7 2 7 
13 5 3 1 7 
3 3 4 4 6 
4 3 3 4 5 
5 2 2 5 1 3 
7 3 2 5 2 1 3 
14 2 1 4 3 3 
10 2 2 5 7 
11 1 1 4 6 
25 3 5 
9 8 3 1 2 
8 4 3 1 1 1 
7 3 1 1 1 
6 2 1 4 2 1 
5 5 1 1 5 1 1 
5 7 2 1 7 
5 10 1 1 9 
5 12 1 2 9 
5 13 1 1 9 
6 12 6 10 
7 1 9 7 11 
8 7 6 11 
7 5 4 10 
