#5.189 
#nonogram 19206

3 20 
1 1 11 2 
12 2 1 3 
1 3 10 4 
3 4 2 
11 2 1 
2 4 9 1 2 
1 3 10 4 
1 5 3 4 2 
2 6 2 1 
1 3 9 4 
1 5 3 11 1 
1 2 9 3 
1 1 3 2 1 
1 1 3 2 3 
3 3 2 4 
1 2 5 2 5 
1 4 3 4 5 
2 3 14 
1 1 5 2 4 
1 13 4 
2 3 15 
2 4 2 6 
9 2 1 4 
1 2 14 3 
2 3 3 2 2 
11 2 6 
1 1 11 2 4 
3 20 3 
1 1 22 
/
4 3 3 3 6 
1 1 1 3 4 1 2 1 
3 1 1 4 1 1 4 
1 1 1 1 2 1 1 1 
3 1 1 1 1 1 1 4 
3 1 1 1 1 1 1 4 
3 1 1 1 1 1 1 4 
4 1 1 1 1 1 1 5 
7 1 1 1 2 8 
10 1 1 11 
3 9 8 4 
3 20 3 
2 2 12 2 3 
5 2 5 1 6 
9 2 1 10 
1 10 9 2 
1 1 16 1 2 
1 1 2 9 1 1 2 
1 1 2 2 1 1 1 2 
1 1 2 2 1 1 1 2 
1 1 2 2 1 1 1 2 
1 1 2 2 1 1 1 2 
2 1 2 2 1 1 1 3 
2 1 1 2 1 1 1 3 
3 1 2 9 1 
1 4 1 7 2 1 
1 1 4 10 2 
2 1 1 16 
1 2 1 5 8 
1 1 1 4 2 3 
