#5.190 
#nonogram 14148

1 
1 1 
1 1 
1 3 
4 
1 2 
4 
1 1 1 
1 3 
1 2 2 
1 1 3 
2 1 2 1 
2 1 4 
3 2 1 1 
3 3 1 5 
7 1 1 4 
6 4 3 
5 1 1 4 
5 8 
4 2 1 4 
6 8 
5 1 1 4 
4 7 
4 1 4 
4 4 
1 3 4 
1 1 1 1 2 2 
1 1 2 6 2 
2 1 2 5 3 
2 2 1 2 8 
3 2 1 10 
2 2 4 8 
8 3 6 
3 7 3 3 
13 7 
4 8 3 
11 
/
1 
1 1 
1 1 1 
2 1 2 
3 1 1 2 1 
3 2 2 1 1 
5 1 1 1 1 
5 2 1 1 1 
5 1 1 3 
4 2 3 3 
4 2 6 
4 2 2 5 
4 1 1 5 
4 3 1 1 4 
4 2 6 
6 2 5 
8 6 
3 1 3 2 1 
4 1 5 1 6 
1 4 1 2 1 7 
6 1 1 5 11 
1 5 2 1 14 
6 1 1 12 4 2 
1 1 17 10 
10 10 9 
4 4 4 2 
4 1 
