#5.191 
#nonogram 2417

1 4 
2 4 1 
6 3 3 
10 1 6 
14 5 2 
6 2 2 5 
6 6 9 
5 3 3 9 2 
4 4 6 3 3 6 
2 4 3 2 4 3 3 3 7 
1 10 1 4 3 3 9 
8 3 3 2 3 3 6 
6 3 2 4 3 3 4 2 
1 2 3 2 4 2 3 3 4 3 
4 3 6 4 9 2 
1 4 7 5 3 4 
11 3 4 3 5 3 
6 3 5 5 6 6 
2 3 4 2 4 6 2 8 
1 3 5 3 1 4 5 4 
1 2 6 5 7 3 4 3 
2 2 4 3 2 3 5 1 4 
2 7 5 3 5 4 
1 6 5 5 3 4 
4 4 5 4 4 
3 5 3 4 4 
1 6 5 4 
4 5 4 
2 4 4 
4 4 
/
3 
1 2 1 2 2 
2 2 1 2 4 
1 3 8 
2 9 
11 4 
4 3 6 
3 2 1 3 4 
2 2 1 9 
2 2 1 8 
2 1 6 
9 2 
12 
3 2 5 
2 4 3 
3 8 2 4 
3 9 1 6 
4 1 1 1 3 8 
6 1 1 3 9 
4 9 2 2 3 1 
3 9 3 1 1 1 2 
3 1 1 1 3 4 3 3 
2 3 1 1 1 13 
3 9 2 9 
2 9 3 1 3 2 
2 1 1 1 1 1 4 1 1 3 
2 2 1 1 2 2 4 3 
3 10 8 
3 10 9 
3 1 1 1 1 2 1 1 4 
4 1 1 1 2 3 1 1 
5 8 6 
5 7 6 
3 4 6 
4 3 3 2 2 9 
3 4 3 1 1 2 10 
3 1 2 2 3 3 10 
2 2 2 2 3 3 10 
2 2 2 2 
2 1 3 1 
1 2 2 1 
1 2 2 
2 1 1 
1 2 2 
2 2 2 
