#5.196 
#nonogram 15771

1 
4 1 
7 2 
9 2 2 
1 2 18 5 
2 1 19 6 
1 22 2 3 5 
1 21 11 3 
2 22 18 
1 36 4 
1 38 4 
24 12 3 
16 2 2 1 12 2 
1 13 3 2 1 11 2 
1 14 2 1 13 2 
12 3 2 7 2 3 4 
11 9 2 2 2 3 
11 3 1 1 2 3 
9 1 1 1 1 2 
12 1 1 3 
11 1 3 
12 1 2 1 3 
12 1 2 1 2 4 
12 2 4 2 4 1 
10 1 2 3 3 2 1 
10 1 1 2 2 3 2 
10 2 6 2 
8 7 3 
8 7 4 
9 8 5 
11 7 5 
10 1 3 9 5 
13 5 2 4 5 6 
26 2 9 
23 1 7 
23 2 7 
25 6 
26 4 
24 2 
23 1 
5 5 8 
14 4 
3 6 2 
7 2 
5 
/
2 5 7 
1 1 12 
5 14 4 
3 25 
2 26 
30 2 
36 
1 34 
36 
38 
14 5 1 14 
12 2 5 13 
11 1 11 
12 9 2 
12 8 1 
12 9 1 
11 9 2 
10 1 13 
14 3 14 
16 4 14 
11 2 9 4 
14 2 5 12 
2 10 3 7 10 
8 3 2 1 9 
11 1 2 10 
9 1 9 1 
3 2 2 11 
3 2 11 
4 1 2 5 
5 2 2 2 
6 2 2 2 2 
12 3 1 
11 4 2 
8 7 
10 7 
14 8 
9 11 
10 3 8 
2 8 2 6 3 
1 2 9 1 3 5 
5 3 4 8 
3 3 3 3 10 
8 3 5 11 
21 14 
40 
