#5.195 
#nonogram 21806

2 4 23 
1 8 6 8 
1 9 4 2 6 
1 10 2 3 1 5 
1 4 2 2 4 3 4 
1 3 1 2 1 5 4 4 
1 3 2 1 6 3 2 3 
1 2 2 2 10 2 2 
1 3 2 1 12 1 1 
1 3 2 1 7 4 2 
2 5 12 2 2 1 
2 5 11 3 1 3 
3 14 2 3 2 2 
4 4 6 2 10 
6 1 7 2 6 3 
8 3 3 7 1 1 
7 1 2 7 5 1 
4 5 5 9 1 
3 7 17 
2 6 3 9 3 
5 2 7 
8 2 7 2 2 
1 8 4 4 6 1 
2 13 4 5 1 
3 5 8 6 2 2 
3 3 10 3 1 2 
7 1 3 7 3 2 1 2 
1 4 1 4 12 2 3 
1 2 18 4 3 
2 5 4 8 2 3 
5 4 7 4 
1 6 2 2 2 5 
2 2 6 4 1 5 
9 6 3 2 6 
9 7 2 2 6 
7 1 7 5 7 
9 7 3 8 
9 7 9 
9 8 10 
9 7 11 
10 7 12 
9 6 13 
/
20 5 10 
1 10 5 2 10 
4 7 1 4 1 9 
8 5 3 3 1 9 
10 3 5 5 9 
5 4 3 9 2 9 
4 3 2 8 3 9 
4 3 1 7 4 3 6 
4 3 1 4 1 2 10 
3 3 2 3 2 2 
3 3 4 2 2 10 
3 8 4 2 16 
1 2 8 2 21 
2 3 3 1 4 4 14 
3 8 4 8 11 
6 6 13 11 
5 8 2 8 8 
3 13 2 8 6 
2 10 7 10 4 
1 10 8 6 5 
1 10 10 12 
1 10 8 3 6 2 
1 9 2 2 2 1 2 5 1 1 
1 2 2 5 1 6 2 2 
1 6 2 3 1 4 2 3 
1 8 3 3 4 2 3 4 
1 7 3 4 3 1 2 1 5 
2 2 3 3 3 3 4 6 
2 2 5 3 4 2 7 
3 2 6 5 9 
4 3 2 3 11 
6 6 3 12 
7 1 2 2 15 
8 9 18 
9 2 20 
