#5.20 
#nonogram 5581

3 6 1 2 
1 16 4 1 
2 2 7 4 
3 13 6 
3 2 6 5 
1 1 13 1 4 
1 2 6 2 3 
1 1 13 4 2 
3 2 1 1 1 4 1 
3 2 1 1 1 3 1 1 
2 2 1 1 1 1 1 2 2 
1 1 2 1 3 1 1 1 1 
1 1 2 1 3 1 1 2 3 
1 1 2 1 1 3 1 1 2 
2 2 3 1 6 
3 2 2 1 4 
3 2 5 1 1 4 
3 2 1 1 1 3 1 2 3 
1 2 1 1 1 2 1 2 
1 1 2 1 3 1 1 2 2 
3 2 1 3 1 1 1 1 
3 2 3 1 3 3 2 
18 2 1 
3 6 2 
1 3 2 3 
1 3 3 
1 3 2 
1 2 
26 1 
2 3 2 
/
2 3 3 3 3 3 2 1 
1 3 3 4 4 2 
24 1 
1 1 1 
22 1 
22 1 
1 1 1 1 1 1 
1 1 1 1 4 6 1 
1 1 1 1 2 1 
1 1 1 7 7 1 
1 1 1 1 2 1 2 1 1 
1 1 1 7 7 1 
1 1 1 1 1 1 1 
1 1 1 1 1 1 1 
1 1 1 1 1 1 
1 1 1 1 2 1 1 1 
3 1 1 2 3 1 3 1 
3 1 1 2 5 2 1 
1 1 1 1 4 5 1 
1 1 1 1 3 2 1 1 
1 1 1 1 2 1 1 2 1 
1 1 1 1 4 1 
1 1 1 1 1 2 2 
1 1 1 2 1 1 2 2 
3 3 1 1 1 1 1 1 4 2 
4 3 1 1 1 1 1 2 3 2 
6 1 1 1 4 1 1 1 2 
5 1 1 4 1 1 4 
1 24 1 
2 4 7 3 2 
