#5.21 
#nonogram 11274

1 1 1 1 
4 2 2 4 
5 4 4 5 
9 9 
9 1 9 
8 2 8 
9 4 9 
10 6 10 
30 
12 12 
8 8 
6 6 
14 14 
13 7 5 
1 4 6 7 4 1 
3 3 6 6 2 3 
5 1 5 4 1 5 
7 1 4 3 1 7 
6 4 6 4 6 
18 4 18 
21 21 
21 21 
18 4 18 
6 4 6 4 6 
7 1 3 3 1 7 
5 1 4 4 1 5 
3 3 5 6 2 3 
1 4 6 7 4 1 
6 6 7 5 
14 14 
6 6 
8 8 
12 12 
30 
10 6 10 
9 4 9 
8 2 8 
9 1 9 
9 9 
5 4 4 5 
2 2 2 4 
1 1 1 1 
/
4 
4 
1 4 1 
2 4 2 
12 
14 
1 12 1 
2 1 10 1 2 
3 2 8 2 3 
1 4 4 6 4 4 1 
4 4 5 4 5 4 3 
9 4 4 4 8 
11 3 8 3 11 
10 2 6 2 10 
11 6 10 
13 6 13 
14 4 14 
16 4 16 
6 1 8 2 8 1 6 
2 9 2 9 2 
3 18 3 
4 5 2 4 
5 2 2 5 
3 18 3 
2 9 2 9 2 
6 1 8 2 8 1 6 
16 4 16 
14 4 14 
14 6 14 
12 6 12 
10 1 6 1 10 
11 2 8 2 11 
9 3 4 3 9 
4 4 4 4 4 4 4 
1 4 5 6 5 4 1 
3 3 8 3 3 
2 1 10 1 2 
1 12 1 
14 
12 
2 4 2 
1 4 1 
4 
4 
