%5.217
12
1 16 5 3
2 14 1
19 1
6 13 6 1
3 3 9 1 1 4 1 1
3 4 7 1 2 2 1 1
10 5 1 3 3 1
11 4 1 3 3 1
12 2 2 2 2 2 1
14 1 3 1 4 1 1
14 4 6 1
14 4 1
2 3 10 1
1 2 12 5 3
2 9
3 9
2 14 5 3
2 14 5 3
2 14 5 3
1 1 15 5 4
7 15 5 4
7 16 5 5
2 3 13 2 5 1 3
2 3 14 10 4
20 5 5
19 6 2
1 13 9
13 11
10 3
10 1
10 1
2 13 10
5 13 5
7 13 4 4
22 4 2 2
7 13 6 4
5 24 5
2 25 4
30
+
3
2 5
4 7
2 2 7
1 8 5
8 6 5
10 6 3
12 2 2 1
4 8 2 2 1
2 6 3 16
10 4 17
4 14 18
4 12 20
5 8 23
5 6 25
6 32
7 31
8 30
9 29
10 17 8
11 16 8
9 17 10
7 14 1 3
5 5 6 1 3
4 6 6 1 1 3
1 8 1 8 3
1 1 8 3
6 1 3
1 1 4 1 1 12 8
1 2 2 2 1 12 8
1 3 3 1 12 8
1 3 3 1 12 8
1 2 2 2 1 12 2 4
1 4 1 1 3 1 3 2
1 6 1 7 1 2 1 2 1 1
1 1 6 2 2 1 1 4
14 9 2 1 1 4
7 1 1 5
5 1 5
