#5.219 
#nonogram 2077

6 
10 
13 8 1 
7 3 12 3 
6 17 4 
6 17 5 
6 16 5 
6 17 6 
7 18 7 
6 21 3 8 
31 17 
49 
31 15 
29 16 
12 15 16 
11 13 10 3 
9 1 6 9 3 
9 5 9 2 
10 6 8 1 
10 3 7 7 1 
11 3 2 7 7 
10 2 1 2 6 6 
12 1 2 1 6 6 
11 8 7 5 
9 4 2 7 7 
9 2 4 1 8 7 
8 4 2 1 9 8 
4 5 2 3 7 7 
6 5 3 6 7 
8 7 3 3 14 
28 8 
28 5 
11 15 
10 12 
8 9 
/
6 5 
10 3 8 
11 9 8 
12 21 
34 
27 7 
4 20 6 
3 25 
3 19 5 
3 24 
3 25 
3 7 6 4 
3 7 2 3 
4 7 1 4 
2 8 4 
11 5 
11 4 
12 1 5 
13 2 3 5 
13 2 3 6 
14 2 1 6 
15 6 
14 5 5 
14 2 4 5 
14 1 5 5 
13 5 5 
13 1 5 
13 1 1 1 4 
13 5 2 
15 2 2 
15 3 
18 
16 
3 11 
2 3 10 
7 10 
8 10 
10 7 
12 5 
14 3 
15 2 
16 2 
18 2 
23 
8 15 
10 8 
11 8 
14 7 
15 6 
18 4 
