#5.224 
#nonogram 5565

16 10 
10 3 7 
7 2 1 6 
5 1 2 5 
4 2 2 2 
3 1 1 1 2 
3 2 2 
2 1 1 1 1 
2 1 3 1 
5 7 2 3 1 
6 1 8 2 1 
9 2 3 1 2 
4 5 1 2 
3 5 3 
3 4 3 
1 2 8 8 
1 4 9 
2 5 6 2 
2 2 2 12 
3 1 3 1 1 10 
3 1 4 2 9 
4 2 1 9 
8 3 7 
12 2 8 
14 1 1 5 
15 1 4 
16 1 4 
17 2 1 
14 2 1 2 1 
15 8 
/
8 21 
15 13 
7 7 11 
5 4 9 
4 3 8 
3 2 8 
3 1 3 8 
2 2 2 8 
2 2 2 1 7 
3 1 3 2 7 
1 3 3 6 7 
1 2 4 5 7 
2 1 3 2 6 
5 1 4 6 
2 3 2 3 3 1 
1 2 2 2 
2 1 2 2 
2 1 1 1 
2 1 2 
2 4 4 
1 1 3 4 2 2 
1 4 7 1 
1 7 2 1 
2 7 9 1 
3 1 3 9 2 
4 3 3 7 3 
5 4 10 1 
6 4 9 2 
4 2 3 1 10 1 
4 7 1 11 1 
