#5.228 
#nonogram 2027

5 14 10 
5 7 4 1 1 2 
16 3 1 1 1 
2 4 5 4 1 1 
2 3 1 3 1 2 2 1 
6 3 1 1 3 1 
6 3 5 4 1 
2 2 5 1 2 2 1 
1 2 4 2 1 2 1 
5 1 1 1 2 4 2 2 1 
6 1 5 1 1 2 1 2 1 2 1 
7 2 1 2 1 1 1 4 4 
7 2 2 1 2 1 2 2 
7 2 1 1 4 
6 3 3 1 1 2 
6 3 1 1 1 1 
1 1 3 3 1 1 
6 3 1 3 1 
6 3 2 2 1 
10 3 2 1 
4 2 3 1 
6 5 1 2 2 1 
7 3 3 1 3 2 
7 2 1 3 1 1 
1 5 10 2 1 1 
1 14 1 3 1 2 
13 2 2 8 3 
5 6 6 2 2 4 
5 14 1 2 1 5 
8 7 2 2 2 5 
/
7 9 8 
6 7 3 3 4 
3 2 8 3 3 4 
3 2 8 3 9 
8 7 3 9 
8 11 6 1 
5 4 1 5 1 
2 5 8 6 
1 5 13 5 
4 19 4 
5 2 3 5 
6 1 1 1 1 7 
5 1 3 3 1 6 
4 1 1 1 1 2 2 
3 9 1 2 2 
4 1 5 1 7 
1 2 1 1 1 8 
1 2 1 5 4 2 3 
4 4 4 2 1 2 
3 3 8 2 1 5 
3 4 1 2 2 4 4 
2 1 5 2 5 2 1 
1 1 12 5 
1 3 1 
1 2 1 2 
1 1 2 3 
1 4 2 1 
1 2 1 2 
1 1 
1 2 1 2 
2 1 2 1 3 
1 1 4 1 4 
2 2 2 2 5 
3 3 4 6 
3 3 
