#5.223 
#nonogram 259

8 
10 
14 
12 
10 
10 
10 
12 
5 15 
6 17 
2 2 18 
2 19 1 
3 19 1 
7 11 2 
6 5 6 2 
14 4 3 3 
15 4 5 
5 6 7 5 
5 6 8 6 
13 9 8 
23 9 
23 9 
33 
34 
35 
2 31 
1 31 
1 32 
35 
31 
33 
34 
35 
29 4 
29 
29 4 
30 6 
38 
38 
39 
39 
39 
40 
40 
40 
39 
39 
38 
38 
36 
35 
22 9 
20 6 
18 
15 
13 
3 
4 
4 
4 
/
11 
16 
5 18 
6 5 20 
2 3 3 1 21 
2 12 1 23 
3 12 2 24 
1 47 
2 47 
3 49 
3 4 2 41 
4 4 2 37 3 
4 5 2 37 2 
4 5 3 38 1 
5 49 
56 
56 
55 
12 4 36 
13 2 37 
14 37 
13 38 
13 37 
12 37 
10 37 
6 37 
3 38 
40 
30 
33 
14 16 
15 16 
18 17 
19 18 
19 18 
19 17 
17 17 
12 15 
10 
3 
