#5.22 
#nonogram 2914

5 6 
8 6 
2 3 3 2 
2 2 3 2 
3 2 2 3 2 
3 2 3 4 2 
4 9 2 
3 2 7 7 
4 2 2 7 
3 1 2 7 
3 1 2 2 6 
2 1 2 2 5 
2 1 2 2 2 
2 1 3 2 5 
2 1 1 1 2 5 
2 1 1 1 2 1 3 
2 1 3 2 5 
3 1 1 1 3 5 
3 1 3 18 
4 1 1 18 
2 3 1 4 
1 1 1 4 1 6 
1 3 1 1 1 1 6 
1 2 1 1 1 1 6 
2 4 1 1 1 6 
2 2 1 1 1 1 6 
2 1 1 1 1 1 6 
3 4 1 1 2 3 
3 1 3 2 
20 
/
6 
8 
2 2 
3 3 3 
7 2 
7 2 
2 21 
2 4 
2 10 1 
2 2 2 2 1 1 1 1 1 2 
2 2 2 2 10 2 
2 2 
2 13 7 1 
2 13 1 3 1 1 
2 1 3 1 1 1 1 
2 1 2 7 1 
2 1 2 1 
1 1 2 1 
3 2 4 1 
1 2 1 1 1 
1 2 4 1 
1 2 1 
1 2 9 
8 2 1 
11 12 
20 9 
2 10 11 2 
2 5 15 1 
30 
30 
