#5.235 
#nonogram 1088

43 6 
41 4 4 
39 3 3 2 
24 6 3 3 1 
23 6 1 2 2 1 
22 2 4 3 1 
22 2 5 2 
22 1 1 
1 14 1 2 
1 1 1 12 1 1 
9 1 4 1 1 
31 6 1 1 
1 1 1 1 1 1 1 1 1 1 8 1 1 
10 1 1 1 1 1 1 1 1 8 1 1 
10 1 1 1 1 1 1 1 1 8 1 1 
1 1 1 1 1 1 1 1 1 1 8 1 1 
31 6 1 1 
9 1 4 1 1 
1 1 1 12 1 1 
1 14 1 2 
22 1 1 
22 2 5 2 
22 2 10 1 
23 17 2 1 
23 9 5 3 1 
23 5 3 5 5 2 
24 8 10 2 
40 6 3 
42 3 5 
44 6 
/
9 8 11 
8 2 2 2 10 
8 3 2 3 10 
8 2 2 2 10 
8 3 2 3 10 
8 2 2 2 10 
8 3 2 3 10 
8 2 2 2 10 
9 2 2 2 11 
9 6 11 
10 1 1 12 
10 1 1 12 
10 6 12 
10 1 1 12 
10 1 1 12 
10 6 12 
10 1 1 12 
10 1 1 12 
10 6 12 
10 1 1 12 
10 6 12 
10 1 1 12 
5 6 7 
4 6 6 4 
3 2 6 4 3 
3 2 1 1 4 3 
3 1 6 3 3 
3 1 1 1 3 3 
3 1 6 3 3 
3 1 1 1 3 3 
3 2 1 1 3 3 
3 1 4 3 4 
4 1 6 3 4 
4 2 8 3 4 
4 1 8 3 5 
5 1 8 3 5 
4 1 8 3 5 
4 2 6 3 4 
3 1 4 3 4 
2 2 3 3 
2 2 3 2 
1 1 3 2 
1 2 3 1 
1 3 1 
2 3 
1 3 
1 3 
2 8 4 
1 3 
1 2 3 1 
1 1 3 2 
2 2 3 2 
2 3 3 3 
3 3 3 5 
5 12 7 
