#5.230 
#nonogram 2906

4 4 
9 6 
11 6 
2 10 9 
4 5 3 10 
4 3 3 3 5 
5 3 2 3 5 
5 3 1 3 6 
2 3 1 3 6 
2 2 1 2 5 
2 1 1 2 3 
5 2 2 2 1 
8 2 2 2 
11 3 2 4 
13 2 1 6 
6 1 11 
4 5 12 
6 5 1 1 9 
12 2 3 5 
10 2 1 4 4 
8 2 2 4 4 
6 4 2 11 
5 4 2 10 
3 3 10 
4 3 8 
5 4 7 
12 4 
12 
10 
2 4 
/
2 3 
8 
3 10 
5 12 
5 12 
4 5 6 
2 4 5 
3 2 4 5 3 
5 2 3 4 5 
6 1 3 4 7 
8 1 2 3 9 
5 3 2 2 3 9 
4 3 2 1 2 4 3 
4 3 2 1 4 4 
6 1 1 2 4 
11 2 11 
5 1 2 2 10 
1 7 2 6 
9 3 4 3 
8 2 2 3 
6 4 2 5 
5 3 4 6 
5 4 5 5 
10 5 6 
9 5 6 
7 6 7 
6 13 
4 11 
10 
4 2 
