#5.239 
#nonogram 1596

2 1 
3 2 
6 1 
10 
2 8 
3 1 7 
2 3 1 5 
2 5 1 1 3 1 
2 1 7 3 1 
3 3 7 3 2 1 
2 4 9 3 1 
3 5 9 5 1 
2 7 5 3 2 1 
2 4 3 2 5 1 
2 5 8 4 4 1 
2 13 1 1 3 2 
2 2 9 2 1 1 3 1 
2 4 5 2 2 2 1 3 1 
2 10 2 3 3 2 1 
2 14 2 3 3 1 
1 15 3 6 
1 2 8 3 4 2 
3 1 3 9 1 6 1 
3 6 13 4 
3 11 4 5 2 
3 12 4 3 1 1 
1 2 21 3 
3 3 15 2 
3 19 3 
1 2 5 3 2 3 2 1 
3 12 2 3 
1 2 13 2 1 
3 6 4 3 
1 2 9 2 1 
1 1 7 1 
5 
2 1 2 
3 3 
4 1 1 4 
3 1 1 3 
2 2 2 2 
3 3 
2 2 
/
3 2 
14 
6 4 
4 5 6 
3 10 3 
2 9 3 5 
2 6 4 4 2 
2 7 11 4 
1 22 2 
1 1 4 16 3 
4 2 8 3 4 1 2 
6 11 9 1 4 
2 6 21 4 
2 1 5 4 10 5 3 1 
2 5 3 18 3 
4 6 7 14 5 
7 5 10 12 
6 1 4 1 4 3 2 3 5 
4 3 4 16 3 
2 4 3 2 4 13 3 1 
11 2 3 6 4 4 
7 1 1 2 1 7 2 1 4 
5 2 1 4 1 6 1 2 
1 5 1 2 3 5 2 
1 3 2 4 9 2 
1 6 3 5 4 
1 16 2 
1 12 4 
2 2 2 2 4 
3 1 2 2 4 
3 4 3 
