#5.248 
#nonogram 1294

37 
3 12 1 
4 15 1 
4 18 1 
5 20 1 
1 4 23 
1 5 23 1 
1 6 21 1 
1 5 15 1 
1 4 13 1 
1 1 4 10 1 
1 2 4 5 1 
1 2 5 3 1 
1 2 6 5 3 1 
1 5 8 5 5 1 
1 7 5 5 5 1 
1 9 4 3 5 1 
12 2 3 3 1 
12 2 5 3 1 
12 1 5 5 3 1 
12 5 5 5 1 
11 3 3 5 5 1 
10 5 3 5 1 
9 5 3 3 1 
9 5 5 3 1 
9 3 5 5 3 1 
9 5 5 5 1 
10 3 3 5 5 1 
10 5 3 5 1 
1 8 5 3 3 1 
1 9 5 5 3 1 
1 9 3 5 5 3 1 
1 7 5 5 6 
1 6 3 5 6 
1 4 3 6 
1 3 1 
37 
/
37 
5 12 1 
6 15 1 
1 5 17 1 
1 4 18 1 
1 3 19 1 
1 3 23 1 
1 3 23 1 
1 3 20 1 
1 4 8 7 1 
1 4 6 5 1 
1 2 4 4 4 1 
1 2 4 3 2 1 
1 2 5 5 3 1 1 
1 3 8 5 5 1 
1 7 7 5 5 1 
1 9 4 3 5 1 
11 4 3 3 1 
12 1 5 3 1 
12 1 5 5 3 1 
12 1 5 5 5 1 
12 3 5 5 1 
12 3 3 5 1 
11 5 3 3 1 
11 5 5 3 1 
11 5 5 5 3 1 
10 3 5 5 5 1 
10 3 5 5 1 
9 3 3 5 1 
1 7 5 3 3 1 
1 6 5 5 3 1 
1 5 5 5 5 3 1 
1 4 3 5 5 6 
1 3 3 5 6 
1 2 3 6 
1 1 3 1 
37 
