#5.242 
#nonogram 1912

3 9 14 
2 11 13 
1 3 3 12 
1 3 3 11 
1 2 4 3 11 
1 2 4 2 11 
1 2 3 2 11 
1 2 2 2 1 7 
1 2 2 1 2 1 6 
1 2 2 2 2 3 5 
1 2 6 3 5 5 
10 3 2 2 1 
3 3 2 2 2 
3 6 1 3 2 4 
2 2 2 2 2 2 2 1 
1 1 3 2 1 3 2 1 1 
1 2 2 1 1 4 7 1 
1 1 5 1 2 8 1 
1 1 5 2 4 1 1 
1 1 3 1 7 2 1 
1 1 1 1 1 3 4 
1 1 2 2 1 1 2 1 1 
1 1 2 2 1 1 3 4 
1 1 1 1 1 3 2 1 
1 1 3 1 7 2 1 
1 1 2 1 1 11 1 
1 1 5 2 2 2 2 1 
1 1 5 2 1 2 3 2 1 
2 1 3 2 3 2 4 4 
1 1 1 2 1 2 5 2 
3 6 4 2 6 
3 2 2 2 10 
1 8 1 2 11 
1 2 3 5 11 
1 2 2 1 1 1 11 
1 2 1 2 11 
2 3 1 2 15 
3 3 2 15 
4 3 16 
10 16 
/
11 16 8 
2 3 4 3 
1 7 3 12 2 3 
11 3 1 3 2 
3 2 1 3 2 5 2 
3 1 1 3 5 1 1 2 1 
2 4 1 1 5 1 3 1 1 2 1 
2 7 1 1 3 2 1 3 1 1 1 1 
2 3 2 1 1 3 2 3 1 2 2 1 
2 2 2 1 3 3 3 1 
2 2 2 2 4 2 5 2 
2 1 2 2 2 2 3 3 
2 2 1 4 2 3 4 
3 2 4 7 1 7 
3 3 3 6 1 2 
3 3 11 2 4 
1 8 5 2 3 4 
2 5 4 2 11 4 
3 5 3 7 4 
8 4 2 1 2 8 
7 2 3 1 2 13 
7 10 2 3 13 
7 6 2 1 2 1 13 
8 1 2 4 1 12 
9 2 2 3 11 
12 6 5 10 
11 2 2 2 2 9 
11 2 3 2 9 
11 2 1 1 2 9 
11 16 9 
