#5.244 
#nonogram 928

16 
1 
1 
16 
19 
5 16 
3 1 16 
2 1 1 3 
2 1 1 1 3 
2 1 1 1 3 
1 1 1 1 
3 1 6 
3 10 
4 10 
18 
16 
7 18 
8 1 
7 1 
6 1 
5 1 1 4 
1 5 1 1 4 
1 3 4 1 1 4 
25 1 
7 19 1 
28 1 
1 3 4 18 
1 4 18 
4 18 
2 18 
2 18 
2 18 
4 18 
23 
23 
/
1 
1 
1 
3 
5 
3 
3 
1 1 
1 1 
7 
5 
5 
3 
3 
3 
3 
3 
3 
3 
1 3 
1 3 
7 3 
11 3 
2 10 3 
2 9 3 
2 12 
1 12 
24 3 
1 4 2 2 4 3 
1 2 4 10 
1 4 10 
12 2 
1 24 
1 6 9 
10 6 3 9 
1 7 6 9 
1 14 9 
1 4 1 9 
1 4 1 9 
1 4 1 9 
1 4 1 9 
1 4 1 9 
1 4 1 9 
1 4 1 9 
1 4 1 9 
1 4 1 9 
1 4 1 3 9 
1 4 1 3 9 
1 4 1 3 9 
1 4 1 3 9 
