#5.241 
#nonogram 2496

1 
2 
3 
4 4 
1 2 1 2 
2 4 1 3 
5 2 1 3 
7 1 1 3 
6 3 1 3 
12 3 
11 1 3 
2 7 4 2 
4 8 3 3 
4 6 3 2 
4 2 2 2 2 
4 2 7 5 
4 11 5 
4 4 3 6 
3 2 8 
24 
24 4 
24 7 
24 8 
22 9 
17 3 4 5 
15 2 3 4 
13 4 4 4 
22 3 4 
20 3 4 
19 3 5 
17 3 4 
13 3 2 
15 2 
7 
4 
/
4 
8 
10 
13 
16 
17 
6 12 
5 13 
4 1 13 
3 3 13 
1 4 14 
3 6 2 14 
1 9 1 15 
1 8 1 15 
1 11 7 6 
13 6 6 
9 3 6 6 
1 6 3 5 7 
1 1 2 1 3 6 7 
1 2 3 7 9 
1 4 3 7 5 3 
7 7 5 3 
2 3 8 3 4 
3 9 5 
7 8 7 
4 2 5 7 
13 4 7 
10 6 
6 5 
4 3 
5 5 
11 1 
10 
9 
5 
