#5.259 
#nonogram 1134

13 
19 
22 
24 
27 
34 
13 6 13 
13 5 8 
13 1 4 2 3 
7 5 10 3 1 
6 6 7 6 1 
3 7 5 11 
5 7 4 1 5 
4 1 6 9 4 
6 1 3 
1 6 1 1 
2 5 3 5 2 1 
9 3 10 5 1 
10 3 12 7 
4 12 9 
1 5 10 10 
6 6 8 11 
3 15 5 11 
4 12 20 
41 
6 4 15 10 
5 3 13 9 
2 4 8 7 
3 4 4 5 
6 4 
2 9 
7 
/
1 
2 2 
1 3 3 2 
2 2 5 3 
3 2 3 7 4 
7 3 1 4 3 
7 3 1 4 3 
8 3 1 4 2 
6 4 2 3 3 
6 4 1 1 5 
6 15 
5 13 
9 9 
11 6 
13 4 
14 4 
15 4 
7 6 1 5 
7 5 2 7 
6 7 8 
6 4 10 
7 2 11 
7 5 5 
7 5 5 6 
7 5 5 5 
7 5 5 5 
7 7 5 5 
6 3 1 5 5 
6 2 1 5 5 
8 2 1 4 5 
10 1 4 4 
9 3 3 2 
9 1 3 4 
7 1 2 8 
5 2 10 
9 12 
8 12 
3 4 12 
3 3 12 
3 4 12 
4 4 10 
4 4 8 
4 5 6 
