#5.257 
#nonogram 2232

2 
1 2 12 
1 3 
2 2 1 1 1 
2 2 5 1 8 
2 4 2 10 
4 2 11 
1 6 5 1 
1 3 8 
1 5 10 1 
1 1 2 3 7 
1 3 1 4 1 
1 4 2 4 
1 2 1 2 
1 2 4 
1 1 1 3 1 
5 3 1 6 
2 2 2 2 9 
2 4 2 9 
14 2 
2 1 13 1 
1 2 12 
1 5 2 5 1 
2 8 5 
2 1 6 2 
/
3 2 2 1 2 
3 1 2 
2 2 3 1 
4 1 3 1 1 
4 3 3 2 
3 1 4 2 
2 3 1 8 
1 6 2 4 
1 4 1 4 3 
1 1 1 1 2 2 3 
1 2 2 4 1 3 2 
3 2 1 1 2 4 2 
1 4 4 3 5 2 
2 4 1 4 4 
1 4 2 5 
1 5 1 4 
1 6 1 5 
1 3 3 1 5 
1 3 3 1 2 3 
1 3 4 3 3 
1 3 3 3 4 
1 3 4 3 3 
1 3 4 4 3 
1 3 2 2 1 2 
1 3 1 1 2 3 1 2 
