#5.25 
#nonogram 1967

6 2 
11 4 
6 6 5 
2 9 11 
1 3 3 11 9 
3 5 4 9 7 
10 1 2 4 8 6 
6 2 1 8 4 6 
7 2 8 2 6 
7 2 8 4 6 
7 3 4 4 6 
7 2 1 3 2 4 6 
8 4 1 2 1 11 
8 3 1 1 11 
8 2 2 9 4 1 2 
4 4 3 1 1 1 4 2 
1 1 4 2 1 2 7 4 4 
2 7 2 1 4 1 2 1 1 3 
14 1 1 1 1 1 7 
7 12 1 1 4 2 
2 7 3 1 1 1 1 1 1 2 
5 8 1 7 1 1 2 
13 1 1 1 1 1 1 2 
8 5 1 1 1 1 1 1 2 
14 6 1 1 1 2 2 
11 3 1 7 1 1 6 
3 9 1 1 1 7 2 
14 1 1 1 3 1 2 
15 1 10 1 2 
6 2 3 1 5 1 3 1 2 
19 1 1 2 1 2 
2 5 7 1 9 1 2 
17 1 18 
5 4 6 8 11 
1 22 15 
/
6 6 3 8 
11 17 
13 2 10 3 
11 18 
10 9 8 
9 5 11 1 
9 13 5 
1 3 3 15 
1 1 7 7 3 
7 1 12 5 
10 2 2 12 1 
3 7 7 9 
1 4 18 
2 3 13 5 
1 1 2 1 1 7 
1 1 1 2 1 1 5 
1 1 11 1 3 
1 1 1 1 1 2 1 1 
5 1 1 1 3 1 
7 1 1 6 1 1 2 1 
10 5 1 1 3 1 2 
5 4 2 1 2 1 5 2 
6 3 1 1 1 1 7 
6 3 9 1 1 4 
6 4 1 1 1 3 1 3 
2 4 3 1 1 3 10 
1 4 4 1 1 1 1 1 1 4 
2 3 11 1 1 4 
2 3 1 5 2 1 
3 3 8 9 
2 3 8 4 9 
3 14 4 3 
3 11 1 1 3 
3 2 8 1 3 
11 1 11 
13 1 1 3 
13 2 1 1 3 
13 4 1 3 
15 19 
15 19 
