#5.268 
#nonogram 5130

1 
2 
2 
4 
4 
4 
5 
5 
5 
12 6 
18 7 
23 7 
27 7 
31 6 
33 7 
40 
41 
43 
47 
49 
11 38 
11 16 16 
11 8 15 
12 4 4 15 
14 5 3 14 
14 4 6 3 14 
13 9 3 3 13 
12 8 3 3 13 
10 9 2 2 14 
8 4 2 3 2 14 
7 1 1 3 2 17 
10 3 7 17 
12 31 
12 32 
12 33 
12 35 
50 
49 
40 7 
38 6 
23 5 6 
17 7 
11 7 
5 6 
5 
4 
4 
4 
4 
2 
/
3 
6 
10 5 
20 
21 
23 
23 
23 
23 
25 
13 11 
15 12 
9 5 11 
8 2 12 
10 8 
10 8 
11 8 
11 3 9 
13 3 8 
13 5 9 
13 5 10 
13 5 11 
13 5 12 
13 3 13 
13 4 11 
13 3 3 10 
17 2 9 
17 11 
19 9 
21 9 
13 14 
14 11 
16 9 
18 9 
10 6 8 
10 15 
11 12 
12 11 
14 13 
29 
27 
27 
26 
24 
23 
3 25 2 
35 
39 2 
46 
49 
50 
12 30 
