#5.262 
#nonogram 1325

1 1 1 4 1 8 
1 1 1 3 1 2 1 8 
1 1 3 4 1 9 
6 1 1 3 4 1 3 4 
2 1 1 1 1 2 1 3 4 
6 3 1 1 4 1 3 5 
1 1 1 4 1 3 4 
1 1 1 1 1 1 2 1 3 4 
6 1 1 4 4 5 
2 1 1 1 3 4 5 4 
6 1 1 1 2 5 4 
1 1 1 1 1 4 10 
1 1 1 4 6 3 
3 1 1 1 1 1 2 6 3 
1 1 1 1 4 6 2 
3 1 1 3 4 3 1 2 
1 1 1 1 2 1 1 1 2 
1 1 1 1 1 1 4 1 1 2 2 
1 1 1 1 4 1 2 2 3 
1 4 1 1 1 2 3 6 
1 1 4 10 
1 3 4 10 
1 1 2 11 
4 6 7 
1 8 7 
1 1 7 1 8 
1 1 9 2 7 
2 2 2 3 3 6 
1 1 1 2 4 1 7 
6 1 1 5 2 6 
1 1 1 2 3 3 5 
1 2 2 4 8 
1 1 1 5 8 
1 3 2 12 
5 2 10 1 
5 1 13 
5 2 11 
1 3 2 9 1 
2 3 6 7 
1 1 3 6 6 
1 5 5 5 1 
1 3 1 6 6 
2 2 6 5 
1 3 1 5 4 1 
5 6 5 
/
3 3 
3 3 1 1 
1 1 1 1 1 
1 1 1 1 3 
1 1 1 1 1 1 5 
19 1 1 6 
1 1 1 1 
6 1 1 1 1 1 1 1 1 4 3 2 
1 1 1 3 2 2 
1 1 18 3 9 2 
1 1 1 8 1 1 
3 1 1 1 1 1 1 1 1 1 1 20 
3 1 1 1 1 
28 
1 
1 
23 1 
1 2 2 2 2 2 2 3 20 
22 4 2 2 9 
22 3 1 1 1 7 
21 
2 22 
1 2 17 2 1 
1 4 2 7 1 1 
1 1 1 3 1 1 12 
2 2 9 28 
1 1 7 7 2 16 
15 4 1 1 12 1 
15 20 2 1 
5 2 6 20 2 1 1 
3 1 1 23 2 1 1 
12 15 1 1 
14 15 1 
30 
27 
