#5.4 
#nonogram 1255

5 12 
6 12 
4 11 
3 10 
2 6 
3 4 3 
3 17 
31 
32 
2 27 4 
5 34 
7 20 8 
27 5 
27 1 5 
26 3 5 
25 4 5 
25 5 3 
26 5 
3 20 3 5 
39 
40 
41 
32 7 
41 
41 
41 
5 24 6 
21 3 6 
7 11 3 4 6 
7 10 4 5 
10 16 4 3 
28 3 3 
28 2 2 
26 5 1 
27 9 
26 9 
10 11 11 
11 5 12 
9 14 
9 15 
9 16 
9 17 
10 18 
9 18 
7 18 
/
3 4 
3 8 
7 11 
9 11 
9 5 11 
10 7 12 
9 8 15 
8 8 16 
16 17 
15 15 
15 5 8 
17 5 6 
18 6 6 
20 7 6 
21 7 5 
21 7 2 
22 7 
23 8 
33 
1 31 
2 31 
4 31 
3 30 
4 30 
3 29 
2 29 
2 8 19 
1 7 16 3 
7 9 4 
7 11 5 
6 11 6 
6 11 7 
6 9 7 
2 5 9 8 
3 5 8 2 9 
4 5 3 7 4 9 
5 5 4 3 3 4 11 
5 6 4 3 3 5 12 
5 6 5 7 2 12 
5 3 2 2 11 14 
5 3 6 12 13 
5 11 14 12 
4 12 15 11 
4 12 15 11 
4 11 11 12 
