#5.46 
#nonogram 1120

1 1 2 1 8 
21 1 6 
1 5 2 4 5 
1 9 2 2 4 5 
1 2 2 6 4 5 
1 2 4 1 1 1 6 
1 2 4 6 1 8 
1 2 4 1 1 1 8 
1 2 4 6 1 8 
1 2 1 2 1 1 1 8 
1 4 2 6 1 1 2 
1 2 1 2 1 1 1 1 2 
1 2 3 6 1 8 
1 2 4 1 1 1 8 
1 2 7 6 1 8 
1 2 2 4 1 1 1 6 
1 2 3 6 4 5 
1 2 2 2 2 4 5 
1 9 2 2 4 5 
1 9 1 6 
15 1 2 1 8 
7 1 8 
3 8 
1 2 1 7 
3 1 1 7 
3 12 2 1 6 
4 1 2 1 6 
2 2 1 6 3 1 5 
3 2 1 1 1 2 1 5 
4 2 1 1 3 3 1 4 
3 1 2 1 2 2 1 4 
3 1 2 1 16 1 3 
1 1 4 4 2 1 3 
1 1 4 3 1 6 5 1 2 
1 5 2 1 1 1 1 3 1 2 
/
5 
3 
18 7 
1 1 3 1 
1 1 9 
1 1 2 3 
1 1 11 
1 14 1 11 
1 16 1 1 1 
1 1 1 1 1 7 2 
1 1 3 2 1 1 1 2 
1 1 2 1 1 1 3 4 
1 1 1 1 1 1 1 3 
1 1 4 3 1 1 1 1 5 
1 1 4 5 1 1 1 1 1 1 
20 1 1 1 1 
20 1 3 1 2 
3 3 1 1 1 
19 1 1 1 1 
5 1 1 1 1 1 6 1 1 1 
1 1 1 1 1 1 1 1 1 1 1 1 1 
1 1 1 1 1 1 1 1 1 1 1 1 2 
5 1 1 1 1 1 6 1 1 1 1 
23 4 1 1 1 
1 4 1 1 
23 7 
3 3 2 5 
1 3 9 3 3 2 2 
1 3 4 3 3 5 2 
2 5 4 8 2 
29 2 
31 2 
10 21 
10 23 
10 23 
