#5.51 
#nonogram 316

5 6 3 
7 2 4 5 
9 2 2 5 
3 2 2 4 5 
2 1 1 1 3 
1 2 4 1 2 
1 2 7 2 1 
1 1 3 20 1 
12 21 
35 
33 1 
13 21 
13 20 
11 1 6 2 1 
1 1 1 4 1 
1 3 
3 
3 
4 
32 
1 1 1 1 3 1 
1 1 1 1 1 1 
1 1 1 1 1 1 
1 1 1 1 1 1 
1 1 1 1 1 1 
1 1 1 1 1 1 
1 1 1 1 1 1 
1 1 1 1 1 1 
1 1 1 1 1 1 
32 
/
1 1 
3 1 1 
5 1 1 
4 1 1 
3 11 
3 8 1 1 
3 6 1 1 
3 6 1 1 
3 6 1 1 
3 6 11 
6 1 1 
10 1 1 
6 1 1 
6 1 1 
8 11 
7 1 1 
6 1 1 
5 1 1 
5 2 1 1 
2 7 11 
2 6 1 1 
2 8 1 1 
1 9 3 1 
1 10 3 1 
1 25 
1 15 1 
2 12 1 1 
2 7 1 1 
3 6 1 1 
1 11 1 1 
1 8 11 
1 6 1 1 
6 
6 
6 
6 6 
6 6 
5 6 
3 2 2 
3 9 
