#5.58 
#nonogram 327

13 
17 
3 16 
2 16 
10 18 
28 3 
21 3 3 
5 8 9 
4 6 13 
4 5 14 
3 4 17 
3 4 19 
3 3 4 11 
3 3 4 2 2 2 
3 3 4 1 
3 3 4 2 2 1 
3 3 4 10 
3 3 4 11 
3 4 18 
3 4 17 
4 5 15 
4 6 13 
6 8 9 
21 3 3 
28 3 
9 18 
2 16 
3 16 
17 
13 
/
8 
12 
14 
4 4 
4 4 
4 4 
3 3 
3 3 
3 3 
3 3 
3 3 
3 3 
3 3 
3 3 
3 3 
26 
28 
3 22 3 
2 7 7 2 
3 6 6 3 
9 4 9 
8 7 8 
8 9 8 
7 10 7 
7 3 3 7 
6 3 3 6 
6 4 4 6 
6 4 4 6 
6 4 4 6 
6 5 5 6 
13 13 
13 13 
12 14 
3 6 8 3 
3 7 7 3 
11 11 
9 11 
8 10 
7 7 
10 
