#5.60 
#nonogram 1932

11 2 
8 1 4 
5 6 2 1 2 
3 3 1 1 2 
3 1 3 2 1 5 2 
3 1 1 3 1 1 1 1 1 
2 1 1 1 3 3 1 1 1 
3 1 1 1 1 1 1 1 3 
2 1 3 1 1 1 1 1 
3 1 1 1 1 2 5 
2 1 3 1 1 2 5 
3 1 1 1 3 1 1 1 1 1 
3 1 1 3 2 1 1 1 3 
4 1 1 1 1 3 1 1 1 
4 1 3 2 1 1 1 1 
3 3 1 5 2 
4 6 1 1 2 
7 1 2 1 2 
10 3 
/
10 
12 
4 1 1 5 
3 1 1 1 4 
3 1 1 1 4 
3 3 
3 4 4 3 
2 2 
2 3 3 2 
2 1 1 1 1 2 
3 3 1 3 1 3 
1 1 3 1 3 1 1 1 
1 1 3 3 1 1 
1 1 2 1 1 
4 2 4 
2 4 2 
2 2 
11 
1 1 
2 11 1 
3 2 4 
2 1 
5 4 
12 
1 2 1 
1 2 1 
1 2 1 
10 
3 1 1 3 
6 6 
