#5.64 
#nonogram 849

4 6 32 6 
2 8 31 6 
1 10 31 3 5 
11 30 6 5 
11 30 9 4 
1 10 25 12 4 
1 10 5 23 14 3 
2 7 2 2 21 15 3 
3 4 6 3 16 7 9 2 
4 1 5 6 12 3 4 9 2 
3 7 3 9 7 4 4 10 
2 6 1 4 4 3 9 16 2 
2 5 5 3 23 4 4 
24 7 6 9 3 3 1 
25 5 3 5 7 4 2 2 
17 2 6 2 10 9 1 3 
4 5 6 7 15 6 5 
2 6 2 3 2 6 19 3 3 
1 3 3 2 1 3 28 4 
2 5 2 2 2 2 31 
16 3 5 17 1 
7 1 1 1 1 2 1 1 29 
7 1 1 1 1 1 8 4 
16 3 6 7 9 4 3 
2 5 2 2 2 8 4 6 3 4 
1 3 3 2 1 3 6 7 6 5 5 
2 6 2 3 2 12 7 13 1 3 
4 5 6 1 8 20 2 2 
17 4 9 14 5 2 1 
27 3 17 4 4 
26 4 2 5 4 2 
26 3 16 5 
26 3 18 
26 3 19 
26 2 20 
25 3 21 
25 3 22 
25 3 22 
25 3 22 
24 6 22 
24 1 1 23 
24 1 3 24 1 
24 2 1 25 2 
25 2 2 27 3 
26 3 34 
/
3 14 1 1 20 
2 2 11 2 2 19 
1 5 3 4 3 3 18 
1 6 1 1 4 1 1 1 1 18 
8 2 3 2 1 1 2 17 
12 3 1 1 1 1 17 
9 2 3 1 1 1 1 17 
9 2 3 1 1 1 1 17 
8 3 3 1 1 1 1 17 
8 2 4 2 1 1 2 17 
7 3 5 3 3 18 
6 2 6 3 3 18 
1 4 6 6 19 
5 3 1 6 6 19 
5 1 1 2 4 8 18 
5 1 1 1 3 2 4 2 17 
5 1 1 3 1 1 2 1 1 17 
5 2 2 2 2 1 2 1 2 16 
6 4 3 1 2 1 16 
7 3 3 1 1 16 
7 3 3 1 8 1 16 
8 2 3 1 2 2 1 16 
8 2 3 2 4 2 16 
8 3 3 2 2 17 
9 2 2 2 2 2 12 2 
9 4 4 4 7 4 1 
10 7 4 1 2 5 2 
11 7 1 1 2 10 2 
12 6 1 1 15 1 1 
12 21 1 1 2 
12 7 1 8 4 5 
11 2 2 1 5 8 1 
11 1 1 1 1 5 15 
11 2 1 2 1 3 15 
10 5 3 1 2 4 14 
10 4 4 2 4 14 
10 4 9 1 2 14 
10 3 9 1 1 14 
9 4 9 2 2 14 
9 3 10 5 14 
8 4 10 5 14 
8 4 9 6 14 
6 2 2 9 6 14 
3 2 1 9 6 14 
4 3 7 2 4 14 
9 7 1 3 14 
9 7 2 4 14 
11 6 8 13 
5 5 6 8 13 
5 4 6 8 12 
6 6 5 8 10 
14 5 6 2 9 
15 4 1 3 1 7 
11 3 2 1 3 2 6 
9 2 2 1 1 7 5 
9 4 1 1 9 4 
13 1 1 8 3 
12 1 1 7 2 
8 1 1 3 2 
2 3 1 1 1 
4 4 1 1 3 1 
6 3 4 5 3 1 
8 3 12 3 2 
10 2 6 7 2 3 
10 5 2 2 6 4 
