#5.65 
#nonogram 1787

13 4 
13 6 
11 7 
22 
24 
25 
26 
26 
26 
5 18 
5 6 9 6 
5 6 10 8 
4 6 9 3 3 
3 6 9 2 2 2 
2 15 2 4 2 
2 13 2 4 2 
2 11 2 4 2 
2 11 2 2 2 
2 11 3 3 
2 12 8 
2 12 6 
2 13 
2 16 
2 17 
2 17 
31 
31 
2 6 15 
2 6 16 
2 5 16 
2 3 16 
2 18 
2 18 
2 18 
2 18 
2 20 
3 2 18 
4 2 19 
4 20 
4 19 
23 
22 
21 
20 
18 
15 
14 6 
14 8 
13 3 3 
12 2 2 2 
12 2 4 2 
11 2 4 2 
11 2 4 2 
11 2 2 2 
10 3 3 
1 6 8 
1 6 6 
1 7 
13 
11 
/
26 
28 
5 2 2 
5 2 2 
5 2 2 
5 2 2 
5 2 2 
5 2 2 
10 4 3 
12 5 1 3 
2 12 5 2 4 
16 6 2 11 
16 6 1 14 
54 
10 13 24 
10 16 29 
55 1 
55 1 
56 1 
60 
60 
60 
2 57 
57 
11 29 4 
10 7 25 7 3 
9 9 23 9 2 
9 3 3 23 3 3 2 
9 2 3 2 23 2 3 2 2 
7 2 5 2 21 2 5 2 2 
5 2 5 2 14 2 5 2 
2 3 2 2 3 2 
3 3 3 3 
9 9 
7 7 
