#5.68 
#nonogram 1024

6 
10 
4 4 
3 2 2 3 
2 2 2 2 
2 4 2 
2 6 2 
7 7 
7 7 14 
2 6 2 14 
2 4 2 14 
2 2 2 2 14 
3 2 2 3 15 2 
4 4 15 3 
10 16 3 
6 17 3 
21 
20 
24 
6 23 
10 18 
3 2 3 18 
3 4 3 15 3 
14 14 3 
2 10 2 14 3 
2 10 2 14 2 
2 4 4 2 14 
2 4 4 2 14 
2 10 2 14 
2 10 2 14 
14 5 
3 4 3 5 
3 2 3 3 
10 5 
6 5 
7 
7 
9 
9 
9 
/
6 6 
10 10 
3 2 3 3 3 
3 2 3 14 
2 2 2 2 8 2 
5 4 5 2 8 2 
2 10 2 2 10 2 
2 2 2 2 7 7 
2 2 2 2 7 7 
2 10 2 2 10 2 
5 4 5 2 8 2 
2 2 2 2 8 2 
3 2 3 14 
3 2 3 3 3 3 
10 5 10 
6 7 6 
11 
22 3 
22 5 
24 7 
32 
32 
32 
24 7 
22 5 
22 3 
22 
22 
22 
22 
22 
6 
8 
3 2 3 
3 2 3 
3 2 3 
2 2 2 
