#5.69 
#nonogram 1841

36 
4 4 
3 11 3 
2 13 2 
2 3 1 3 5 2 
1 3 3 7 1 
1 3 1 1 3 3 3 1 
1 2 2 3 3 1 
1 2 2 2 2 1 
1 2 1 2 2 3 2 1 
1 2 1 2 2 5 2 1 
1 2 3 2 8 2 1 
1 3 9 3 8 2 1 
1 2 3 2 2 5 2 1 
1 2 1 2 2 3 2 1 
1 2 1 2 2 2 1 
1 2 1 2 2 2 1 
1 2 1 2 3 3 1 
1 3 1 1 1 3 3 3 1 
1 3 1 3 7 1 
2 3 3 5 2 
2 13 2 
3 11 3 
4 4 
36 
/
21 
4 4 
3 3 
2 13 2 
2 15 2 
1 3 1 3 1 
1 3 3 1 
1 3 1 1 1 3 1 
1 2 1 2 1 
1 2 1 2 1 
1 2 1 2 1 
1 2 3 2 1 
1 3 11 2 1 
1 2 3 2 1 
1 2 1 2 1 
1 2 1 2 1 
1 2 2 1 
1 3 1 1 3 1 
1 3 3 1 
1 3 1 3 1 
1 15 1 
1 13 1 
1 1 
1 1 
1 1 
1 1 
1 1 
1 11 1 
1 13 1 
1 3 2 3 1 
1 3 4 3 1 
1 2 6 2 1 
1 2 6 2 1 
1 2 6 2 1 
1 3 4 3 1 
2 3 3 2 
2 13 2 
3 11 3 
4 4 
21 
