#5.70 
#nonogram 1784

1 6 
2 2 1 2 
3 2 1 1 
4 1 1 1 
5 5 
5 5 2 
6 6 2 
6 1 5 5 1 1 
5 3 7 7 1 1 
4 6 12 5 1 
3 15 5 3 2 
3 15 4 4 3 
4 12 5 3 3 
2 3 11 4 8 
2 14 5 9 
1 7 12 9 
7 12 9 
1 3 1 12 8 
2 2 20 
5 19 
3 17 
15 
14 
12 
4 8 
2 2 5 
3 2 5 
2 2 5 
2 2 5 
1 9 
/
5 
7 
4 3 
3 5 2 
6 5 2 
1 5 2 5 2 2 
12 4 2 2 
16 2 2 
6 10 1 
4 8 2 
8 2 
1 9 1 
3 8 1 
1 2 10 2 
1 1 12 2 
2 4 12 2 
1 1 17 2 
2 11 6 2 
2 8 8 1 
5 11 1 
18 1 
15 1 
16 2 
6 8 3 
4 4 7 4 
2 19 
22 
21 
4 14 
1 14 
4 14 
2 14 
1 5 9 
