#5.74 
#nonogram 303

4 1 
7 3 1 
8 3 2 
8 4 3 
7 6 
7 5 5 4 1 
7 7 3 7 2 
6 9 8 2 
5 4 7 7 3 
8 2 7 5 3 
7 2 8 7 3 
4 4 11 7 3 
5 27 4 
5 28 5 
6 33 
6 31 
19 8 3 
6 10 6 1 
5 9 4 5 2 
5 7 6 5 2 
3 7 7 4 3 
6 7 4 3 
6 7 4 3 
6 1 5 4 4 
6 4 9 
6 1 2 9 
5 2 1 5 3 
8 1 6 2 
11 6 1 
11 7 
18 
19 
19 3 
18 6 
18 8 
8 7 9 
9 5 9 
9 5 8 
8 4 6 
7 4 3 
/
3 3 
5 5 
3 11 
16 3 
21 
8 2 7 
7 6 6 
5 8 4 
4 9 2 1 
7 6 2 
3 2 5 3 
3 2 6 4 
2 4 8 5 
3 16 6 
4 18 8 
4 19 8 
4 31 
3 30 
4 30 
4 1 28 1 
3 3 9 11 3 
4 6 13 
5 6 5 14 
6 4 5 14 
6 4 6 10 
11 7 10 
3 6 8 8 
7 8 6 
7 5 6 
8 8 
9 9 
23 2 
21 4 
19 6 
16 6 
3 2 8 
4 3 8 
9 7 8 
11 10 6 
24 4 
