#5.76 
#nonogram 244

15 
2 2 
2 13 2 
2 15 2 
2 2 5 2 2 
2 2 4 2 2 
2 3 4 4 3 2 
2 4 5 3 4 2 
2 5 5 5 2 
2 7 6 7 2 
2 29 2 
1 8 21 1 
1 8 21 1 
1 8 8 1 
1 8 8 1 
1 8 21 1 
1 8 21 1 
1 31 1 
1 9 9 1 
1 8 8 1 
1 8 11 8 1 
1 8 11 8 1 
1 8 8 1 
1 9 9 1 
2 29 2 
2 6 6 2 
2 5 5 2 
2 4 4 11 2 
2 3 4 10 2 
2 2 9 2 
2 2 9 2 
2 15 2 
2 13 2 
2 2 
15 
/
15 
2 2 
2 13 2 
2 15 2 
2 17 2 
2 19 2 
2 21 2 
2 23 2 
2 25 2 
2 27 2 
2 2 2 2 2 2 2 
1 2 1 1 1 2 1 
1 2 2 3 3 2 1 2 2 1 
1 2 7 3 2 1 2 2 1 
1 2 7 3 2 1 2 2 1 
1 2 7 3 2 1 2 2 1 
1 2 6 3 2 1 2 1 
1 3 5 3 2 1 3 1 
1 4 4 3 2 1 6 1 
1 5 3 3 2 1 6 1 
1 6 3 3 2 1 6 1 
1 6 3 3 2 1 6 1 
1 2 2 3 3 2 1 6 1 
1 2 3 3 1 6 1 
2 2 4 4 2 5 2 
2 27 2 
2 25 2 
2 23 2 
2 21 2 
2 19 2 
2 17 2 
2 15 2 
2 13 2 
2 2 
15 
