#5.79 
#nonogram 372

5 3 5 2 
24 2 
14 4 7 
4 5 4 2 5 
3 4 5 1 6 
4 6 14 
3 7 13 
3 9 12 
3 10 7 3 
3 15 3 
5 17 3 
25 3 
3 21 4 
3 5 14 4 
2 4 4 10 4 
2 3 3 3 9 
2 3 2 3 2 7 
2 3 3 3 3 7 
3 3 3 3 2 7 
3 9 5 8 
3 10 14 
2 12 14 
2 3 20 
2 3 2 12 5 
2 3 3 7 6 
2 3 3 3 4 6 
2 3 2 4 6 
2 2 3 3 3 7 
2 2 4 3 3 7 
3 3 5 3 3 7 
3 3 4 3 2 7 
3 3 4 2 3 7 
6 4 3 3 8 
5 4 3 4 8 
3 3 3 6 8 
2 3 16 
2 3 2 16 
2 3 3 16 
3 3 16 
4 3 17 
8 17 
25 
22 
3 6 9 
9 
/
12 
19 
12 3 
7 3 
7 3 
5 3 3 
4 3 10 
4 2 17 
3 3 15 3 
4 16 2 
3 13 6 2 3 
3 12 8 2 2 
3 6 3 3 8 2 2 
3 6 3 3 7 4 
2 8 5 2 2 6 
22 12 
23 12 3 
15 16 3 
14 3 10 4 
4 9 5 5 9 
3 14 3 13 
2 3 9 25 
6 7 25 
7 6 2 11 11 
14 3 4 2 10 
3 11 2 4 9 
2 1 7 3 4 10 
2 6 3 5 13 
3 4 10 18 
3 5 9 21 
8 30 
7 33 
43 
45 
45 
