#5.81 
#nonogram 2475

16 4 14 
3 9 3 1 12 3 
2 3 2 1 4 2 5 
1 4 9 2 1 5 6 
7 2 5 5 3 1 
5 3 4 6 3 1 
4 2 3 2 6 2 1 
1 2 1 3 2 7 1 
1 1 1 1 1 1 4 1 
1 2 2 2 2 3 1 
2 2 1 2 2 1 
3 3 2 1 
5 5 4 2 1 
6 4 6 1 1 
6 4 2 2 1 
10 2 2 2 1 
11 4 2 4 1 
12 1 2 5 2 1 
12 2 5 1 2 1 
13 5 2 2 1 2 
13 3 2 2 2 2 
13 2 3 2 3 
10 6 3 4 
6 4 3 5 
8 
/
4 6 
3 4 10 
2 4 13 
1 6 11 
1 9 10 
1 4 3 10 
2 1 2 8 
2 2 2 8 
2 1 1 9 
2 1 4 2 9 
2 1 2 2 2 8 
2 1 1 2 7 
2 1 2 2 6 
2 2 3 1 1 5 
2 2 2 2 2 3 3 
1 2 3 2 2 2 1 
2 2 3 2 
1 2 2 2 
2 2 3 
1 1 7 1 
1 3 5 3 
7 4 2 
4 1 4 2 
3 1 3 4 3 
3 3 5 6 
4 3 2 2 4 
3 8 2 
2 8 3 
2 7 2 
2 6 2 
2 2 1 2 
2 1 2 2 
3 2 2 
3 2 1 
2 3 1 
1 3 2 
1 2 3 
3 4 
3 6 
24 
