#5.85 
#nonogram 13784

2 
3 
3 
5 2 
9 
11 
17 
20 
22 
24 
26 
21 
3 6 20 
13 18 
19 17 
23 17 
10 15 16 
11 16 15 
7 2 10 14 
2 2 1 11 3 8 
3 1 13 8 
3 1 13 5 
24 
5 1 9 3 
5 1 5 1 3 
6 2 5 3 
6 3 1 5 1 
7 4 5 1 
4 3 5 3 2 
6 
8 
3 
1 3 
/
1 
2 
2 1 
4 2 
4 3 
4 4 
5 4 
5 5 
15 
15 
5 6 1 
4 2 1 
8 1 4 
17 
5 1 3 
6 1 2 1 
6 2 1 1 
6 3 
16 
1 16 
1 17 
2 18 
2 20 
3 10 3 
4 9 4 
6 8 3 1 
6 8 4 1 
7 10 1 
10 5 1 1 
11 3 2 
12 2 1 1 
14 1 1 
14 
13 
14 
14 
15 
18 
19 
19 
1 19 
2 19 
2 18 
20 
19 
