#5.87 
#nonogram 2943

1 
4 2 
3 1 1 3 
3 1 5 2 1 
2 2 3 2 3 1 
5 2 1 5 1 
1 1 1 4 8 1 
5 3 11 
1 2 2 4 12 
1 2 2 5 7 2 
7 1 5 8 1 
8 1 5 8 2 
10 1 13 
9 1 2 9 
6 1 3 5 
6 1 5 3 
6 1 5 2 
7 13 
3 8 9 
5 11 5 
2 13 3 3 
11 8 1 
9 5 4 
8 3 1 1 
5 7 
9 1 1 
7 3 3 
5 3 1 
5 1 3 
10 
/
2 
8 3 
3 1 3 2 
1 3 4 3 
3 7 3 
10 2 
9 2 
3 12 
1 3 12 
9 12 2 
1 1 18 4 
3 2 12 5 
1 3 4 13 
3 11 12 
7 1 8 1 
9 1 2 5 1 
3 5 1 1 8 
4 1 2 4 1 1 1 
12 2 1 5 
2 13 2 2 2 
2 8 5 2 3 
2 7 5 2 
15 4 3 
8 4 4 
8 3 4 
1 9 1 1 
1 6 3 3 
1 2 1 3 1 
4 3 3 
2 3 
