#5.88 
#nonogram 20029

2 7 
2 3 6 
7 1 2 
7 3 5 
7 5 6 
2 6 6 5 
4 6 8 3 
5 6 8 2 
5 14 4 
5 17 2 
9 4 11 2 
11 3 9 1 
2 5 4 4 8 3 
3 4 1 2 6 14 
4 7 9 12 1 
4 8 19 2 
3 5 2 1 14 3 2 
1 4 4 13 3 3 
2 10 12 4 2 
3 9 10 4 1 
3 8 11 4 2 
7 18 3 
6 6 10 1 
5 6 5 1 
3 8 4 1 
3 9 2 
3 11 4 
1 12 5 
8 8 
4 6 
/
2 2 
4 3 
10 
6 2 
6 6 
22 
23 
21 
17 
3 3 3 
2 2 3 
11 
3 5 
3 2 
6 
1 2 2 
7 4 4 
20 6 
28 
27 
9 17 
9 16 
5 2 15 
2 2 13 
4 7 4 
6 7 3 
17 2 
14 3 1 
15 2 
14 2 
13 2 
6 8 4 
4 15 1 
1 6 9 1 
2 1 1 2 8 2 
2 3 2 2 3 3 
2 3 1 2 1 4 
2 4 1 3 1 1 4 
11 2 4 2 5 
30 
