#5.89 
#nonogram 4778

5 4 5 6 
5 4 7 
4 4 4 7 
4 4 4 4 
2 4 1 3 2 
1 1 2 3 7 
1 1 1 4 13 
1 1 1 1 16 
1 1 2 15 
1 2 5 4 
1 4 6 1 4 
1 11 5 
4 1 10 5 
7 2 10 
2 3 2 4 8 
6 2 2 14 
7 2 2 15 
3 2 2 2 15 
8 7 9 
15 7 1 
24 5 
2 19 6 
5 14 7 
5 4 3 
7 
/
5 5 
5 
4 4 
4 4 
2 4 7 
1 1 9 
1 1 1 1 2 5 
1 1 1 9 1 
1 1 11 
1 5 5 
2 7 
5 3 1 
1 3 5 
1 5 
2 6 
3 5 4 1 
3 3 4 6 
3 6 4 6 
2 2 5 2 5 
1 4 3 7 
1 1 9 7 1 
1 17 
2 18 
21 
1 19 
3 4 8 4 
4 4 8 2 
5 4 8 1 1 
4 6 5 2 
3 5 2 4 3 
3 4 3 4 3 
2 4 3 4 3 
1 4 3 4 3 
4 3 4 3 
4 4 
