#5.94 
#nonogram 929

1 6 1 1 5 
2 2 1 2 2 5 
3 2 1 1 2 2 3 
4 1 1 1 1 2 2 
5 5 3 2 
5 5 1 4 
6 6 2 2 
6 1 5 5 1 3 
5 3 7 7 1 3 
4 6 12 5 3 
3 15 5 3 4 
3 15 4 4 5 
4 12 5 3 3 2 
2 3 11 4 8 2 
2 14 5 11 
1 7 12 11 
7 12 11 
1 3 1 12 10 
2 2 22 
5 21 
3 19 
17 
16 
12 2 
4 8 2 
2 2 5 2 
3 2 5 2 
2 2 5 2 
2 2 5 2 
1 9 2 
/
5 
7 
4 3 
3 5 2 
6 5 2 
1 5 2 5 2 2 
12 4 2 2 
16 2 2 
6 10 1 
4 8 2 
8 2 
1 9 1 
3 8 1 
1 2 10 2 
1 1 12 2 
2 4 12 2 
1 1 17 2 
2 11 6 2 
2 8 8 1 
5 11 1 
18 1 
15 1 
16 2 
6 8 3 
4 4 7 4 
2 2 19 
2 22 
3 21 
1 2 4 14 
3 1 14 
4 4 14 
2 2 14 
3 1 5 9 
30 
30 
