#5.99 
#nonogram 4110

3 5 4 5 
1 1 2 1 4 3 1 
1 1 1 1 1 
1 1 8 4 1 
1 1 5 5 
1 1 5 
1 1 6 
4 1 1 8 
1 2 1 1 9 
2 3 3 5 5 
2 1 3 23 
3 1 2 1 2 1 12 3 
5 2 2 1 1 10 3 
1 3 1 5 9 3 
7 1 2 1 1 1 1 7 
2 2 1 9 3 
1 6 6 11 3 
7 2 2 1 8 1 3 
3 5 1 8 2 1 
1 5 1 12 9 
6 3 5 7 
4 3 2 6 4 
2 3 3 11 
5 2 2 9 
12 7 
/
3 10 
1 4 2 2 2 
1 3 1 2 3 
2 3 2 4 
7 2 3 2 
1 2 2 2 2 
10 2 4 1 3 
1 2 2 2 4 
10 4 2 1 
1 2 2 2 1 
4 3 2 
1 2 5 
2 2 2 1 
3 1 3 
1 1 2 
4 4 1 
1 1 1 1 
2 4 3 
3 4 
4 1 6 
3 18 
2 1 7 10 
1 1 2 10 4 
2 1 3 4 5 3 
1 1 3 10 3 
2 1 4 4 5 4 
1 6 15 
1 5 5 3 4 
2 3 8 3 
1 2 4 1 2 
1 2 3 5 
2 1 2 1 3 
1 1 1 1 2 
2 2 1 1 1 
1 1 1 1 1 
1 1 1 1 1 1 
1 1 1 1 1 
5 10 
3 3 
3 3 
