#6.1 
#nonogram 2845

1 3 1 
3 2 3 1 3 
1 1 2 1 1 4 1 
1 1 1 1 2 4 1 
1 1 2 1 4 5 1 
2 3 1 2 1 5 2 
1 2 1 1 1 6 1 
1 1 1 6 
1 6 
2 1 1 7 
3 1 2 7 
4 4 9 
4 2 1 1 10 
5 1 1 1 2 9 
5 2 12 
6 16 
7 16 
9 16 
10 17 
30 
15 13 
11 1 13 
11 14 
12 10 
12 11 1 
11 10 
1 10 7 
3 8 8 1 
1 4 7 3 
1 7 1 1 
/
1 3 9 
3 1 13 1 
1 17 3 
15 1 
6 13 
2 12 1 
2 12 
2 5 11 
2 2 11 
7 2 11 
5 10 
5 10 
2 2 7 
2 1 3 5 1 
5 9 3 1 
7 1 2 
5 2 2 3 
8 2 3 
1 17 
3 17 
4 2 15 
5 18 
26 
1 24 
2 23 
1 21 1 
19 
1 1 17 1 
3 1 14 3 
1 3 9 1 1 
