#6.10 
#nonogram 1657

6 1 1 1 6 
10 3 1 9 
5 6 7 12 
6 6 3 15 
2 7 3 1 1 1 17 
4 5 4 1 10 8 
16 1 11 7 
3 8 12 5 2 
1 2 3 4 1 1 13 
16 3 1 1 12 
16 6 14 
4 10 4 12 
2 4 3 6 14 
3 3 1 5 1 1 6 5 
9 6 1 1 13 
12 25 
38 
32 6 
31 1 1 4 
32 5 
30 3 
32 5 
31 1 1 4 
20 11 6 
18 16 
17 11 
17 5 
17 5 
2 13 2 5 
3 10 3 5 1 
3 7 4 5 2 
2 2 13 
1 4 5 2 
4 1 2 3 3 1 
4 6 2 2 
3 10 3 1 
2 12 4 2 1 
16 9 1 
16 11 
16 3 5 1 
17 2 2 5 
18 2 3 
20 2 4 
24 4 3 
23 13 
24 11 3 
33 1 1 1 
28 5 2 
32 
33 2 
1 13 5 10 1 1 1 
2 9 1 1 16 3 
1 13 21 
2 10 4 1 1 10 
4 11 5 1 1 9 
1 2 5 2 1 1 6 4 6 
6 3 3 6 9 
6 1 4 10 8 2 
2 3 3 2 7 1 1 5 1 
1 1 2 2 3 8 1 1 7 2 
1 3 3 3 22 
2 1 1 3 3 17 
1 4 1 1 2 7 4 
1 1 2 2 2 6 1 
2 3 1 1 1 3 4 
/
7 10 9 9 1 1 1 
5 5 14 15 1 2 4 2 
6 5 16 17 4 
3 2 3 1 13 2 3 13 1 6 2 
4 1 2 1 15 1 2 15 2 3 1 1 1 
7 4 15 2 15 3 5 3 
7 4 16 20 5 
2 3 4 16 21 1 2 1 
8 3 17 21 
12 19 22 4 
5 6 19 28 
3 3 3 18 25 2 1 
7 4 18 22 2 
12 17 23 4 
9 15 19 3 6 
1 5 15 16 1 1 1 3 2 
1 1 1 16 12 3 2 
3 1 15 9 3 
6 16 10 6 
3 18 9 1 1 6 1 
1 1 1 17 10 10 
1 4 1 1 9 1 20 
3 1 1 9 21 
6 11 3 5 11 
1 4 10 7 8 1 1 4 
7 12 7 8 1 1 3 1 
5 1 1 10 5 10 7 
6 1 1 11 3 9 5 
24 1 11 6 
24 4 7 3 5 1 1 5 
4 13 5 13 11 1 1 6 
4 10 1 1 3 6 5 19 2 
5 12 4 7 3 19 1 
16 9 4 5 6 6 1 
13 5 7 1 5 2 1 1 11 
18 1 1 5 3 7 3 12 
20 7 5 8 6 4 
7 19 12 7 3 
26 1 4 1 1 7 4 
16 8 3 4 14 
