#6.109 
#nonogram 1574

2 
2 
3 4 
8 
4 2 
3 3 
2 7 
2 2 5 
2 3 5 
4 4 
6 4 4 
11 4 4 
3 8 3 4 
2 4 8 3 4 
2 9 8 3 4 
6 11 2 4 
4 8 3 3 
2 4 6 2 4 
1 1 21 2 4 
2 1 21 2 4 
2 3 20 7 
5 21 5 
4 16 2 6 
2 2 8 4 6 
1 2 2 8 5 
4 11 5 
7 12 6 
22 5 
2 18 5 
2 16 5 
1 11 5 
2 5 5 
2 3 4 
5 4 
4 
4 
4 
3 
2 
2 
/
3 
3 
2 
4 
3 7 4 
6 3 7 
3 5 5 2 
2 3 11 2 
1 2 5 4 1 
2 3 6 4 1 
2 2 7 5 1 
2 2 7 4 2 
2 2 8 6 
3 1 8 6 
3 1 6 6 
2 2 6 6 
3 1 6 7 
4 5 6 
5 5 6 
1 5 5 7 
2 1 5 5 7 1 
2 2 10 6 2 
1 3 10 6 3 
5 3 9 7 3 
3 5 8 7 5 
3 7 13 6 
3 1 6 9 7 
2 3 6 1 9 
2 4 8 11 
1 5 16 
2 7 11 
1 10 12 
19 
14 
8 
