#6.103 
#nonogram 2699

2 5 
1 2 3 
1 1 2 3 
1 2 4 2 2 
1 7 2 2 1 
1 2 2 1 2 2 
1 1 1 3 1 
1 2 3 1 1 1 
1 9 5 1 
1 2 1 6 5 
1 1 1 4 8 
1 2 1 1 10 2 
1 6 1 9 2 
1 2 1 1 3 2 10 
1 1 4 2 7 4 
1 2 3 1 6 2 
1 7 2 13 
1 2 2 2 3 6 1 
1 1 1 8 1 6 2 
1 2 5 1 2 6 5 
1 6 1 2 1 2 10 
1 2 1 1 2 2 3 
1 1 2 8 
1 2 3 
2 5 
/
25 
1 1 
23 
2 3 3 3 3 3 2 
1 1 1 1 1 1 1 
1 1 1 1 1 1 1 
1 1 1 1 1 1 1 
2 3 3 3 3 3 2 
8 6 2 
3 9 5 
2 2 1 1 
3 1 2 2 
1 5 2 
2 6 4 
2 6 1 2 
2 1 3 1 2 
2 2 2 1 1 
1 5 1 1 
2 5 2 2 
3 6 2 4 
8 6 1 
3 1 
1 2 
1 1 
2 2 
2 2 
3 3 
8 
8 
8 
8 
6 1 
4 1 
1 1 1 
1 1 1 
2 1 2 
1 1 2 
1 1 1 
3 2 
5 
