#6.106 
#nonogram 1560

3 6 3 
5 9 5 
7 11 1 2 
9 4 4 1 1 1 
1 10 2 1 1 3 2 1 
2 10 1 1 1 4 1 2 
5 9 1 2 5 2 2 
5 9 1 1 22 
5 10 1 2 4 2 2 
2 15 5 1 2 
1 10 2 1 4 2 2 1 
9 3 1 12 2 1 1 1 
7 2 1 1 4 4 2 1 2 
5 2 4 3 2 5 
3 2 1 1 2 6 2 3 
2 1 1 3 2 1 
1 2 2 8 1 
5 2 
/
3 
3 
7 
3 5 3 
5 3 5 
6 6 
15 
13 
11 
11 
9 
9 
7 3 
7 3 1 
1 5 3 2 
3 5 3 
6 3 2 1 
3 2 2 2 
2 2 1 1 4 
3 2 2 2 
3 2 1 1 1 
3 1 2 1 2 
4 2 3 1 
4 3 3 1 
8 3 1 
7 4 1 
5 1 1 1 
2 1 2 1 
2 1 1 1 
3 1 1 1 
1 1 1 1 1 
1 1 2 1 2 
1 1 1 2 1 
1 1 1 1 
1 1 2 1 
1 2 2 
1 2 2 
1 1 
1 
5 
3 3 3 
2 1 1 1 2 
2 2 3 2 2 
3 2 2 3 
5 5 
