#6.100 
#nonogram 1218

5 3 
5 3 
7 3 
7 3 
14 1 
15 2 
1 1 3 7 3 
2 1 13 
1 2 11 
1 1 11 
2 1 11 
1 2 11 
1 1 11 
2 1 15 
1 2 15 
3 1 10 
3 1 10 
2 2 10 
1 15 
1 14 
2 2 11 
1 2 8 
1 2 4 3 
2 1 4 1 2 
1 2 5 2 1 
1 2 5 5 
1 2 5 5 
2 1 5 5 
1 2 5 5 
1 2 6 5 
2 1 6 5 
1 2 6 5 
1 2 6 5 
2 1 6 5 
1 2 6 5 
3 6 5 
3 6 2 
3 4 5 1 
2 4 5 1 
1 4 5 1 
5 5 1 
19 5 1 
4 10 1 
21 5 1 
4 5 1 
/
3 
3 
9 
6 5 
4 3 3 1 
4 2 4 1 
5 3 6 1 
4 2 5 1 1 
8 3 5 1 1 
4 3 2 5 1 1 
4 3 3 5 1 1 
3 4 2 6 1 1 
2 4 2 6 1 1 
5 3 6 1 1 
2 2 6 1 1 
3 6 2 6 1 1 
3 2 4 6 1 1 
4 2 2 6 1 1 
2 1 2 2 6 3 
13 3 4 3 
19 4 3 
21 4 1 
25 1 
24 8 
23 8 
22 13 8 
15 12 8 
4 19 11 8 
4 19 12 
5 17 21 
