#6.101 
#nonogram 5730

3 1 
4 2 
8 
5 2 1 
5 2 1 
5 3 2 
11 2 
4 9 2 
3 7 2 
2 7 2 
1 2 6 3 2 
1 1 9 2 2 
1 1 8 6 3 
1 4 4 5 2 
1 3 2 2 2 3 3 
1 3 4 6 2 2 
18 3 
18 2 
2 16 4 
2 4 11 3 
5 10 4 
2 1 9 6 
1 2 1 7 4 
2 1 3 6 4 
2 1 10 5 
2 2 12 1 1 4 
1 1 8 5 1 1 1 4 
8 4 3 1 4 
1 11 5 4 
4 10 3 5 
5 3 6 3 4 
21 4 
7 2 10 5 
9 7 3 4 
10 1 5 4 
2 8 1 5 5 
3 4 7 4 
1 2 6 5 
1 15 
13 
1 10 
1 7 
4 
/
2 2 1 
5 4 2 
3 8 2 
1 5 2 2 5 
3 11 4 7 
8 10 12 
12 5 2 8 
12 5 12 
7 2 5 4 6 
5 4 6 6 6 
2 8 6 9 4 
15 17 2 
19 16 
9 8 2 2 1 1 
6 20 1 
4 24 1 
2 27 
1 2 26 
1 4 11 11 
5 6 3 7 
1 1 2 4 3 5 
1 1 1 7 5 
9 5 
1 1 1 1 1 5 5 
11 3 5 
14 1 1 1 1 6 
4 24 
3 22 
2 20 
3 17 
