#6.117 
#nonogram 2355

14 2 9 
20 7 2 10 
3 6 14 11 
2 14 7 4 10 
2 17 2 9 
2 14 5 2 9 
2 12 8 2 8 
3 9 9 2 8 
4 6 11 2 8 
5 3 13 2 7 
7 2 8 1 2 2 7 
7 8 3 3 2 6 
5 10 4 2 2 6 
3 12 1 3 1 2 2 5 
1 12 1 5 3 3 5 
14 6 2 2 2 2 3 
14 4 2 1 3 5 2 
15 3 2 1 3 2 4 1 
14 2 1 2 2 2 
13 7 3 2 
21 5 1 1 
19 7 1 1 
25 7 1 1 
23 7 1 1 
16 5 1 1 
14 2 3 2 
13 3 3 
11 3 2 2 1 
12 3 8 4 3 
13 6 12 4 
14 2 3 5 2 5 
1 13 1 4 1 2 2 7 
2 11 1 3 2 1 2 7 
5 9 4 2 2 8 
7 7 2 2 2 8 
8 1 5 1 2 2 8 
4 4 4 5 2 8 
3 9 3 4 2 9 
2 12 2 2 2 9 
2 15 2 2 9 
2 13 2 2 10 
1 10 7 2 10 
5 6 8 2 11 
17 2 13 11 
1 10 7 8 10 
5 16 2 10 
37 2 9 
37 2 9 
38 2 8 
39 2 7 
/
2 1 6 
4 3 5 
2 2 1 2 5 
2 1 2 2 2 5 
2 2 2 2 2 5 
2 2 2 2 2 2 4 
2 3 4 3 3 2 4 
2 4 5 3 5 3 2 4 
2 4 7 9 6 4 2 4 
2 5 5 16 5 4 2 4 
2 5 5 17 3 5 2 4 
2 6 3 18 3 5 2 4 
2 6 2 20 2 5 2 4 
2 7 1 20 2 5 2 4 
2 8 22 6 2 4 
2 8 22 6 2 5 
2 6 24 5 2 5 
2 4 26 5 2 5 
2 3 28 3 2 6 
2 2 30 2 2 6 
2 1 21 10 1 2 6 
2 13 6 10 2 7 
2 12 5 9 2 7 
1 9 1 6 1 2 6 
2 6 5 2 10 2 6 
2 5 4 5 1 2 2 3 2 5 
2 5 2 2 2 2 2 1 3 2 2 5 
2 13 2 2 7 2 2 5 
2 2 9 2 6 2 2 5 
2 2 7 2 4 2 2 5 
2 2 2 1 2 1 2 2 5 
2 1 1 2 1 1 2 2 4 
2 2 2 2 3 2 4 
2 2 2 1 3 2 4 
2 1 2 5 2 4 
2 1 4 2 4 
2 1 2 3 3 4 
3 2 2 2 6 2 
2 3 1 2 2 5 4 1 
1 1 5 2 1 3 2 7 2 3 
3 5 1 2 5 8 6 2 
6 4 2 1 7 4 11 1 
9 4 2 7 2 16 
11 4 7 2 19 
13 3 5 2 19 
15 2 3 2 20 
15 2 2 21 
16 2 5 1 22 
17 2 2 22 
18 7 23 
