#6.11 
#nonogram 2385

4 1 
7 1 1 1 
6 2 1 2 2 
7 1 2 1 2 
8 2 2 2 3 
3 4 1 2 2 2 
4 3 1 1 6 2 4 
3 4 1 12 2 4 
3 3 1 17 4 2 
2 4 22 6 
3 6 1 22 2 1 2 
3 6 22 7 
2 6 24 4 1 
9 25 3 
9 1 27 2 
9 25 4 
9 24 2 1 1 
10 3 3 2 7 7 
10 1 5 9 3 3 2 
10 9 1 4 1 2 3 
10 1 9 7 5 
10 2 7 4 3 2 
9 1 1 5 3 6 
9 1 5 6 
8 2 2 3 
9 2 2 3 
8 1 1 2 
7 1 2 2 
8 1 2 
5 1 
/
11 
14 
6 11 
4 14 
4 17 
4 18 
3 20 
4 22 
29 
12 13 
8 1 9 
6 5 
2 1 1 1 2 
2 1 5 4 
3 9 2 
5 10 4 
13 
8 2 
8 2 
9 1 
10 2 
10 2 
9 3 
9 3 
9 1 2 
12 2 
12 2 
10 4 
10 1 2 
10 2 2 
14 2 
12 2 1 
12 2 2 
13 1 2 
3 13 2 1 
2 18 2 
2 3 6 4 3 
2 2 2 3 4 2 
3 3 2 1 3 2 2 
2 3 2 1 3 3 4 
2 2 2 3 8 
5 7 1 1 6 
6 1 3 3 2 3 
8 3 7 
16 
