#6.114 
#nonogram 2368

33 
37 
16 22 
16 24 
16 23 
14 24 
12 24 
9 24 
7 4 23 
2 6 22 
1 8 18 
1 9 16 
9 13 
9 12 
9 10 
9 5 7 
8 2 11 4 
6 4 17 
5 21 
5 22 
7 4 22 
8 2 21 
8 19 
8 11 
8 1 
8 8 
8 22 
1 6 23 
4 4 25 
9 26 
11 26 
14 27 
15 27 
46 
44 
/
8 5 
7 5 
7 6 
7 7 
8 6 
9 6 
9 6 
8 6 
8 2 2 6 
7 4 3 5 
7 5 4 5 
7 6 5 4 
6 7 6 4 
6 8 7 4 
5 8 7 3 
5 8 7 3 
4 8 6 2 
3 7 6 2 
2 6 5 2 
2 5 4 2 
2 3 2 3 2 
2 4 2 
4 6 3 
4 6 4 
5 4 6 
6 7 
8 7 
9 4 8 
10 6 9 
10 7 9 
10 8 9 
10 9 9 
11 9 9 
11 9 9 
12 9 9 
12 8 9 
12 8 9 
13 8 9 
13 8 9 
13 7 9 
14 7 9 
13 7 9 
13 6 10 
14 6 10 
13 5 10 
13 5 10 
13 5 10 
12 5 9 
12 3 8 
11 8 
