#6.110 
#nonogram 20462

3 3 6 1 4 
2 1 2 2 3 1 3 
4 1 4 2 2 3 
3 3 5 1 1 3 
4 2 2 5 1 4 
4 1 6 2 5 
1 3 1 8 1 5 
2 1 3 5 2 6 
1 9 2 1 5 
6 6 2 5 
3 2 6 1 5 
2 2 3 5 3 4 
1 2 1 2 1 3 4 
1 4 1 4 3 
1 4 4 3 3 
1 4 7 4 2 
1 4 9 3 2 
1 4 1 4 3 1 
8 4 3 1 
5 1 4 3 1 
4 2 1 3 3 
4 1 1 2 3 4 
6 1 3 4 3 
6 4 6 4 
7 6 4 3 
9 2 3 3 
11 2 1 5 
7 1 1 3 
6 6 1 1 
12 2 1 3 
1 2 3 1 6 
2 2 3 
3 2 1 
6 
/
1 1 
2 2 
2 6 2 
3 12 3 
3 21 1 
5 2 12 2 
3 23 
8 9 10 
3 3 1 6 6 
1 2 3 8 2 3 
3 3 1 1 2 2 4 
1 7 2 2 1 3 
2 3 5 5 1 2 
1 1 1 6 3 1 3 3 
1 8 3 4 2 
2 7 3 2 2 1 
1 7 2 2 1 1 
8 4 3 1 2 
7 2 4 2 2 
1 6 4 4 1 2 1 
5 2 5 7 3 2 
3 1 1 6 7 1 
1 4 5 12 
1 1 1 4 4 2 
3 6 5 6 
1 9 6 2 
15 9 
17 6 
20 4 
