#6.113 
#nonogram 8315

8 
14 
6 1 1 1 1 3 
6 1 1 1 1 1 2 
5 1 1 1 1 1 1 2 
4 1 2 
7 1 1 1 1 1 1 1 
4 3 1 1 1 1 1 2 
3 6 1 1 1 2 1 3 
2 19 1 3 
3 9 8 1 1 3 
2 8 5 2 
2 10 7 1 1 3 
2 6 3 3 2 1 3 
2 4 7 
2 4 5 
2 5 2 
2 5 2 
3 6 2 
2 5 1 1 
3 4 2 
3 4 1 
4 3 2 
5 4 1 2 
11 1 2 3 
11 6 
10 5 
12 
/
9 
13 
5 5 
4 5 4 
4 9 4 
5 11 4 
4 12 3 
3 1 6 6 4 
3 8 5 3 
3 6 5 4 
4 8 2 4 
2 6 1 6 
4 5 2 5 
2 1 5 
5 5 5 
2 4 3 
5 8 2 
2 5 2 1 
5 8 2 
2 4 4 
11 1 4 
1 3 1 2 
2 1 1 2 
1 2 3 2 
2 1 1 2 
2 2 4 2 
2 1 2 2 
6 4 3 
14 
10 
