#6.127 
#nonogram 3649

5 4 
14 2 
15 3 
12 2 2 
4 12 5 
6 13 
8 13 3 
8 19 2 
10 19 3 
27 2 2 
26 5 
27 
27 
28 
28 
28 
29 
29 3 
36 2 
21 20 
21 14 3 
1 21 2 5 4 
2 21 2 4 
2 11 10 2 4 
4 10 7 2 2 
16 5 4 2 
15 3 4 3 
15 1 1 1 3 3 3 
15 1 1 1 3 3 2 
15 1 1 4 2 2 
13 1 1 3 4 2 
12 1 3 4 2 3 
10 1 3 2 1 3 7 
9 1 1 1 4 3 13 
8 1 1 1 4 3 13 
7 1 4 2 3 5 
9 3 4 6 6 
10 3 2 1 3 10 
13 3 3 8 
12 3 2 3 3 
11 2 2 2 
9 3 2 1 
8 4 2 
7 3 2 
5 4 2 
5 2 1 1 
3 2 2 
2 3 2 3 
2 2 1 3 6 
2 2 4 8 
2 2 5 3 2 
15 3 
13 3 
4 4 1 
3 2 
/
5 
9 
8 
7 
7 
8 
11 
17 
25 
29 
31 
33 
35 
36 
37 
22 3 6 
19 2 7 
17 2 8 
16 2 3 7 
15 2 9 
23 3 3 9 
25 2 14 
26 19 
26 18 2 
41 5 
36 11 
29 12 4 
23 15 2 4 
18 12 2 2 2 5 
18 11 2 2 8 
29 3 12 
21 2 9 6 
3 17 9 6 
4 17 13 4 
4 30 5 
1 4 15 2 1 5 
1 3 8 2 2 3 
2 1 3 3 2 2 3 
4 3 5 3 3 3 
2 2 5 3 3 3 2 
1 5 8 6 
1 4 8 4 
2 1 3 9 
4 2 11 
2 1 9 
1 2 
1 
3 
3 
2 
