#6.120 
#nonogram 1037

2 2 
4 4 
6 6 
8 8 2 
10 10 13 
11 11 3 9 
11 11 4 10 
11 11 5 9 
11 11 6 9 
11 11 6 3 1 
11 11 7 2 1 
11 11 3 7 2 1 
10 10 4 7 3 1 
9 9 6 6 9 
20 7 6 9 
7 7 9 5 9 
7 7 10 4 9 
1 2 2 12 3 9 
2 2 17 13 
2 2 18 2 
1 2 2 14 9 
7 7 24 
7 7 23 
20 22 
9 9 20 
10 10 19 
11 11 18 
11 11 17 
11 11 
11 11 
11 11 
11 11 
11 11 
10 10 
8 8 
6 6 
4 4 
2 2 
/
2 2 
4 4 
6 6 
8 8 
10 10 
11 11 
11 11 
11 11 
11 11 
11 11 
11 11 
11 11 
10 10 
9 2 9 
20 
7 7 
7 7 
1 2 2 1 
1 2 1 
1 2 1 
1 2 2 1 
7 7 
7 2 7 
8 2 8 
9 2 9 
10 2 10 
11 2 11 
11 4 11 
11 6 11 
11 8 11 
11 10 11 
11 12 11 
11 14 11 
10 16 10 
8 17 8 
6 17 6 
4 15 4 
2 3 13 2 
7 11 
11 9 
15 8 
17 7 
17 7 
1 9 1 8 
3 3 8 
15 8 
15 8 
6 7 8 
5 6 8 
5 6 8 
5 6 8 
5 6 4 
5 6 
10 
