#6.12 
#nonogram 2584

9 
13 
5 14 
13 7 1 
3 11 3 5 2 
4 6 10 6 
5 2 1 12 3 1 
7 1 11 1 2 
7 3 11 1 
7 1 11 1 
8 1 12 2 
1 4 2 2 5 2 1 2 
1 1 2 1 1 5 2 4 
1 1 1 2 8 4 
1 2 2 5 6 4 
2 9 5 3 1 
2 3 4 3 1 
2 1 3 4 2 1 2 
2 1 2 4 2 2 
3 1 2 4 2 
3 1 3 3 
5 1 3 1 
4 1 1 3 1 
6 2 1 4 2 
5 1 1 3 1 2 
5 1 1 3 1 2 
1 3 2 2 5 2 1 
2 2 2 1 2 1 1 2 2 2 
3 1 1 4 3 1 2 3 
5 8 1 1 1 1 1 2 4 
1 5 1 2 5 
5 14 6 
3 1 1 15 5 
2 2 2 26 
1 3 3 25 
/
19 4 
11 3 3 
8 2 2 1 
7 2 7 1 1 2 
6 1 3 7 4 
7 2 2 1 
8 1 5 4 
7 1 1 2 1 1 2 
7 1 1 2 2 1 
1 6 1 2 3 3 
4 8 2 4 
8 6 1 2 4 
4 1 5 1 2 6 
4 1 2 2 1 6 
5 1 1 5 
4 1 8 
2 1 1 1 5 
4 1 2 2 4 
7 3 4 
11 1 4 
14 3 
4 11 3 
3 14 1 3 
3 7 11 2 
3 7 9 1 7 2 
4 6 8 3 1 2 
4 6 2 2 5 2 2 
5 5 2 1 5 2 3 2 
6 6 7 2 2 1 2 
6 4 7 2 1 2 
7 1 5 2 1 3 
5 7 2 2 3 
1 5 1 2 3 3 
4 5 2 2 4 3 
2 5 3 3 5 3 
