#6.121 
#nonogram 6190

21 10 2 2 
19 3 5 1 2 
16 3 7 1 2 
2 13 2 5 2 
4 10 1 9 1 2 
6 8 1 10 4 1 
7 5 13 1 1 
8 3 14 2 1 
9 1 8 2 2 3 1 
10 7 2 2 1 1 
10 8 2 2 4 
10 7 2 2 1 
10 5 2 3 1 3 
10 6 3 3 2 1 
10 2 4 3 2 1 1 
11 1 4 3 2 1 
11 2 4 4 1 
11 1 4 7 
12 4 2 2 
12 4 2 4 
12 5 1 4 
13 8 1 1 4 
13 6 1 2 4 
13 5 2 3 3 
13 4 3 4 2 
13 4 3 5 
12 3 4 2 2 
12 8 5 3 
12 2 6 4 1 
11 2 7 4 2 
11 1 8 3 3 
10 2 2 7 2 3 
9 3 10 3 
8 1 10 1 
7 4 10 
6 3 5 1 9 
5 1 6 1 9 1 
5 3 7 1 9 1 
5 7 2 8 2 
5 1 8 2 7 3 
6 9 3 4 2 
6 10 3 3 6 
6 1 11 3 2 1 1 
6 1 18 3 3 1 
6 23 1 1 1 
/
2 42 
2 42 
2 41 
3 41 
3 40 
3 31 5 
4 29 
4 27 1 1 1 
5 25 1 1 
6 23 1 1 3 
7 16 1 1 
8 11 2 
9 5 6 
8 8 
7 9 
6 2 10 
6 3 10 
5 2 1 10 
4 1 1 2 11 
1 4 1 1 11 
1 8 1 1 1 5 
16 1 3 4 
2 15 1 3 3 
2 7 14 3 2 
2 7 2 17 3 2 
2 13 9 7 5 
1 14 6 2 7 4 
1 8 4 3 12 3 
9 2 3 2 13 2 
8 5 1 1 15 1 
15 1 1 20 
9 2 1 1 21 
3 4 5 1 1 1 19 1 
1 1 8 2 1 4 10 
1 1 2 1 
4 2 1 1 
1 1 6 4 1 
1 1 1 1 1 4 4 1 1 1 
1 1 2 1 1 4 2 3 1 4 1 
3 13 6 1 2 4 9 
7 2 4 
5 1 4 1 4 3 
10 
