#6.129 
#nonogram 931

8 1 
2 2 1 
2 2 
2 4 2 3 
8 2 6 
1 8 2 9 
2 9 9 1 
5 10 7 
6 10 4 3 
6 12 1 8 
9 16 8 
10 23 1 
13 21 1 
12 18 1 
31 1 
28 1 
26 1 
24 1 
23 1 
1 23 1 
25 1 
23 1 
5 11 1 
7 8 1 
3 3 6 1 1 
1 5 6 2 1 
1 5 6 2 1 
4 4 2 1 1 
2 2 1 2 1 
2 3 3 1 
1 5 1 
1 1 
2 1 
2 1 
11 1 35 
/
2 1 
2 2 1 
4 8 1 
11 1 
12 1 1 
15 1 
16 1 
10 6 1 
11 4 1 
11 2 1 
12 1 
12 
12 3 
15 7 
16 4 1 
17 3 1 
7 14 1 
7 13 1 
4 18 1 
15 2 1 
14 2 1 
14 1 1 
14 2 1 
14 2 1 
2 14 5 1 
17 3 1 
3 13 1 
2 14 1 
1 13 1 
1 13 1 
1 12 1 
2 11 1 
3 10 1 
1 3 8 1 
3 5 1 
3 4 1 
3 3 1 
3 3 1 
5 2 1 
4 3 1 
3 3 1 
3 3 1 
2 3 1 
3 3 1 
2 2 1 
2 2 1 
3 3 1 
2 2 1 
2 2 1 2 24 
