#6.139 
#nonogram 7164

4 
6 
2 9 
11 
13 
10 2 
12 1 
14 
15 
10 3 
11 3 
10 2 
12 2 
12 1 
12 2 1 
11 1 2 1 
7 3 1 3 
12 2 4 
8 3 2 1 
3 4 2 2 1 
7 3 2 
4 2 3 1 
7 2 1 
3 4 3 2 1 
8 1 2 1 2 
8 3 1 1 2 
1 1 2 1 2 1 
1 1 2 4 2 1 
3 2 2 2 
1 2 1 2 2 
2 2 2 3 
3 1 2 1 1 
3 2 3 
2 2 1 2 
2 3 
/
1 
2 5 1 1 
2 8 2 2 
2 10 3 3 
15 9 
16 9 
18 3 2 1 
25 
19 4 1 
23 
16 5 
7 9 
3 3 9 
2 3 4 4 6 
3 4 4 3 1 2 4 
3 4 6 2 3 2 3 
2 4 1 3 2 1 1 
2 2 2 2 
3 3 2 
2 2 3 1 
1 1 3 4 2 
2 1 1 4 1 1 
1 6 4 4 
1 2 6 3 2 
4 6 
