#6.132 
#nonogram 3909

9 3 2 
8 3 2 
6 3 1 2 
6 3 3 20 
10 1 4 4 2 2 2 2 
12 6 3 2 2 2 2 
14 2 2 2 2 2 
15 2 2 2 2 2 
16 2 2 2 2 2 
3 10 2 2 2 2 2 
2 8 2 2 2 2 2 
2 1 9 2 2 2 2 2 
3 3 2 1 2 2 2 2 2 
3 1 1 1 1 3 2 2 2 2 
3 1 2 21 
2 3 2 2 3 2 4 2 
2 2 3 1 2 1 2 2 3 2 
1 2 1 3 2 3 1 3 1 2 
2 2 4 4 2 1 2 1 
2 2 1 1 6 2 4 2 
1 2 2 12 2 2 4 
2 2 1 13 2 2 
2 2 2 13 2 2 
2 2 13 5 
2 1 13 
/
7 2 2 1 
9 2 2 2 
6 4 2 2 1 
5 2 2 2 2 
6 3 2 2 1 
6 1 1 1 2 2 2 
6 2 2 2 
7 1 2 1 
7 2 
2 8 1 6 
3 7 2 5 
3 8 1 5 
4 8 3 1 5 
5 8 1 2 5 
4 1 6 2 6 
3 2 4 2 7 
2 3 4 2 8 
1 4 4 9 
5 1 8 
3 1 6 6 
2 2 5 5 
1 4 3 2 4 
12 2 
12 2 
2 1 2 
3 2 2 
2 14 1 
1 12 2 1 
1 1 2 1 
1 1 2 2 
14 2 
14 2 
1 2 2 
1 2 2 
12 3 
12 2 
1 1 1 
1 1 1 1 
15 2 
13 3 
