#6.135 
#nonogram 9522

10 8 
7 18 7 
4 24 5 
3 16 6 5 
1 1 12 1 1 4 4 
2 5 21 4 3 
2 3 23 4 3 
1 2 30 2 
2 1 19 9 1 
2 18 7 
2 22 7 
16 11 4 
13 12 3 
13 13 2 
13 2 15 3 
14 2 5 9 2 
16 1 12 3 
16 10 16 
15 11 2 11 
26 1 15 
25 2 3 10 
25 1 3 10 
26 1 2 11 
27 1 11 
27 15 
16 16 
13 1 3 16 
13 3 21 1 
13 1 20 1 
14 1 18 1 
33 2 
31 2 
28 4 
1 24 4 
1 21 6 1 
2 21 1 5 1 
2 2 25 5 2 
1 2 1 19 5 3 
2 3 1 1 10 2 4 4 
2 1 4 13 6 5 
2 5 22 6 
5 16 7 
11 8 
/
7 5 
2 2 2 1 7 10 3 3 
2 25 2 
2 23 1 1 1 
1 1 23 3 1 
1 4 25 5 
1 3 26 2 
1 2 28 1 1 
1 2 29 1 
2 31 2 
1 32 2 
1 34 1 
36 2 
38 1 
12 11 10 1 
11 10 1 11 
11 4 7 1 13 
10 2 7 3 12 
11 9 13 
13 8 14 
14 1 8 17 
16 8 17 
16 8 17 
4 11 8 11 4 
4 11 8 11 4 
4 4 5 8 11 4 
9 5 8 7 8 
4 3 4 2 2 7 7 
3 4 4 2 1 8 2 3 
2 3 3 2 2 8 2 4 
3 3 6 1 8 1 4 
2 3 10 8 1 3 
3 3 18 1 4 
3 3 4 3 7 5 
7 6 8 6 
8 16 5 
6 14 5 
1 5 14 4 1 
2 5 14 4 2 
2 4 12 3 3 
4 3 12 2 4 
5 5 10 3 5 
7 19 6 
8 13 7 
9 9 9 
