#6.131 
#nonogram 2536

1 4 1 
6 
7 
7 1 
1 7 3 2 
7 6 4 
1 6 1 9 6 
6 12 4 
1 5 1 2 9 4 
4 1 4 3 7 3 
3 11 4 6 3 
3 14 6 4 3 
1 21 8 2 3 
22 14 3 
1 23 14 3 
24 14 3 
24 14 3 
23 15 3 
21 15 3 
19 1 15 3 
7 8 3 14 4 
5 2 5 3 1 14 4 
1 3 4 4 4 12 4 
4 3 4 1 9 6 
1 6 1 1 4 6 4 
7 5 3 2 
7 1 6 
8 4 1 
7 1 1 2 
4 1 
/
1 1 2 
1 1 1 5 1 4 
3 1 8 5 
6 1 9 6 
7 1 10 6 
8 10 6 
9 9 7 
8 10 6 
1 8 9 5 1 
16 2 1 
1 4 9 2 
1 2 12 
13 
12 
1 12 1 1 1 
12 3 
11 6 
11 8 
10 7 
1 9 7 
10 3 1 
12 1 
9 1 
9 
7 
7 
6 9 
22 
4 17 
3 15 
3 15 
4 14 
3 13 
4 12 
4 12 
4 10 
4 10 
5 10 
1 4 9 1 
2 14 2 
4 10 4 
5 6 
20 
18 
14 
