#6.141 
#nonogram 14617

5 3 11 
4 4 7 
3 5 4 
2 8 3 
4 5 1 
4 5 
6 4 2 
4 7 5 8 
6 10 13 
7 9 14 
7 8 14 
7 11 17 
5 12 10 5 
15 11 2 
25 
24 
22 
4 20 
7 21 
9 21 
1 12 20 
1 12 19 
2 1 8 12 
1 1 5 12 1 
3 1 11 
3 2 8 
4 4 
/
4 4 5 
4 6 3 3 
3 6 3 
2 6 2 1 
1 6 1 1 
5 3 2 
3 5 
1 5 
5 5 
13 
8 5 
15 
10 5 
16 
12 4 
17 
14 3 
4 11 
6 10 
6 9 
8 9 
7 9 
4 8 
4 9 
3 9 
2 10 
3 10 
2 11 
2 11 
2 13 
3 13 
2 7 6 
9 6 
7 6 
1 6 6 
1 4 6 
1 4 5 
1 5 5 
2 5 5 
2 5 4 
2 6 4 
3 6 4 
4 6 4 
4 4 3 3 
5 4 2 4 
