#6.143 
#nonogram 310

5 
7 
6 
6 
7 
8 
11 
14 
23 
26 
28 
30 8 6 
50 
51 
52 
45 3 
41 2 
44 
45 
46 
49 
53 
57 
57 
41 9 
41 6 
41 3 
41 2 
41 
41 
41 
41 
43 
43 
43 
43 
43 
43 
43 
43 
43 
42 
42 
42 
42 
42 
42 
43 
44 
46 4 
47 7 
56 
54 
53 
50 
50 
55 
55 
55 
42 7 
39 3 
38 2 
36 
36 
35 
36 
35 
34 
33 
32 
10 3 14 
9 3 14 
7 5 12 
7 19 
7 3 15 
1 3 1 10 
1 3 3 7 
9 5 
/
20 
30 
35 
38 
42 
44 
47 
50 
53 
55 
57 
59 
63 
67 
71 
69 1 
72 
73 
73 
71 1 
68 1 
67 2 
67 2 
67 3 
68 3 
4 69 
3 67 
3 67 
3 62 3 
3 62 2 
2 64 2 
2 67 
1 68 
69 
70 
70 
69 
69 
68 
66 
64 
65 
13 9 28 
13 14 7 
13 11 
13 11 
13 9 
5 7 8 
5 7 8 
4 5 9 
4 5 9 
3 5 10 
4 4 5 4 
4 5 5 4 
4 5 4 4 
4 5 2 4 
5 5 5 
6 6 5 
5 6 4 
