#6.144 
#nonogram 16462

3 
7 
8 
9 
1 9 
13 4 
13 5 
19 5 
9 1 4 3 
7 3 3 
5 6 3 
6 8 5 
6 8 8 
3 2 8 7 
1 2 9 5 
2 4 7 
3 21 
5 1 10 
2 5 11 
3 4 11 3 
4 4 2 6 4 
1 4 4 5 4 2 
3 3 3 3 3 4 
2 5 1 1 5 
10 5 
11 4 
4 5 3 
3 3 2 
2 
2 
/
3 
2 2 2 
1 5 4 
4 3 4 5 
2 6 2 3 8 1 
4 9 4 5 2 
14 4 7 
14 5 5 
12 6 4 
12 2 1 3 3 
9 5 1 6 
7 2 4 3 2 
5 4 6 2 
5 6 4 2 
4 6 7 
4 12 
1 12 
1 11 
1 10 1 
1 9 1 
2 1 7 1 
1 1 2 5 1 
1 1 2 1 1 1 
2 1 3 1 1 2 
2 1 3 1 2 3 
2 1 3 1 1 4 
2 1 3 1 1 4 
3 1 3 1 2 4 
2 1 3 1 1 4 
2 1 2 1 1 3 
