#6.14 
#nonogram 2532

3 
4 
1 4 4 
3 4 3 
4 2 3 
2 2 6 3 
4 1 5 5 
5 3 6 2 2 
6 2 1 5 3 3 
7 2 4 6 4 
7 3 11 2 1 
6 2 3 11 2 1 
5 2 1 1 11 3 
5 3 12 1 1 
5 6 11 1 1 
5 9 9 2 1 
6 6 2 5 2 1 
7 3 4 2 2 1 
8 1 8 1 
12 2 1 1 
12 4 3 1 
12 4 3 2 1 
17 3 2 1 
11 2 3 4 
8 1 3 2 
6 4 3 3 
3 6 3 
9 3 
11 4 
10 3 
/
2 22 2 
1 22 2 
2 21 2 
1 20 3 
1 19 3 
2 4 10 3 
1 2 4 8 4 
2 6 7 4 
10 5 5 5 
4 4 1 4 5 5 
2 1 1 2 4 5 4 
1 1 1 1 3 5 4 1 
2 3 2 2 2 1 
2 4 1 1 2 2 
2 11 1 1 
2 9 1 1 2 
2 10 1 2 2 
2 9 1 1 2 
2 6 1 1 1 
1 7 2 2 2 
2 8 1 1 1 
1 8 1 1 2 
12 7 
14 5 
1 11 4 1 
1 1 1 2 
2 16 
6 3 3 
2 3 3 1 
4 3 3 
