#6.148 
#nonogram 19189

1 
3 
5 
3 7 
5 10 
2 2 3 12 
2 6 13 
5 8 14 
21 16 
7 22 6 
5 1 20 8 
9 5 9 10 
9 5 7 12 
8 5 19 
6 4 6 6 
5 5 7 4 
4 4 10 3 
1 4 4 2 6 2 
5 3 8 
4 3 6 
4 3 5 
6 4 5 
4 2 4 6 
4 2 5 5 
4 2 6 5 
5 2 6 5 
8 2 7 5 
8 2 8 5 
5 2 8 5 
4 3 14 
4 4 6 3 
4 6 3 
/
3 2 
5 2 
6 2 
7 4 
8 1 4 
4 6 6 
5 6 8 
2 2 7 8 
2 2 6 3 3 
2 3 4 2 2 
3 5 2 1 
8 2 1 
7 2 
8 13 
9 14 
6 2 5 3 
5 3 3 2 
4 2 2 1 
3 3 2 1 
4 2 
5 1 
6 2 
5 3 
6 2 
6 2 1 
6 1 3 
8 1 4 
6 4 6 
6 7 8 
5 21 
5 7 13 
14 11 
10 4 9 
11 6 5 1 
12 7 3 
13 15 
14 14 
8 7 12 
9 9 8 
7 7 6 
