#6.145 
#nonogram 5637

33 6 
33 2 3 
18 12 2 2 
17 12 4 
17 13 2 1 
17 12 2 1 
18 10 2 1 
13 2 1 2 2 2 
9 3 1 2 6 3 
1 4 2 1 1 1 9 
1 1 1 2 2 1 1 2 8 
2 1 1 1 1 1 6 
3 1 1 6 1 1 1 
4 1 1 1 1 2 1 
3 1 1 3 2 2 1 1 
1 1 1 2 3 2 
1 1 1 2 1 2 
2 1 1 6 7 
4 1 1 10 
5 1 12 
4 4 8 3 
2 7 14 2 
1 28 1 
2 3 25 
5 4 7 4 
4 3 19 2 
4 8 6 9 1 
3 1 11 5 4 3 
3 17 2 3 3 
2 23 3 3 2 
/
8 7 5 7 
8 4 5 7 
9 1 3 1 3 1 5 
9 1 3 3 
9 1 1 1 1 
10 2 
10 3 
10 4 
19 5 
9 2 5 
9 2 2 4 5 
8 1 4 4 
8 7 5 4 
7 2 1 2 2 1 4 
7 2 1 1 2 1 4 
7 1 1 1 1 1 4 3 
7 5 1 1 3 1 3 
3 2 4 1 2 1 2 
2 4 3 2 2 2 
2 2 2 2 
2 1 5 2 
3 2 5 2 
5 1 5 1 
6 2 7 1 
9 3 5 1 1 
7 3 5 1 1 
7 6 1 1 
7 4 1 1 
8 4 5 2 1 
8 1 2 5 2 2 
7 1 6 3 1 
7 2 7 3 1 
7 3 8 4 
4 4 9 5 
2 2 8 3 3 2 2 
3 5 3 3 1 1 
1 6 3 3 4 2 
2 4 4 4 3 2 
4 5 4 3 3 
11 9 2 
