#6.153 
#nonogram 15361

3 
4 
4 
3 
3 
3 
2 
3 2 
3 4 2 1 
5 3 2 1 
5 4 3 2 
5 6 4 4 
5 7 6 4 
6 4 6 5 
5 1 2 2 15 
7 23 
2 17 11 
5 14 12 2 
6 27 4 
8 26 3 
9 6 20 
10 8 18 
11 8 17 
12 8 15 
12 8 15 
23 3 7 3 
10 4 5 4 7 2 
8 3 5 3 6 
5 3 4 3 5 
4 2 2 3 4 
3 1 3 3 
2 3 1 
3 5 
3 6 
2 8 
2 8 
1 9 
1 10 
12 
13 
1 11 
11 
1 8 
1 1 5 
2 1 1 
/
2 
5 
8 
13 
19 
10 4 
11 
11 
11 
5 12 
8 10 
9 7 
10 6 
11 4 
9 2 
4 14 1 
5 1 14 1 1 
7 15 5 
19 4 1 
2 18 6 
3 5 10 7 
1 6 9 7 1 
6 7 11 
6 3 11 
7 13 
9 18 
3 27 
4 23 
4 10 8 
13 3 
3 20 
6 22 
31 
12 16 
16 
17 
17 
17 
16 
4 7 
8 
5 
4 
2 
