#6.151 
#nonogram 20050

4 
6 
7 3 
8 5 
1 12 
1 2 5 
5 5 
5 5 
3 4 5 
5 3 4 4 
7 2 2 5 8 
3 4 5 6 10 
2 5 4 5 5 7 1 
5 2 5 2 2 12 4 
3 1 1 10 1 2 4 7 
3 1 1 10 1 1 7 4 
3 1 1 4 4 1 2 6 4 
3 1 2 3 3 2 2 10 5 
3 2 2 3 4 2 5 5 
8 7 4 4 5 
3 1 10 3 
7 8 
20 
5 11 
5 10 
7 
4 
/
8 
8 
7 
1 1 
10 3 
2 9 
2 8 
3 3 6 
7 6 
2 1 
6 2 2 
8 3 
10 3 
11 3 
2 3 2 3 
3 3 1 3 
4 4 1 3 
10 3 
9 4 
1 3 2 7 
3 2 2 3 
2 5 4 
2 4 
4 6 
12 
5 1 3 
4 1 1 
5 1 1 
5 1 1 1 
3 5 1 1 2 
10 3 4 
4 3 8 
5 2 9 
7 8 
5 3 4 
3 3 3 
2 3 3 
1 2 2 
1 2 2 3 
6 2 8 
19 
10 8 
9 6 
7 
