#6.158 
#nonogram 12754

13 
20 
1 23 
2 25 
28 
11 6 
10 1 3 
6 1 2 2 
3 1 3 
3 1 2 1 
2 5 4 
1 5 5 
3 2 1 7 
5 3 2 2 7 
6 4 3 1 4 
2 2 2 1 5 3 
3 2 1 2 3 3 
4 2 2 2 2 
5 2 1 2 1 1 4 
6 2 2 4 2 7 
7 2 4 2 8 1 
7 2 2 1 2 8 1 
7 2 5 1 11 
7 2 5 13 
7 1 3 1 13 
8 2 4 15 
8 7 17 
8 9 19 
9 35 
2 7 32 1 
2 14 15 6 1 
3 11 17 2 
2 10 4 19 2 
1 10 6 9 10 1 
1 8 6 1 4 3 8 
2 1 12 1 10 5 
1 1 2 12 4 3 4 
1 3 4 5 2 4 2 
3 3 3 5 1 
1 
/
8 20 
9 24 
1 6 4 13 2 3 
7 2 13 1 
7 3 16 2 
7 3 16 
6 3 17 
7 3 13 
7 5 8 2 
7 6 7 2 
6 3 4 7 1 
5 2 3 12 
5 5 18 
5 9 14 4 
5 2 2 3 2 2 7 6 
5 7 11 4 1 
5 1 5 6 
5 4 6 
5 3 3 2 
5 7 2 
4 1 4 2 
4 1 5 2 
4 2 1 6 
4 7 
4 6 
5 4 8 
4 10 10 
4 3 3 10 
1 4 1 11 
1 4 8 2 
3 9 1 1 
1 10 2 2 
3 14 1 
4 16 1 
20 3 3 
7 11 4 3 
6 10 3 2 
3 12 4 2 
2 12 5 1 
1 13 5 2 
13 5 
3 10 6 
2 11 1 
2 6 2 
1 6 
