#6.150 
#nonogram 9513

2 6 1 
12 3 11 1 
22 3 15 1 
25 3 17 
30 9 9 
30 6 1 8 
29 5 2 2 1 6 
6 13 5 3 2 6 
6 13 6 2 1 1 4 
6 12 4 9 5 
6 12 9 4 3 3 
6 12 4 6 1 3 
6 12 4 3 9 3 
6 12 6 5 5 
6 12 4 1 1 3 4 
6 13 6 5 2 4 
6 13 5 1 1 1 6 
29 5 2 2 1 6 
29 7 1 6 
30 17 
31 15 1 
6 16 11 1 
6 17 7 1 
6 19 1 
6 22 1 
6 27 1 
6 29 1 
6 29 1 
6 29 1 
6 29 1 
5 29 1 
44 1 
44 1 
43 1 
43 1 
42 1 
42 1 
6 27 1 
4 28 1 
3 29 1 
2 30 1 
1 1 31 1 
2 1 1 31 1 
3 36 1 
3 9 23 1 
4 8 24 1 
5 8 25 1 
1 4 8 26 1 
6 7 2 23 1 
6 5 2 23 1 
1 4 2 2 21 1 
6 1 27 1 
6 26 1 
6 22 1 
7 21 1 
12 21 1 
2 10 21 1 
16 21 1 
6 3 7 21 1 
21 19 1 
21 15 1 
2 18 14 8 1 
7 13 12 11 1 
14 6 11 14 1 
21 10 15 
21 16 1 6 
20 9 7 1 5 
20 14 2 1 6 
2 2 4 3 5 16 1 1 2 4 
20 15 4 4 
20 22 4 
20 11 11 
6 13 2 7 5 4 
20 4 2 4 1 1 1 4 
20 7 5 1 7 
3 16 8 5 1 6 
11 8 2 15 
20 1 1 2 13 1 
19 1 1 1 1 10 1 
19 6 1 
/
38 
26 5 2 29 
30 13 4 6 11 
33 30 4 
36 34 
39 21 11 
41 4 13 7 
5 4 9 7 17 
5 4 8 25 
6 4 7 5 25 
6 4 6 7 3 9 11 
6 4 6 11 21 3 
6 4 6 8 24 
6 4 6 7 23 
6 4 6 7 6 4 11 
6 4 6 8 23 
6 4 6 8 22 
36 6 22 
36 6 21 
43 1 1 19 
43 3 2 7 
42 2 1 2 
42 3 3 
51 2 
48 3 3 
68 
68 1 1 
68 3 1 
72 1 
7 61 1 
5 53 3 1 
4 5 52 2 
2 11 58 
15 56 
17 43 6 
7 1 8 41 10 
7 1 2 6 39 13 
5 3 1 1 5 38 15 
6 2 1 1 4 45 1 6 
4 2 3 1 6 36 5 1 5 
5 3 3 3 4 35 6 1 1 4 
5 10 4 35 4 2 1 1 4 
4 2 5 1 6 35 4 2 3 4 
5 7 3 4 35 4 4 4 
8 4 2 4 33 19 
6 1 1 1 2 4 33 4 4 4 
5 1 3 2 4 5 2 1 7 
7 1 1 7 5 2 1 5 
6 2 2 5 6 1 5 
8 8 15 
17 14 
15 11 
3 12 44 9 3 
