#6.159 
#nonogram 17313

8 
4 1 3 
2 1 1 2 
2 1 2 2 
2 1 6 
3 2 3 3 
2 3 4 2 1 2 
2 9 1 1 2 
14 1 1 1 
13 2 1 1 
2 10 2 1 1 
1 10 2 1 1 
1 10 2 1 2 
2 10 1 1 2 
1 11 1 1 2 
2 11 1 1 2 
1 11 1 1 2 
2 11 1 1 2 
1 11 1 1 2 
2 11 1 1 2 
1 11 1 1 2 
2 11 1 1 2 
1 11 1 1 2 
1 11 1 1 2 
1 11 1 1 2 
2 11 2 3 
2 11 6 
2 8 1 2 2 
2 7 1 1 2 
2 6 1 1 3 
2 5 1 6 
2 4 2 6 
2 4 3 5 
2 5 4 4 
2 10 6 
2 8 9 
2 6 10 
2 5 12 
2 4 14 
2 5 6 5 
3 2 1 4 2 1 2 
3 2 7 5 1 
5 12 8 
4 2 5 5 2 
3 2 8 1 1 2 
2 2 17 
1 2 14 
2 15 
3 14 
3 1 10 
2 1 6 1 
1 17 
1 7 1 1 4 
2 5 7 2 
5 11 
18 
4 13 
9 1 5 
3 3 1 3 
6 1 3 3 
2 1 7 2 
5 2 2 
10 
/
21 
30 
3 5 7 
3 2 2 4 
3 2 2 6 
3 3 2 11 
8 2 4 12 
3 1 5 7 1 1 1 
2 1 2 2 4 7 
38 5 10 2 
35 8 3 5 1 
35 8 8 2 1 
2 32 10 1 5 1 1 
2 24 5 11 6 4 
2 24 3 12 1 10 
1 23 2 3 1 6 6 2 1 
2 23 3 3 1 6 1 5 1 1 
27 3 3 1 5 7 1 1 
1 19 4 5 1 5 2 6 2 
7 20 4 2 7 11 
1 10 5 3 9 6 
1 2 30 3 5 
2 1 2 3 9 3 3 
6 17 1 16 
7 2 11 1 1 
28 6 1 2 
20 6 3 
9 
