#6.15 
#nonogram 1630

5 2 3 11 
2 2 2 3 1 6 
3 2 5 2 6 
12 10 
7 1 4 
5 7 5 1 3 
5 7 3 3 1 
1 1 6 3 2 7 
1 1 7 2 2 1 2 3 
4 5 4 4 2 
4 6 3 1 5 
4 8 5 1 3 
2 1 10 3 2 1 
2 1 9 2 6 
2 1 7 1 3 1 3 
4 7 1 7 1 
3 4 1 3 6 
3 5 3 2 1 3 
4 1 3 7 1 
4 2 2 5 9 
1 1 3 6 2 3 
1 1 2 1 2 3 1 
4 1 4 2 2 1 3 
2 2 5 9 
2 1 3 6 1 
4 2 2 4 3 3 
2 1 4 2 9 
2 1 6 2 1 7 
4 8 8 2 3 
4 4 2 3 1 5 
1 1 3 1 2 4 1 
1 1 7 2 2 1 2 3 
4 7 2 3 7 
2 2 8 3 2 1 
2 1 8 5 1 3 
3 3 1 4 
23 
3 1 3 1 1 1 5 
2 1 1 1 1 1 9 
4 5 13 
/
12 5 11 
5 11 1 5 6 
6 3 5 4 2 1 4 
33 3 
1 4 4 1 
1 2 15 8 5 
5 12 3 9 2 1 
4 12 1 1 8 4 
1 1 13 3 4 4 2 
1 11 1 1 2 1 2 5 2 
1 4 6 3 1 2 2 4 1 1 
4 4 5 2 1 1 1 1 4 1 1 
4 2 1 3 2 2 1 2 3 4 
1 1 2 2 2 2 1 2 2 2 1 1 
2 1 3 1 1 2 1 2 2 1 4 
4 1 2 2 2 2 1 2 1 1 
2 1 2 1 2 1 1 3 2 2 1 
4 1 1 1 1 2 2 4 3 1 1 1 
2 2 1 2 2 2 1 2 2 1 2 4 
1 1 1 1 1 1 2 1 1 2 2 2 1 1 1 
4 1 1 1 1 2 1 1 1 2 1 1 1 1 1 
1 2 2 2 1 2 3 1 1 3 1 1 1 4 
1 2 2 1 2 1 3 2 2 2 2 4 
1 2 2 1 1 1 2 2 3 2 2 4 
3 1 3 1 1 2 1 4 2 1 3 
3 30 3 
2 1 1 1 1 1 1 1 1 1 1 1 2 
2 2 2 2 2 2 2 2 2 2 2 2 2 
2 2 2 2 2 2 2 2 2 2 2 2 2 
2 2 2 2 2 2 2 2 2 2 2 2 2 
