#6.157 
#nonogram 4730

5 6 
1 3 7 
1 3 7 
3 2 2 6 
3 3 1 3 2 6 
7 4 1 2 4 2 4 
3 4 1 2 2 7 3 
3 1 1 1 1 2 2 4 3 
3 1 2 1 1 1 2 4 3 
3 4 2 1 2 4 3 
3 4 2 1 2 4 2 
3 1 1 2 1 2 4 2 
3 1 2 2 2 4 5 
3 4 1 2 4 2 
3 4 6 4 2 
19 4 2 
2 1 5 1 4 1 
3 5 1 4 1 2 
1 1 5 6 1 2 
6 7 4 
8 7 3 3 5 
8 12 2 5 
1 1 1 2 4 2 3 8 
8 3 1 2 3 8 
1 1 1 2 3 3 3 3 7 
8 2 2 5 
5 2 3 3 3 3 
5 3 2 1 3 
2 2 4 2 4 
5 13 
/
11 7 
13 2 1 2 
13 7 
2 1 2 1 5 
11 2 10 
2 2 5 2 1 1 1 1 
3 3 4 2 10 
1 10 10 
2 1 
1 1 8 
6 1 11 
1 1 8 4 
1 5 8 2 
2 3 8 1 1 1 
2 10 2 2 1 
3 6 8 1 4 
5 3 3 2 
1 12 4 1 1 
1 11 1 2 2 1 
2 2 2 1 1 1 
3 5 2 
4 3 3 4 
18 8 
15 6 
15 
16 
1 3 
1 1 4 
3 2 2 3 
6 3 4 
5 1 2 6 
6 4 11 
12 7 
10 9 
8 8 
