#6.164 
#nonogram 9511

3 1 1 
7 3 
8 2 
10 1 
10 4 1 
10 5 2 
11 1 2 3 
12 5 3 
12 5 3 
13 7 4 1 
14 8 6 
24 3 3 
27 4 
25 4 1 
20 1 
21 3 
25 2 
26 2 
27 2 
18 7 2 
17 5 2 
16 5 2 
15 3 2 
14 1 2 
13 4 
13 1 2 
13 3 2 
2 10 1 1 2 
2 10 2 2 
2 3 6 5 3 
2 6 2 5 
1 5 3 5 
1 2 1 2 9 
/
1 
2 
2 
2 1 
4 2 1 
4 2 2 
5 1 2 
7 1 2 
7 5 2 
8 5 3 
9 10 
9 12 
10 12 
11 13 
10 14 
9 14 
8 13 
8 12 
7 12 
6 13 
17 
16 
14 
14 
12 
11 
13 
14 
16 
1 13 
16 
15 
2 10 
1 9 1 
9 2 
10 2 
12 4 
13 1 1 
3 9 2 1 
2 2 6 4 1 
2 5 1 1 4 
1 7 3 3 
2 10 1 4 
7 1 1 18 
2 1 1 18 
