#6.16 
#nonogram 2390

1 4 
1 1 6 4 
1 2 11 4 
1 3 19 4 
1 16 5 3 
1 1 8 8 3 
1 1 4 14 3 
1 2 4 22 3 
1 3 11 16 3 
1 3 5 2 16 3 
1 3 5 1 7 7 3 
1 1 6 3 5 1 7 3 
1 3 9 2 3 1 8 3 
1 1 6 3 4 1 6 3 
1 5 1 1 3 1 6 3 
1 5 1 6 9 3 
1 9 2 13 3 
1 11 3 1 10 3 
1 16 1 10 3 
1 14 1 11 3 
1 14 1 10 3 
1 18 13 
35 
4 22 
1 2 15 
1 1 5 4 
1 1 4 
1 1 4 
1 1 4 
1 12 
13 
11 
/
11 
3 3 
3 4 1 2 
1 6 1 1 
4 6 2 
6 6 6 
20 1 2 
20 6 
22 3 
2 17 3 
2 16 3 
2 1 3 7 3 
2 1 1 7 3 
2 2 1 7 3 
2 3 13 3 
2 5 1 7 3 
2 2 3 6 4 
2 1 1 1 7 4 
2 1 1 9 4 
2 5 4 3 4 
2 7 1 1 7 
2 10 8 
2 13 4 
2 5 4 1 4 
3 5 1 1 6 
3 7 9 
3 5 12 
3 5 1 10 
12 10 
24 
1 24 
2 23 
3 22 
4 21 
4 12 4 
5 5 
20 
16 
12 
