#6.169 
#nonogram 20033

2 1 
2 2 
2 4 2 
2 7 1 
5 10 2 
19 1 
20 2 4 
19 2 6 
18 2 5 
17 2 5 
10 6 1 2 
4 5 1 2 
4 4 9 2 2 
3 2 2 6 2 2 
5 2 1 6 2 
14 1 1 1 
11 1 1 3 
13 1 4 
4 2 6 
4 4 3 7 
3 2 4 4 2 
3 5 13 
7 5 14 
14 15 
31 
28 
18 8 
18 10 
19 5 4 
19 3 5 
7 19 
4 6 2 6 
2 4 3 4 
2 2 3 
10 
/
4 
6 
2 5 
2 7 
1 9 6 
16 6 
26 
27 
7 4 12 
7 1 3 1 12 
8 2 3 2 10 2 
8 2 3 2 9 1 
9 1 3 1 9 1 
8 3 7 1 
8 3 7 1 
8 1 1 7 1 
7 1 2 8 1 
7 2 13 1 
2 10 13 1 
2 8 16 
3 3 3 10 
9 1 9 
7 10 
2 4 4 
6 6 1 
2 12 
2 13 
4 11 2 
2 9 1 1 
1 10 1 
1 9 2 
1 1 2 7 4 
3 2 2 5 6 
4 2 3 4 6 
7 4 4 6 
4 11 4 
8 3 4 
5 
