#6.165 
#nonogram 2482

10 8 2 2 
8 4 2 4 1 2 
6 2 3 1 1 3 2 2 
5 1 2 4 2 7 2 
4 2 5 2 2 
2 3 4 1 2 
2 1 2 2 3 1 
1 2 2 4 3 5 
1 2 3 8 7 
2 9 4 1 3 
3 1 6 4 5 
2 5 3 1 
7 2 
2 3 3 2 
6 4 4 2 1 2 
1 1 13 10 2 
3 24 2 
6 12 1 2 
2 3 10 2 
2 3 7 4 1 
1 2 3 7 2 2 
2 3 5 1 1 
1 1 2 3 5 1 1 1 
2 1 10 5 2 
3 1 7 2 4 1 
/
6 1 1 1 3 
6 1 2 2 2 
5 1 2 2 1 1 
5 1 2 1 2 2 
4 2 4 2 
3 1 2 2 2 1 2 
2 1 3 9 1 
2 3 2 9 
1 2 3 4 1 3 
1 2 5 2 3 
2 3 2 2 
2 2 2 2 
2 2 2 2 
3 2 2 2 
1 1 3 2 2 
1 2 2 2 3 
1 1 2 4 2 
2 1 2 4 3 
4 2 6 2 
3 2 3 3 
7 3 2 7 
2 4 5 9 
2 2 4 7 
5 3 7 
3 2 7 1 
1 1 3 6 2 
1 2 8 1 
1 3 6 2 
3 1 2 2 1 
5 4 4 2 2 
3 2 1 1 
6 1 1 
6 2 2 
6 4 7 4 
7 9 1 
