#6.167 
#nonogram 3596

5 
6 
6 
3 6 
4 9 2 
6 6 3 
10 11 
9 2 8 
4 6 4 
13 8 
1 3 9 9 
2 4 6 5 3 
2 1 4 2 1 3 2 2 
2 2 5 2 1 7 
2 4 5 1 1 9 
2 3 2 4 1 2 8 
2 3 4 2 2 2 6 
2 4 5 3 1 2 2 
2 3 10 2 3 2 
2 3 9 1 2 3 
2 3 2 4 3 
2 11 2 6 
2 10 1 3 
2 1 2 
1 5 
/
1 
3 
2 2 
2 1 2 
2 3 2 
2 5 2 
2 7 2 
2 3 3 2 
3 3 3 
6 2 
2 5 2 
3 4 4 2 
5 6 3 2 
7 8 2 2 
3 8 4 2 2 
3 5 1 2 3 4 
3 7 2 4 2 1 
2 7 7 2 1 
2 2 3 1 
2 2 3 2 
9 3 
9 2 
9 3 
3 4 4 
7 5 
5 1 3 
1 5 5 
10 2 2 
10 3 
6 4 2 
5 5 4 
2 2 10 
3 3 8 
4 4 3 
4 4 3 
