#6.166 
#nonogram 1544

7 6 
9 2 4 
10 1 6 
11 1 1 5 
12 3 6 
11 3 7 
11 2 1 8 
10 1 1 2 9 
11 2 1 3 10 
8 8 11 
7 7 12 
5 21 
5 22 
4 23 
3 23 
3 3 21 
2 2 22 
2 1 22 
2 1 23 
1 26 
1 22 3 
1 22 1 
1 22 1 1 
1 20 4 
1 20 5 
1 18 5 
1 16 5 
2 8 4 4 
2 4 3 5 
2 4 4 
2 2 5 
2 5 
2 5 
3 5 
4 5 
/
14 
11 4 
10 3 
9 3 
9 1 2 
8 3 2 
9 4 2 
8 7 1 
9 8 2 
8 10 1 
9 14 1 
9 4 9 1 
7 4 10 
6 7 11 1 
5 24 
5 22 
2 24 
3 19 
1 3 19 
3 23 
2 3 15 
1 16 1 
4 18 1 
3 20 2 
24 3 
24 4 
22 4 
21 6 
20 9 
18 8 
15 8 
13 7 
12 4 
13 
6 
