#6.173 
#nonogram 6754

3 
4 
2 3 
3 2 
4 2 
5 2 
5 2 
6 2 
6 2 
7 2 
7 3 2 1 
7 4 3 4 2 
6 6 9 1 2 
5 4 10 1 3 
8 6 1 2 
7 2 5 1 2 
5 5 3 7 2 2 1 
3 11 6 2 1 2 
3 10 7 2 2 
13 4 4 2 3 
11 4 1 5 2 
9 4 6 2 
10 4 5 4 
25 5 
30 
27 
26 
24 
18 2 
16 1 
14 3 
5 3 
12 
9 
/
8 
11 
13 
15 4 
13 9 
9 2 9 
9 3 11 
1 4 3 13 
4 2 15 
2 2 16 
2 2 17 
2 2 17 
2 3 5 11 
9 4 10 
7 4 8 2 
4 8 2 
2 9 2 
2 10 2 
11 2 
12 2 
1 4 8 2 
2 4 8 2 
2 5 8 2 
7 1 7 2 
8 6 2 
9 7 2 
20 
4 1 3 6 
3 1 2 4 
3 2 4 
1 6 3 
2 5 3 
5 3 
2 3 
4 4 
5 4 
4 4 
