#6.175 
#nonogram 2707

3 
7 
7 3 
4 2 3 
13 5 
3 16 5 
4 6 2 2 4 
5 18 5 
6 20 4 
7 11 2 2 3 
8 22 4 
9 24 3 
9 14 2 2 2 
8 27 3 
9 28 2 
10 17 2 2 1 
10 32 
10 8 
10 7 
10 6 1 
9 4 2 
8 9 
8 3 2 
1 12 1 2 
2 3 11 1 2 
6 10 2 2 
4 13 1 1 
4 9 3 1 
2 1 7 1 
1 1 5 1 
/
2 1 2 
1 1 1 
3 
4 
2 3 
4 
2 
2 
2 
6 
12 
14 
15 
15 
16 
16 
16 
16 
11 3 
10 2 
9 3 
8 4 
8 11 
7 6 1 1 
17 1 
7 7 1 
5 8 1 
8 6 
21 
9 
9 
10 
11 
12 
12 
13 
13 
13 
3 10 
3 2 7 
3 2 2 4 
7 2 2 1 
1 8 2 1 
1 2 8 1 
2 2 2 7 
5 2 2 4 
8 2 2 1 
3 8 2 1 
2 1 8 1 
3 1 1 7 
5 1 1 4 
7 1 1 1 
9 1 1 
11 1 
12 
