#6.176 
#nonogram 11175

1 2 1 5 3 
1 1 2 1 3 2 
1 1 2 4 2 1 1 
1 1 2 6 4 2 
1 1 1 2 4 5 3 
1 1 1 1 1 5 7 3 
1 1 1 2 5 9 3 
1 1 1 3 4 7 3 3 
1 1 1 3 6 6 3 3 
1 1 1 3 4 6 1 3 3 
1 1 2 6 7 3 3 3 
1 1 8 7 4 3 3 
1 1 1 6 6 6 3 3 
3 2 4 7 6 3 3 
3 5 7 5 2 3 
3 4 9 5 4 3 
6 6 3 3 8 3 
4 6 3 3 1 11 
2 7 1 3 3 3 9 
1 7 2 3 3 5 8 
6 4 3 3 6 6 
5 6 3 3 7 4 
4 6 3 3 7 3 
2 5 3 3 1 6 3 
1 6 2 3 3 2 5 3 
5 4 1 1 5 3 3 
7 5 6 3 3 
1 7 5 5 2 3 3 
1 7 8 4 3 3 
1 1 8 5 6 3 3 
1 1 7 1 8 3 3 
1 1 7 8 3 3 
1 1 14 3 3 
1 1 1 12 3 1 3 
1 1 1 1 9 6 3 
3 2 1 1 1 7 11 
3 2 1 1 1 7 9 
3 2 1 1 1 1 7 7 
3 2 2 1 1 1 1 8 6 
3 2 2 1 1 2 1 1 7 4 
3 5 2 1 2 1 1 7 2 
9 2 1 2 1 1 2 7 1 
9 4 2 1 1 2 1 7 
9 4 2 1 1 2 2 7 
9 4 5 1 2 2 1 4 
9 4 5 1 2 2 3 1 1 
9 10 2 11 2 
/
16 20 
6 4 12 
10 4 1 14 
2 4 2 6 
4 4 4 18 
5 4 4 12 
2 3 6 7 
8 4 8 13 
5 3 3 4 9 
3 4 4 4 
9 4 3 4 12 
5 4 3 1 4 7 
13 4 3 3 4 5 
2 3 3 3 4 12 
5 4 4 3 5 1 
6 3 2 4 3 
4 13 3 4 8 
2 14 3 4 10 
6 15 3 4 3 
3 4 3 4 9 
5 4 11 2 5 
7 4 10 3 6 8 
2 3 11 3 7 1 
6 4 3 3 9 
6 4 3 4 1 3 9 6 
2 4 3 4 3 5 4 6 
5 4 3 1 4 3 4 4 1 
2 3 3 1 4 3 4 1 4 5 
2 4 4 3 4 1 4 3 4 4 
3 3 3 3 4 4 3 4 1 
2 4 4 4 4 4 4 5 3 
2 4 5 4 3 4 2 
1 11 4 11 4 4 2 
1 13 5 11 4 4 1 
13 4 11 4 4 1 
5 5 4 
38 4 
1 38 2 
2 38 1 1 
3 2 
