#6.186 
#nonogram 19838

3 3 
11 
16 
18 
21 
25 
26 
26 
29 
30 
2 31 
35 
1 34 
2 35 
1 6 38 
4 50 
56 
58 
60 
60 
10 48 
9 46 
6 44 
2 41 
2 3 32 
1 3 31 
3 2 29 
3 2 29 
2 2 29 
5 27 
4 24 
5 24 
31 
3 24 
2 22 
22 
22 
22 
22 
22 
22 
22 
22 
22 
22 
22 
21 
20 
20 
20 4 
20 8 
20 10 
20 12 
38 
38 
38 
33 
33 
15 14 
13 12 
11 11 
9 9 
7 6 
4 
2 
/
3 
5 
6 
8 
2 10 
13 
8 
7 
6 
6 
5 
5 
7 
8 
9 
9 
9 
10 
9 
13 2 
20 
19 
10 4 3 
10 5 3 
2 10 4 3 3 
14 2 2 3 
14 24 
19 31 
56 
57 
60 
60 
59 
59 
59 
60 
59 
60 
59 
60 
59 
59 
57 
57 
58 
58 
47 6 
45 9 
31 11 
31 12 
31 13 
29 14 
25 14 
25 14 
25 14 
23 13 
18 12 
17 10 
11 8 
3 3 6 
