#6.188 
#nonogram 1187

4 
3 4 3 
2 10 1 
4 5 
3 5 
1 6 2 3 
2 1 3 3 2 
7 3 7 1 1 
5 3 8 6 
9 9 3 
18 2 
17 7 
3 15 10 
1 1 12 13 
1 2 5 16 6 
2 1 3 17 6 1 
1 2 2 3 10 8 
2 1 2 4 10 5 
3 2 5 10 4 
2 6 7 
2 6 7 
3 6 6 
3 7 7 
3 7 7 
2 6 1 4 
2 6 5 
1 2 1 1 
/
4 
1 3 
3 2 
4 3 1 4 
7 3 6 
9 3 
11 2 3 
9 2 5 
1 7 2 4 
9 2 7 
7 3 7 
9 9 
6 7 
16 
2 16 
19 
1 10 2 
4 5 2 
2 1 5 4 
2 1 5 6 
2 6 7 
2 4 8 
3 3 10 3 
4 1 11 4 
3 1 15 
1 3 2 15 
6 1 13 1 
2 3 2 3 8 
3 5 4 6 
2 4 3 
2 4 
4 
5 
5 
3 
3 
2 
2 
