#6.183 
#nonogram 19398

19 6 
15 1 5 2 
12 3 2 
9 1 2 3 2 1 
8 2 2 2 
5 1 2 1 4 4 
5 2 2 2 4 3 
4 2 2 2 2 2 2 
4 1 2 3 2 5 2 
1 1 1 3 4 3 1 1 
1 2 2 2 2 1 2 1 
2 3 1 3 7 
4 4 3 2 1 2 1 
2 4 2 3 2 3 1 2 
1 2 1 2 3 9 1 
2 2 2 4 6 1 
2 3 2 7 2 1 1 
2 1 2 3 6 2 3 
3 2 3 4 2 3 2 
3 3 5 1 3 5 
1 5 2 2 2 3 
2 3 1 2 2 2 
3 2 2 2 2 1 1 
5 4 2 3 2 2 2 
11 2 6 
/
11 4 5 
9 2 4 4 
10 2 3 3 
9 3 3 2 
7 3 3 2 
5 2 2 1 
6 1 4 2 
5 4 4 2 
4 2 2 2 1 3 
3 1 2 5 4 
4 2 2 4 1 
3 4 4 2 2 
2 2 9 5 
2 1 2 2 2 2 
2 2 5 3 1 
1 5 7 1 2 
2 2 15 
1 1 2 4 2 
1 2 6 2 1 
4 10 2 1 
2 4 1 8 
3 3 11 2 
2 1 2 1 3 2 
2 10 1 
3 2 3 5 1 
4 2 2 3 3 
1 1 1 1 1 3 2 
1 2 2 2 1 
2 5 2 4 2 
1 8 7 3 
