#6.180 
#nonogram 2325

4 
9 2 
11 4 
13 8 
24 
20 5 
18 3 
20 2 
16 1 3 
16 3 
18 4 2 
24 
27 
29 
11 8 6 
11 6 6 
1 11 3 4 
2 12 3 
3 12 3 
3 13 2 
5 13 
2 2 12 
3 1 16 
3 3 18 
4 4 20 
11 22 
12 11 8 
12 13 6 
3 10 13 4 
3 1 8 15 2 
4 8 18 2 
14 1 17 
12 1 1 5 8 
9 4 5 6 
8 6 5 
8 3 4 
7 4 
7 4 
6 3 
5 2 
/
3 
4 5 
14 
18 
8 10 
14 8 
4 5 7 
4 12 
4 11 
12 
11 
9 
9 
8 
6 4 1 
14 1 
19 2 
25 2 
26 1 1 
27 2 
29 3 
33 
33 
33 
33 
32 
14 4 10 
15 4 5 
16 4 5 
16 4 4 
16 3 3 
16 4 4 
7 7 3 3 
4 6 3 4 
5 4 3 4 
5 4 3 3 
4 2 4 4 4 
5 4 5 4 
4 4 5 6 
4 4 2 6 
3 4 6 
3 4 3 
3 2 4 
6 6 
5 6 
5 
