#6.189 
#nonogram 2152

4 
6 
6 
1 
5 
8 
9 
8 
2 7 
4 3 
8 1 
10 
11 
2 11 
4 10 
5 6 
1 9 3 
2 11 1 
2 3 11 
4 5 10 
6 6 8 
9 7 6 
12 8 5 
14 7 4 
16 6 3 
19 4 2 
22 3 1 
25 3 
26 3 
26 4 
26 4 
25 5 
23 6 
20 7 
16 9 
12 12 
8 13 
6 14 
6 14 
6 12 
6 10 
5 6 
5 3 
5 1 
5 
/
7 
9 
11 
12 2 
14 4 
21 
22 
24 
24 
19 3 
18 1 2 
18 3 1 
17 5 
18 7 
17 6 
14 6 
3 13 6 
5 11 6 
4 10 6 
3 4 9 6 
5 4 8 5 
5 4 7 6 
5 4 7 6 
4 4 4 5 5 
6 4 4 5 6 
7 4 4 3 6 
2 6 5 4 6 
4 5 5 5 6 
2 5 5 5 12 
3 5 6 6 9 
3 5 6 7 6 
3 5 5 9 4 
3 5 6 8 
3 5 5 6 
5 5 
