#6.191 
#nonogram 14355

9 
6 1 3 
5 6 1 
6 6 
11 3 
6 8 
3 4 3 
2 7 3 
2 9 2 
2 10 2 
2 13 2 
3 15 2 
12 7 3 
7 3 15 
6 4 6 2 5 
6 11 2 4 1 
5 7 8 1 
5 8 9 2 
4 9 2 1 4 
5 21 
11 20 
32 
7 14 3 
4 1 15 3 
3 2 16 3 
3 1 16 3 
3 1 17 4 
3 1 22 
5 9 11 
5 10 9 
2 2 10 9 
2 1 11 1 8 
4 2 8 2 8 
4 2 11 9 
4 1 13 9 
4 1 10 12 
3 2 11 10 
1 14 10 
1 15 6 2 
2 2 10 1 4 2 1 
1 1 11 1 3 4 1 
1 1 11 1 4 3 2 
2 1 10 1 3 1 
2 12 5 1 1 
20 4 1 
19 1 1 1 
19 1 1 1 
11 2 2 2 1 
11 2 2 1 2 
10 2 1 1 1 
10 2 1 2 1 
8 2 2 1 2 
8 2 2 1 2 
8 2 1 2 1 
12 1 1 2 
12 1 2 
11 1 2 
4 1 3 1 3 
5 2 3 3 
4 5 3 
10 1 
/
21 
26 
22 8 
18 9 2 
2 6 4 7 2 
3 5 5 2 
3 5 3 2 
6 4 2 3 
12 2 11 
12 2 4 8 
16 2 8 14 
5 11 2 5 19 
2 2 18 4 24 
3 2 5 46 
1 1 2 6 45 
6 53 
1 2 1 49 3 
4 2 50 1 
8 6 34 3 2 
1 6 5 29 4 2 
3 3 5 24 3 7 
2 1 2 9 6 3 7 
18 4 11 6 2 
17 4 11 2 1 
2 2 10 2 10 1 1 
1 3 3 6 12 4 1 
1 7 8 11 6 1 2 
5 3 18 3 3 3 
3 1 3 15 2 4 4 
1 6 13 2 1 4 5 
1 7 12 2 4 5 
2 21 3 2 5 
4 15 2 4 
14 4 
16 
