#6.199 
#nonogram 6896

2 2 2 3 
4 4 3 4 
4 4 3 4 
2 4 3 3 3 
3 3 3 3 3 
5 3 2 2 4 1 
6 2 1 3 3 1 
5 1 1 2 3 1 1 
2 6 2 2 1 2 
5 1 4 2 1 1 1 
9 8 1 5 
3 4 8 3 1 2 
3 3 6 2 5 
5 2 1 5 4 1 2 
4 2 3 3 3 1 3 
2 3 3 6 1 4 1 
8 5 1 2 1 5 
2 3 6 2 1 2 1 
3 3 1 2 1 
4 3 1 
10 1 
5 3 6 2 
12 3 2 2 
5 8 4 3 
6 13 2 1 
6 11 3 
2 2 9 2 
4 2 5 1 
3 2 1 
/
3 3 
4 4 2 
5 3 3 
2 3 3 3 3 
4 3 2 3 1 5 
5 3 1 2 3 7 
5 2 3 4 5 1 
4 4 4 8 
2 4 4 2 2 5 
5 2 2 4 3 1 
11 6 3 1 
5 3 3 4 2 
8 6 1 
8 17 
7 19 
5 14 6 
4 4 3 3 5 
8 3 5 3 4 
7 1 3 2 3 4 
6 3 1 1 3 3 
2 3 1 1 3 4 
2 2 2 3 3 
2 2 3 3 
2 4 1 3 
3 3 4 
3 4 2 2 
1 4 2 2 
4 1 2 
4 1 2 
1 2 
4 5 
