#6.196 
#nonogram 1032

1 
1 
1 2 
3 7 2 
5 7 3 
2 6 7 3 
2 7 7 2 
2 8 7 2 
2 9 2 3 2 
2 9 2 3 2 
25 6 3 
1 1 1 1 1 1 13 6 4 
1 1 1 1 1 1 13 6 4 
28 2 2 5 
1 1 1 1 1 1 13 2 2 2 2 
1 1 1 1 1 1 13 6 2 2 
25 6 2 2 
16 6 2 2 
3 1 1 1 3 5 2 6 2 2 
3 1 1 1 2 4 4 3 
3 1 1 1 2 3 12 3 
3 1 1 1 2 2 13 4 
4 1 1 1 2 1 14 4 
4 1 1 1 3 6 7 5 
19 6 7 2 3 
19 14 2 3 
3 13 2 3 
12 12 2 3 
1 2 5 11 2 2 
3 2 6 2 3 1 
16 3 4 
3 2 8 2 1 2 3 
3 2 6 3 1 2 4 
14 2 3 1 4 
3 2 4 3 2 2 5 
3 2 3 4 2 2 2 3 
12 5 1 2 2 3 
3 2 3 6 1 1 2 2 
1 2 3 6 4 2 1 
10 6 3 2 
/
4 
1 8 
1 8 
1 8 
7 2 
1 1 1 8 
7 2 9 
1 1 1 8 9 
7 2 13 
1 1 1 8 1 1 1 1 1 
7 2 1 1 1 1 1 
1 1 10 13 
16 13 
1 1 3 3 1 1 1 1 1 
8 2 1 1 1 1 1 
1 1 2 2 13 
8 16 
13 16 
13 11 
8 7 
15 4 3 
15 2 2 4 
15 4 1 5 
15 6 6 
15 8 8 
14 10 9 
15 10 2 
14 5 5 
15 5 5 9 
9 3 2 
16 9 2 2 
16 9 2 3 
5 3 4 9 2 2 
5 3 4 9 1 2 
16 9 1 2 
16 9 
7 
21 
33 
12 5 11 
6 4 4 5 3 
3 3 4 
2 3 3 
2 3 2 
2 3 2 
1 3 2 
