#6.197 
#nonogram 14566

4 
4 
3 
6 
5 
5 
4 5 
4 3 
8 8 8 
12 27 
9 12 2 13 
7 15 4 
7 13 9 3 
3 6 11 11 
7 31 
9 32 
10 31 
1 5 2 27 3 
9 2 4 4 12 4 
1 1 3 2 1 2 8 3 
1 1 1 2 2 1 4 
3 1 1 2 1 4 
5 4 2 1 1 
1 2 1 1 5 1 
4 1 2 1 1 1 
1 1 3 1 
2 2 1 
1 1 1 
1 1 1 
1 1 
/
1 
1 2 1 1 
2 2 1 1 3 
2 1 4 5 2 
4 3 3 1 1 2 
3 2 7 2 1 
3 3 8 3 
3 3 7 1 2 
4 3 5 1 1 1 
3 4 5 4 1 
3 5 3 2 2 1 
3 4 3 2 2 
2 6 3 2 
1 7 2 4 
8 4 2 
8 2 1 2 1 
1 8 5 1 
2 7 1 1 2 1 
4 5 1 1 2 1 
9 1 1 1 
10 1 1 1 
11 
11 
11 
10 
10 
10 
11 
2 9 
11 
4 7 
1 1 8 
3 9 
3 9 
3 8 
3 8 
3 7 
3 7 
3 7 
3 6 
2 6 
3 4 1 
4 6 
4 5 
4 5 
