#6.207 
#nonogram 1554

1 2 
5 2 2 
8 2 3 
6 2 7 4 
3 2 1 3 8 
3 2 1 2 2 4 2 
2 2 2 4 4 2 1 
2 2 1 2 5 2 
2 3 1 2 3 1 2 
2 2 1 1 4 2 
2 2 1 1 6 1 
2 2 5 2 3 
2 3 2 2 4 
6 3 3 2 
6 2 3 8 1 
6 8 3 5 1 
6 3 5 2 2 
6 2 3 6 
6 1 5 1 3 
5 2 5 2 4 
6 7 5 1 
4 5 2 5 
2 6 6 1 
2 6 2 4 1 
19 
18 
7 4 3 1 
6 3 2 
3 2 2 
1 3 
/
8 
13 
4 6 
3 8 
3 12 
2 15 
8 5 
5 4 
3 2 
2 5 4 
2 17 
2 2 1 1 3 4 
2 1 1 1 2 4 
1 2 2 2 10 
1 2 1 15 
1 1 15 
2 1 14 
1 1 2 1 10 
1 1 1 1 2 1 4 
3 1 1 2 2 
2 1 1 1 2 1 4 
1 6 1 1 1 4 
2 2 2 2 2 1 1 3 1 
2 4 2 3 2 5 1 
6 2 4 1 1 4 2 
4 4 1 4 9 1 
4 4 14 1 
2 3 6 6 3 2 
2 3 1 1 4 1 3 2 
2 2 4 3 2 
