#6.209 
#nonogram 1654

4 2 3 
5 2 4 
7 7 
7 7 
7 2 3 
1 6 2 3 
2 4 2 2 
4 1 3 
6 2 1 3 
1 3 2 1 3 
2 3 2 1 4 
7 3 1 4 
1 5 3 7 
2 3 3 7 
3 3 3 7 
1 6 4 7 
2 4 4 2 5 
1 2 3 5 2 4 
2 4 4 2 4 
1 2 3 5 2 3 
3 4 6 2 3 
4 4 3 3 7 2 3 
7 4 3 5 7 2 3 
5 2 3 2 3 8 3 3 
5 1 2 5 10 2 3 
6 2 7 11 2 3 
15 13 2 3 
6 15 2 3 
5 23 3 4 
5 25 2 4 
5 21 1 4 
4 18 4 2 4 
4 16 6 3 3 
5 15 8 4 3 
4 14 9 6 3 
4 13 8 7 4 
3 11 9 13 
4 11 10 13 
4 10 10 13 
4 10 10 14 
5 10 7 4 
11 7 3 
10 3 
6 3 
3 
3 
3 
2 
/
8 
13 
15 
19 
19 
1 3 7 
1 1 2 3 
2 1 7 
4 11 
1 2 12 
2 1 12 
2 1 12 
5 12 
1 3 13 
2 2 13 
2 1 13 
5 13 
1 3 14 
2 2 11 1 
3 1 9 3 
1 4 9 6 
3 2 8 7 
1 1 2 8 10 
3 3 7 11 
2 1 3 7 11 
5 4 7 12 
3 2 3 8 12 
1 3 5 8 13 
4 2 4 9 12 
3 3 7 10 8 1 
5 10 11 4 3 
6 8 13 7 
7 3 12 11 
7 14 14 
7 14 4 10 
5 10 6 9 
2 5 8 
7 8 6 
19 4 
3 4 4 
4 5 6 
6 9 19 
48 
46 
25 
