#6.202 
#nonogram 1027

8 
9 
4 5 
4 5 
2 9 
4 8 
6 7 
8 6 
3 1 3 4 
1 3 4 2 
4 11 3 
5 13 5 
5 8 2 5 
5 6 2 4 
5 7 2 3 3 
7 8 2 3 5 
9 7 2 10 
3 5 9 9 
5 6 10 
5 2 10 
5 12 
5 11 
4 1 10 
2 12 
1 13 
9 
6 7 
7 6 
7 4 
7 4 
7 4 
7 4 
7 4 
7 4 
6 5 
5 7 
9 
15 
16 
11 5 
12 5 
12 5 
3 9 5 
3 5 5 
3 5 4 
16 2 
11 4 
10 4 
8 4 
2 
/
2 2 
3 3 
9 
2 7 
4 6 
6 6 
4 3 6 
7 3 5 
4 3 5 5 
5 10 6 
6 10 7 2 
2 3 10 5 10 4 
2 4 10 3 1 10 10 
9 10 1 2 10 11 
13 6 3 10 11 
12 4 2 2 10 5 4 
8 1 4 6 8 7 4 
6 1 2 7 6 8 4 
2 1 9 9 4 
2 27 4 
4 25 4 
2 27 4 
23 9 
13 5 5 
13 5 5 
12 5 6 
5 5 5 6 
4 5 5 5 
3 5 5 2 
2 4 5 
3 4 
2 2 
