#6.200 
#nonogram 21366

4 
6 
3 3 
2 3 
2 3 
1 3 
3 
3 
3 
3 
2 2 
2 6 
4 3 2 
8 4 
19 
1 15 2 
1 16 2 
2 16 
3 9 4 
1 13 
14 
3 9 
1 7 2 
2 5 3 
4 4 3 
2 3 1 2 2 3 
2 5 3 2 2 13 
2 3 2 2 2 3 13 
2 1 1 2 2 2 2 14 
2 2 2 2 2 1 3 14 
1 2 2 2 2 2 2 15 
1 2 2 2 2 2 2 3 
3 
3 
2 
/
4 
5 
3 2 
4 
1 2 1 
3 1 2 2 
2 3 1 2 3 
7 1 1 2 
3 1 2 2 
3 1 1 5 
4 2 3 
6 2 
7 6 
8 4 
8 2 2 
9 5 
9 4 
8 2 3 
8 5 
7 5 
7 3 1 
6 3 
6 5 
3 8 5 
5 2 6 5 
3 2 6 5 
2 2 1 5 5 
3 4 1 4 5 
9 1 4 5 
7 1 4 5 
3 1 2 5 
2 2 5 
2 2 11 
2 3 13 
2 3 13 
