#6.206 
#nonogram 1989

3 5 
2 6 
4 9 
7 8 2 5 
6 8 1 3 2 
7 5 3 2 3 2 
13 2 5 2 
1 11 2 3 1 2 
1 3 11 4 1 2 
4 3 6 6 2 
5 3 5 3 2 
9 5 3 2 2 
13 7 2 2 
7 3 3 3 5 
4 2 3 3 2 3 
2 3 8 3 2 2 
4 10 5 2 2 
5 7 8 1 2 
1 5 5 10 2 
1 5 1 3 4 7 2 
1 1 6 1 1 5 8 
3 2 5 1 1 4 10 
10 2 1 1 15 
5 5 2 1 1 11 4 
3 3 1 14 3 
4 2 1 1 3 7 4 
7 1 1 2 11 
2 4 1 1 3 11 
2 4 3 6 7 
1 5 4 6 
2 2 1 3 7 
2 4 2 9 
4 5 1 7 
4 5 1 6 
2 7 3 
/
2 
1 4 
2 4 
5 3 2 
5 3 3 
7 4 4 
13 1 
1 7 3 4 
5 3 5 14 
1 7 4 3 1 7 5 
4 10 11 1 4 
3 9 8 10 
4 5 5 5 1 5 3 
9 4 12 1 1 
9 3 2 17 
12 1 
4 7 3 4 
3 10 3 1 
3 15 2 
8 4 4 
3 8 1 
1 8 1 
1 2 10 1 
6 6 1 5 
5 2 12 
5 14 3 
1 2 13 2 
5 8 5 4 
1 1 3 10 
1 1 4 8 2 
1 1 11 2 
1 1 12 4 
1 1 16 
2 4 6 10 
1 7 4 9 
1 7 5 10 
8 1 14 
4 1 13 
6 6 
4 
