#6.204 
#nonogram 2878

2 1 4 1 3 
1 6 9 2 2 
1 15 2 1 1 1 
1 7 2 3 1 3 1 1 
1 6 1 2 1 1 1 3 
4 3 2 1 2 1 2 
3 1 2 4 1 1 1 2 
1 7 2 2 3 1 1 2 
1 2 2 3 1 1 1 1 
1 3 2 5 2 2 1 
1 1 2 3 3 1 1 
1 1 1 1 1 2 4 1 1 
1 1 5 1 5 1 
1 1 1 2 6 1 
1 1 1 1 1 6 1 
1 1 1 1 5 6 2 
1 1 1 3 6 1 1 
1 1 1 1 1 1 6 2 1 
1 1 1 1 1 6 1 2 
1 1 1 2 2 6 1 2 
1 1 1 2 1 1 6 1 2 
3 1 1 1 2 6 3 
3 1 1 1 6 1 3 
3 1 1 3 1 6 1 1 2 
3 1 1 1 6 3 2 
3 1 1 1 6 5 
3 1 1 5 1 3 
3 1 1 2 5 1 3 
5 1 1 1 4 3 2 
5 1 1 4 3 1 
/
4 12 10 
9 
5 2 4 11 
7 2 
8 5 7 
6 2 
5 1 3 3 
4 1 
4 1 2 
1 3 12 
4 1 1 4 
3 2 2 2 5 
3 3 5 5 3 
3 1 3 4 1 
4 2 2 3 3 
5 2 1 3 5 
5 2 1 3 6 
1 5 1 8 
1 1 2 3 9 
2 1 5 10 
6 3 11 
3 12 
3 12 
3 12 
2 1 13 8 
5 7 1 2 2 
4 3 3 9 
1 3 3 3 3 3 
2 4 3 12 
13 4 2 1 
