#6.203 
#nonogram 2540

2 6 13 
4 8 14 
17 15 
2 18 16 
23 17 
22 17 
41 
20 18 
20 2 11 
21 7 
22 4 
11 9 3 
12 1 2 
7 3 1 2 
8 2 5 1 2 
8 2 2 1 2 
9 2 2 1 4 
8 1 2 1 1 6 
8 1 1 1 7 
8 2 1 1 8 
8 1 2 2 8 
9 2 1 10 
17 2 2 10 
17 5 1 7 
17 1 2 1 2 
16 2 1 2 1 1 
16 1 1 1 1 
18 4 3 1 
13 6 3 2 1 
18 3 
16 
13 
6 
/
1 
2 
3 1 
4 1 
5 2 
2 5 2 
3 8 6 3 
15 10 
28 
32 
33 
32 
32 
11 19 
11 17 
12 14 
14 11 
11 3 9 
11 8 
12 5 
12 1 
12 1 
12 4 3 
11 2 7 2 
10 2 3 1 
10 1 1 1 1 
9 1 1 1 1 
3 2 1 1 3 1 
1 2 1 2 2 
1 2 2 3 
3 5 1 
5 2 
5 1 
6 4 
7 1 
8 2 
8 2 
9 9 1 
9 10 
9 2 
9 4 
10 6 
10 7 
10 7 
11 8 
24 
25 
12 9 
