#6.214 
#nonogram 1978

6 
4 8 
4 2 1 
4 1 2 1 
2 1 2 3 
4 1 1 4 1 3 
1 5 1 1 2 2 2 1 1 
4 6 1 2 3 1 1 
1 2 1 2 2 1 1 
2 1 1 2 3 4 
3 1 2 4 1 1 
1 5 5 6 1 1 
2 1 3 1 2 2 1 1 
1 2 1 2 4 1 1 1 
1 1 1 1 1 1 1 2 2 1 1 1 
2 1 2 1 3 1 1 2 1 1 1 1 
1 1 1 1 1 1 1 6 1 3 
7 4 2 6 1 1 1 
3 2 2 1 1 3 
9 
/
6 4 
3 2 1 1 1 
1 1 1 1 
1 1 5 
2 2 1 
1 4 4 
3 1 1 2 
2 1 1 
2 2 1 2 
1 1 3 
1 2 1 
7 5 
2 2 1 
2 4 5 
4 2 1 1 
3 3 1 
2 1 2 5 
2 2 1 2 1 
1 2 2 1 6 
1 3 1 1 2 2 1 
1 2 2 1 1 5 
1 2 1 1 1 5 
2 2 1 2 2 1 
2 1 1 6 
3 2 2 1 
1 4 2 8 
1 1 1 1 
1 4 10 
1 1 1 1 1 
3 4 9 
