#6.212 
#nonogram 1095

12 26 
12 2 22 
13 2 5 2 9 1 
14 2 5 8 1 
14 2 2 2 8 1 
15 2 1 2 7 2 
15 2 2 2 4 1 2 
15 3 2 2 3 4 
15 2 2 2 3 3 
15 2 2 2 3 2 
15 2 2 2 3 2 
15 2 2 2 3 1 
15 3 2 2 3 1 
14 2 2 2 3 1 1 
14 2 2 2 4 2 
3 10 3 3 2 4 2 
3 8 2 2 3 4 2 
3 8 2 2 4 6 3 
2 6 3 2 4 6 3 1 
2 5 2 1 2 2 6 1 1 
2 4 2 1 2 5 2 1 
3 4 2 1 2 5 1 2 1 
3 5 2 2 3 1 1 1 1 
2 2 1 3 3 3 1 1 1 1 
1 1 1 3 3 3 2 2 1 2 
1 1 2 3 3 1 1 1 1 1 
2 3 3 3 1 1 1 1 1 
3 5 2 3 1 2 2 2 1 
2 2 2 1 3 3 1 1 4 
1 1 3 3 3 1 1 4 
1 1 1 6 2 3 2 2 5 
2 9 1 5 1 5 
3 12 5 2 6 
2 14 15 
1 14 16 
1 1 1 10 16 
2 6 17 
3 6 17 
4 7 18 
5 6 18 
5 5 19 
6 5 2 19 
6 5 2 20 
6 5 2 21 
7 5 4 23 
7 6 32 
8 5 1 26 
10 2 5 24 
12 9 23 
26 22 
/
23 3 3 15 
23 2 2 14 
18 3 2 2 13 
15 2 3 3 12 
16 11 
18 9 
19 4 3 3 2 6 
24 2 3 6 4 
23 2 4 9 3 
23 3 16 3 
46 2 
20 20 2 
16 10 4 1 
13 7 3 1 
8 6 2 3 1 
2 7 5 2 1 1 
4 12 5 2 
1 6 7 5 4 2 
1 12 4 4 6 
2 6 2 3 3 
5 3 3 
9 5 2 3 
4 13 1 3 
5 7 1 2 
8 2 2 
2 7 6 4 2 1 
2 12 5 3 
3 7 7 5 
3 11 6 
2 7 7 
2 8 
2 10 
3 3 12 
5 8 14 
6 14 16 
6 41 
25 22 
11 5 23 
9 4 19 
7 4 20 
6 4 17 
3 4 18 
4 3 20 
3 4 17 
2 5 18 
4 20 
2 5 22 
2 26 
6 22 
12 5 22 
