#6.219 
#nonogram 1033

3 
3 
2 
4 3 
17 3 
1 2 2 2 2 
1 7 2 2 2 3 
2 7 3 2 2 3 
9 2 4 2 2 2 
2 3 2 2 2 2 2 5 
3 2 3 2 2 2 2 2 4 1 
3 2 4 2 3 10 1 
4 1 4 7 4 2 2 2 
1 1 1 5 7 2 4 2 2 
2 1 1 1 7 2 3 
5 1 2 8 2 4 2 3 
1 2 1 1 2 8 2 4 2 4 
1 2 1 1 2 8 2 12 3 
5 1 1 2 8 15 4 
5 1 1 2 10 3 
1 2 1 5 7 2 2 2 7 
1 2 1 4 7 2 2 2 2 4 
5 4 2 4 2 2 5 
2 1 2 3 2 2 3 2 2 5 
1 1 3 3 2 2 2 2 2 5 
4 3 3 2 2 2 2 5 
3 3 2 7 4 2 6 
3 4 2 7 3 2 6 
2 1 15 
33 
1 8 3 5 
2 6 8 2 2 3 
1 5 8 11 
2 8 3 4 
1 4 12 3 
2 7 9 
2 4 7 9 
2 3 17 
2 3 7 8 
2 2 15 
2 3 6 2 3 
2 2 14 
2 2 6 2 3 
18 
/
10 
4 2 4 
3 1 2 1 3 
4 8 5 
24 
1 1 3 
1 5 6 5 1 3 
1 2 5 1 1 3 
1 8 4 1 2 4 
1 3 3 1 1 2 1 4 
6 4 6 1 2 1 1 3 
7 4 8 1 2 1 3 2 
9 10 2 1 5 1 
1 4 1 8 
1 8 4 8 6 4 
1 8 4 8 10 1 
1 2 2 4 2 2 15 
1 2 2 4 2 2 15 
1 2 2 2 4 2 2 2 15 
1 2 2 2 4 2 2 2 15 
1 2 2 4 2 2 15 
2 15 
27 1 1 1 1 1 
27 1 1 5 
2 2 2 1 1 2 18 
2 2 7 2 2 12 1 1 
3 2 6 2 2 3 2 5 1 1 
1 2 11 2 3 1 5 3 
1 2 9 2 4 2 9 
2 2 1 3 2 2 2 2 8 
2 3 5 2 2 2 6 
2 2 4 2 4 7 
2 1 3 2 11 
2 1 3 2 10 
3 5 10 
12 9 
23 
8 7 
8 7 
5 7 
2 7 
7 
7 
