#6.216 
#nonogram 2530

19 3 12 
18 13 
11 2 13 
9 12 
8 4 12 
7 3 4 2 3 6 
7 7 2 6 
6 2 3 1 6 
6 2 3 2 2 7 
5 3 1 1 2 1 8 
3 3 3 1 1 8 
4 4 1 3 1 2 7 
4 11 3 3 7 
12 3 2 7 
5 6 4 1 6 
4 14 1 3 
2 1 1 4 4 1 
1 3 4 4 2 1 
1 2 2 3 3 1 3 
2 5 3 2 4 
3 3 2 2 6 
3 2 2 3 7 
4 1 2 2 8 
5 2 3 4 6 
6 3 4 5 
14 4 5 
15 12 
16 14 
18 17 
/
12 11 
13 10 
13 9 
10 2 7 
10 1 6 
9 5 
7 4 
5 4 
4 4 
3 2 4 
3 1 4 5 
2 11 6 
2 9 2 7 
2 2 5 1 4 
2 1 3 3 2 3 
3 2 3 2 1 4 2 
3 4 1 12 1 
2 11 3 1 
1 2 7 2 
2 8 1 
1 8 1 
1 7 1 2 
2 1 2 1 
1 1 1 2 1 
1 1 2 8 2 1 
1 2 11 2 1 
1 2 7 1 1 
3 4 2 2 
2 5 2 2 
5 3 3 3 
5 6 3 
6 4 
6 4 
6 2 1 4 
5 6 2 4 
15 4 3 
15 9 
16 10 
16 11 
16 11 
15 12 
