#6.220 
#nonogram 2311

5 4 
9 6 
13 8 1 
7 6 7 1 
7 3 6 1 
8 3 5 2 
9 1 3 2 
2 10 3 2 
6 11 4 2 
21 4 2 
26 4 1 
29 4 1 
37 1 
37 1 
4 30 1 
30 1 
28 1 
26 1 1 
6 13 1 1 
4 11 1 1 
4 9 1 
4 7 
4 8 
4 7 
2 4 7 2 
8 6 4 
7 6 5 
8 6 8 
7 7 9 
8 5 17 
20 10 3 
21 7 2 2 
22 5 3 2 
23 10 
24 12 
37 
38 
33 4 
32 3 2 
33 2 
18 12 2 1 3 
16 10 2 3 3 
15 8 1 3 2 
15 6 2 1 1 
7 7 3 2 2 
5 6 2 2 2 
3 5 4 
4 
5 1 
4 1 
4 1 
4 1 
4 1 1 
4 1 2 
4 1 2 
3 4 
3 3 
4 3 
4 2 
3 1 
2 
/
4 4 
6 6 
7 8 
8 8 
8 11 
7 14 
6 15 
5 15 
10 18 4 
14 22 5 
16 25 7 
17 35 
20 31 
54 
45 5 
19 8 12 
4 13 4 11 
3 11 11 
3 11 11 
3 11 11 
3 11 11 
3 11 12 
2 11 13 
4 13 14 
5 15 14 
3 17 14 
17 14 
19 12 
20 11 
19 9 
7 10 9 
6 15 
3 6 13 
4 10 12 
16 15 
16 11 2 3 
16 5 5 2 
6 3 4 5 1 2 1 
4 4 8 4 2 
3 5 8 2 2 
2 4 6 5 1 6 
7 5 2 2 5 
8 8 5 2 6 
15 6 5 8 
