#6.227 
#nonogram 3934

3 2 
3 2 
7 2 1 3 
2 2 2 1 1 1 
3 3 2 1 1 2 1 
4 4 3 2 1 2 
12 1 2 1 
4 7 1 1 1 
1 8 3 1 
2 8 1 3 1 
2 8 1 3 3 
1 7 1 2 2 
7 1 1 2 1 
5 2 1 1 1 1 
6 2 4 
5 1 2 
2 1 3 2 
2 1 1 3 2 
2 2 1 2 
2 2 2 
2 1 2 1 1 3 
2 1 2 3 2 
3 1 1 
4 1 6 
8 1 1 8 
1 1 4 2 4 4 
1 1 2 2 9 
3 6 4 5 
2 7 4 8 
2 2 4 10 
3 2 3 1 2 8 
1 1 3 1 1 2 9 
6 3 1 9 
4 3 1 8 
1 1 1 1 1 5 
/
2 2 2 2 
2 3 1 2 
1 2 1 5 
5 3 1 1 1 2 
5 5 6 5 
14 6 1 1 5 
1 11 3 8 3 
1 1 11 2 3 4 2 
1 9 3 2 2 3 
1 12 11 3 
1 7 1 2 3 4 2 
2 8 2 1 1 2 
2 4 3 1 2 
4 2 1 1 2 1 2 
3 2 4 1 1 2 
4 3 1 1 1 4 
4 4 2 2 4 1 3 
2 7 12 
6 3 2 2 12 
3 1 7 1 7 
3 1 7 2 9 
3 8 12 
3 7 11 
6 10 
8 
