#6.224 
#nonogram 2986

2 
5 2 
4 4 3 
4 2 4 
6 5 1 2 
1 4 2 3 1 1 
3 5 2 2 2 
1 1 1 1 1 4 1 1 
6 1 1 1 2 2 1 1 
6 1 1 1 1 2 1 1 2 
7 1 1 1 1 1 1 2 
7 1 1 2 1 1 2 
12 1 3 1 2 
11 2 1 3 
11 2 2 3 
12 5 4 
5 4 4 
4 3 5 5 
4 3 15 
3 2 15 
4 15 
22 
20 
18 4 
15 7 
12 5 
6 1 1 4 
1 1 1 1 
1 1 1 
1 1 1 
/
7 
11 
14 
17 
2 9 3 
1 10 2 3 
1 8 3 3 
12 3 4 
4 4 4 
4 2 5 6 
4 14 
2 7 11 
1 11 
1 8 10 
2 2 2 10 
1 2 4 2 9 
1 1 2 2 1 9 2 
1 1 1 1 1 1 10 
2 1 1 4 1 8 
1 2 2 2 12 
1 1 7 9 
2 2 9 4 
1 5 9 
1 9 1 
1 15 2 
3 1 7 3 
6 4 
4 5 
3 
3 
