#6.221 
#nonogram 2420

11 1 
14 1 
5 17 1 
26 3 
2 26 2 1 
2 2 8 15 1 2 
2 15 7 7 1 
3 6 3 2 7 4 2 
4 3 1 1 2 8 1 
8 1 1 1 1 2 9 3 
7 2 4 18 
7 3 1 2 2 6 5 2 
6 3 2 2 6 3 1 
5 9 2 11 2 
6 3 2 2 6 3 
7 3 1 2 2 6 6 
7 2 4 6 8 
4 3 1 1 1 1 2 9 1 
3 4 1 1 2 8 4 
3 6 3 2 8 5 1 
3 2 11 7 7 2 
3 9 16 1 
30 3 
24 2 3 
5 16 3 2 
16 4 3 
5 3 3 3 2 2 
4 1 7 5 
2 3 1 5 4 
4 3 3 4 3 
7 8 2 
6 5 2 
5 3 1 
/
6 6 
15 
17 
2 10 3 
2 2 8 2 3 
2 16 3 
2 7 6 3 
3 4 3 4 
6 6 2 
6 1 1 1 1 6 3 
4 2 1 2 4 4 
5 3 1 3 5 4 
6 1 6 4 
8 3 8 3 
9 3 9 1 
8 1 5 1 8 2 
5 1 1 1 1 1 5 1 
5 1 1 3 1 1 5 2 
5 2 5 2 4 2 
5 2 2 2 2 5 1 
6 3 3 5 2 
7 3 3 6 2 
9 7 8 2 
10 3 10 2 
10 10 3 
10 9 2 
10 11 3 
11 9 2 3 
3 7 5 2 2 4 
3 12 2 5 
2 10 2 4 
2 9 2 3 
3 1 4 1 3 2 
2 1 2 2 3 
2 2 2 1 2 3 
2 2 1 1 2 3 
2 2 1 2 2 3 
2 4 2 2 5 
4 4 2 3 3 
2 2 1 3 2 2 1 3 
1 1 1 3 4 1 1 10 
33 
