#6.229 
#nonogram 332

5 
3 4 
1 3 4 
3 3 5 
1 1 2 5 
1 3 2 5 
1 3 3 5 
6 1 3 7 
5 1 3 3 11 
8 2 3 7 5 
8 3 6 4 
9 4 6 3 
16 5 2 
16 6 3 
5 8 6 3 
1 5 7 7 
1 1 3 7 7 
2 3 1 18 
1 1 1 1 17 
2 2 3 15 
1 1 2 1 2 11 
1 1 1 3 2 10 
1 2 1 1 1 2 9 
1 1 1 1 1 3 7 
1 2 3 3 5 
1 1 2 3 
2 1 3 3 
1 1 2 1 3 
1 1 1 1 
1 1 1 
/
5 5 
7 3 4 
12 5 
1 8 4 
13 5 
1 7 1 5 
14 3 
5 2 1 7 
3 7 3 
3 4 4 
1 7 
4 2 13 
2 4 14 
1 4 1 10 3 
1 12 2 
2 14 2 
2 3 10 2 
2 3 7 1 
5 8 1 
3 8 
8 
9 
10 
10 
10 
9 
9 
9 
7 
6 
4 
3 
1 3 
1 4 
2 4 
10 
11 1 
11 2 
4 8 
2 6 
