#6.223 
#nonogram 1084

10 1 1 4 
3 3 1 1 1 3 
2 2 10 1 1 3 
2 4 3 1 1 1 4 
3 3 8 1 1 1 5 
2 2 1 3 1 
1 1 1 22 4 
1 3 5 17 3 
1 1 6 6 2 3 
1 2 6 17 2 
1 2 6 4 1 2 
1 2 6 3 1 1 
1 2 6 7 10 1 
1 2 6 2 1 1 
1 1 5 1 1 1 
1 1 5 10 7 1 
1 1 4 1 1 1 
1 1 4 1 1 1 
1 2 3 17 2 
1 1 2 1 1 2 
1 5 2 1 3 
1 3 1 15 3 
4 1 23 4 
3 3 5 
2 3 1 1 1 1 6 
1 2 1 1 1 1 1 1 3 2 
1 1 1 8 1 1 6 
3 1 2 1 1 1 6 
1 9 1 1 7 
1 1 1 1 1 1 4 1 
1 1 8 1 1 7 
1 2 1 1 1 1 3 2 1 
1 2 8 1 1 5 1 
1 3 1 1 1 1 8 
1 3 8 1 1 4 1 1 
1 2 1 1 1 1 5 1 
1 2 8 1 1 4 1 
1 1 1 1 1 1 5 1 
1 1 8 1 1 4 
1 2 1 1 1 5 1 
/
21 
3 4 
3 1 3 1 
2 7 5 1 
1 1 1 1 10 2 1 1 
5 1 1 4 1 
3 1 14 2 1 2 
3 14 4 2 2 
13 1 2 2 2 
12 1 2 6 1 
5 10 1 2 10 
5 8 1 1 2 1 
5 1 1 15 
1 1 1 1 1 1 1 1 1 1 1 1 1 
1 1 1 2 1 1 1 1 1 1 1 1 1 
1 1 1 14 1 1 1 1 1 1 1 1 
1 1 1 8 1 1 2 1 1 1 1 1 1 1 
1 1 1 7 1 1 2 1 1 1 1 1 1 1 
1 1 5 1 1 1 2 1 1 1 1 1 1 1 
5 4 1 1 1 2 16 
4 1 1 1 2 
5 2 1 1 1 1 2 16 
2 1 1 1 2 
5 2 1 1 1 1 2 16 
2 1 1 1 1 2 
2 1 1 1 2 
2 1 1 1 1 2 6 
2 1 1 1 1 2 9 
2 1 1 1 1 2 13 
4 1 1 1 2 16 
3 3 1 1 1 2 8 2 1 1 1 
7 2 1 1 2 13 1 
9 7 5 3 2 1 1 1 1 
5 5 13 2 
1 23 1 4 
