#6.225 
#nonogram 1625

8 
12 4 
5 11 2 
4 11 5 
3 20 
2 22 
1 17 4 
19 2 
24 
18 5 
18 3 
16 2 
14 1 
14 1 2 
15 1 3 
15 3 1 
15 1 2 
16 1 
18 2 
19 2 
21 1 
21 1 
17 3 1 
11 5 2 1 
8 4 1 
8 3 1 
9 4 1 
9 4 1 
10 2 1 
10 3 1 
9 2 2 1 
8 2 2 1 2 
6 1 2 2 2 
1 2 1 1 3 1 
1 1 1 3 1 
1 6 1 
3 1 1 
1 1 
2 1 
2 1 
2 2 
1 1 
1 2 
1 1 
2 
/
4 
4 
4 
3 
3 
3 
2 
2 
2 6 
2 10 
3 14 
21 
22 5 
33 
31 
35 
33 
32 
32 
30 
23 6 
21 3 
8 10 
8 8 
8 6 
8 6 4 
8 6 2 1 
4 2 4 7 2 5 
3 3 2 9 1 2 2 5 
3 2 3 3 9 4 3 1 
3 3 2 3 5 1 4 1 3 
7 3 4 2 7 3 
6 3 3 1 
2 9 
14 
