#6.238 
#nonogram 2984

3 10 1 2 
3 9 1 2 
3 8 2 1 3 
3 6 4 2 
4 4 5 2 
5 3 5 2 
2 2 3 6 2 
6 2 7 2 
8 3 5 2 
7 4 4 2 
5 5 4 1 
6 3 3 1 1 1 
6 3 1 1 2 2 
6 2 2 3 1 2 2 
6 4 1 1 4 1 
3 2 2 2 3 4 2 
8 3 1 1 1 2 
5 2 3 3 1 1 2 
4 2 5 1 3 2 
1 2 3 4 3 1 2 
3 5 6 1 2 
3 7 3 1 2 
3 8 6 
3 5 6 
3 6 2 1 
3 3 2 2 
2 3 2 1 
2 3 5 
1 1 5 
2 1 2 1 
/
3 6 17 1 
19 10 
6 19 
12 4 
13 
10 
2 1 3 
2 1 2 1 2 
1 1 2 1 2 2 1 2 
4 2 3 5 3 
7 5 7 
6 2 2 7 
5 7 5 
5 2 1 1 2 4 
4 2 2 2 
3 13 1 
2 4 1 1 6 
3 5 1 1 5 
3 2 2 
18 
8 2 2 
11 2 2 
15 
4 2 12 
8 
4 2 2 
8 5 2 2 
3 4 12 5 
6 6 
