#6.234 
#nonogram 2108

3 2 2 
4 1 2 
6 3 2 
5 1 5 2 
5 1 7 1 
5 1 7 1 
4 1 1 8 1 
4 3 7 1 
5 4 1 3 2 1 
4 3 2 3 1 1 1 
3 4 2 3 3 1 
4 4 1 1 3 3 1 
9 4 2 1 2 1 
7 4 3 2 3 
12 3 2 3 
5 6 1 2 1 3 
6 6 2 2 1 1 
6 2 3 3 1 
5 4 4 3 
6 11 1 2 1 
6 10 1 
5 10 7 1 
5 9 7 1 
5 6 2 6 1 
5 1 4 3 7 1 
5 2 4 7 1 
3 2 4 7 
2 5 5 
1 7 6 
7 5 
6 6 
6 5 
7 5 
4 7 3 
8 7 3 
10 5 3 
11 5 3 1 
12 3 3 1 
14 2 3 1 
14 2 1 
7 7 2 
4 1 1 1 5 1 1 2 
3 2 4 1 2 2 
2 1 3 1 2 2 5 
2 8 1 1 2 5 
1 12 1 2 5 
1 13 1 4 
14 2 3 
13 3 2 
10 2 1 
/
6 
9 
10 
11 
12 
10 2 7 
10 2 1 7 2 
11 5 2 7 5 
11 12 7 6 
7 3 9 7 7 
6 5 7 8 6 
4 7 7 8 8 
5 4 3 5 7 9 
4 6 3 4 8 7 
2 6 4 4 9 6 
5 2 5 4 7 7 
3 7 1 3 7 8 5 
1 3 2 2 1 3 1 11 8 5 
7 2 3 1 11 6 4 
8 5 2 12 6 2 
1 14 2 10 5 2 
12 5 11 3 
9 6 11 6 
4 3 6 6 1 5 
3 7 7 1 1 2 
4 3 11 3 6 
5 3 16 7 
8 1 14 7 
4 3 1 10 8 
13 2 7 5 10 
