#6.237 
#nonogram 1382

2 
4 
7 
2 8 
10 3 
9 1 2 
11 5 
12 6 
15 2 3 
19 2 
19 3 
7 3 8 3 
9 5 3 
10 2 4 
1 10 2 5 
17 5 
6 11 3 1 
7 10 3 1 
5 10 1 1 
2 3 7 1 
1 7 1 
1 9 1 
1 3 4 
1 5 1 2 1 
2 5 4 1 
4 4 3 2 
5 2 4 2 
4 1 4 2 
5 1 4 2 
4 1 2 5 1 
2 1 10 1 
6 4 7 1 
9 4 1 1 
9 3 3 
10 1 4 3 
9 7 3 
20 3 
14 5 2 
12 5 2 
10 6 1 
9 5 1 1 
9 4 1 1 
9 4 3 
9 3 3 
9 3 3 
9 6 3 
8 7 2 
9 4 5 2 
13 5 1 
12 1 6 1 
11 2 3 3 
10 2 2 3 
11 2 2 3 
14 2 3 
8 2 2 3 
6 2 3 
6 2 2 
5 2 2 
5 2 3 1 
10 3 1 
10 3 1 
8 5 
6 4 
6 4 
2 4 
/
3 
5 
6 
2 4 
8 3 
8 7 6 
7 1 3 22 
8 31 
8 5 27 
9 5 30 1 
10 6 33 
5 5 3 33 
6 4 34 
6 4 2 23 7 
7 5 12 4 5 6 5 
7 12 2 3 3 2 4 
9 6 3 2 2 3 1 4 
9 5 3 3 3 2 2 4 
9 3 3 2 3 2 3 2 
9 7 1 3 3 5 
10 6 2 9 2 2 
4 6 5 24 
4 4 5 33 
3 5 5 35 
3 4 4 14 3 6 6 
3 3 15 3 1 3 7 
4 12 2 6 6 7 6 
16 6 6 6 8 4 
9 9 40 
