#6.233 
#nonogram 2043

3 
2 3 2 3 
1 2 5 2 
1 6 1 
1 5 1 
1 5 1 
1 2 5 1 
1 2 5 1 
2 5 1 
3 2 5 1 
4 2 5 1 
2 2 5 1 
5 2 6 1 
2 2 2 6 1 
5 1 4 1 
2 2 2 1 4 1 
5 2 1 3 1 
2 2 1 3 1 
5 6 1 
4 4 1 2 1 
8 4 1 2 1 
1 6 1 
1 1 1 3 1 
3 3 2 1 3 1 
5 1 2 1 3 1 
4 1 1 3 1 
3 1 2 1 3 1 
3 1 2 1 3 1 
7 1 3 1 
3 1 6 1 
7 1 4 1 2 1 
1 1 4 1 2 1 
2 6 1 
1 1 3 1 
1 2 1 3 1 
1 2 1 3 1 
1 1 1 3 1 
3 3 2 1 3 1 
5 1 2 1 3 1 
4 1 1 3 1 
3 1 2 6 1 
3 1 2 1 1 2 1 
7 1 1 2 1 
3 1 2 6 1 
7 1 2 1 3 1 
1 1 1 3 1 
1 2 1 3 1 
1 2 1 3 1 
3 1 3 1 
3 1 1 3 1 
3 1 1 3 1 
3 1 1 3 1 
1 4 1 3 1 
9 4 3 1 
1 1 5 1 
7 3 2 
3 
/
1 1 1 5 
1 1 1 1 1 1 
1 8 8 2 1 1 
8 1 10 10 1 1 1 
11 8 8 2 1 1 
2 1 1 1 3 2 1 1 2 1 1 1 1 1 
13 2 1 1 2 1 1 2 3 
23 1 6 1 1 1 
2 10 17 
1 1 
2 2 2 2 2 2 2 2 2 2 2 2 2 2 1 
1 2 2 2 2 2 2 2 2 2 2 2 2 2 2 
2 2 2 1 
2 42 
11 1 1 1 1 1 1 2 
14 4 4 4 1 
18 9 9 12 
55 
54 
2 2 
1 1 
2 2 
54 
