#6.230 
#nonogram 2460

12 1 
15 1 
13 1 1 
13 2 1 
12 1 1 
12 1 1 
11 1 1 
14 1 2 1 
14 1 4 1 
9 4 2 1 6 
8 5 3 2 5 
7 3 8 5 
6 2 3 11 1 3 
5 1 15 2 2 
4 2 1 11 2 1 
3 1 3 10 2 1 
1 3 2 4 12 
1 4 6 11 1 
2 4 2 5 2 1 
2 3 2 4 3 1 
3 3 1 3 2 1 
3 4 2 6 2 
4 10 2 2 4 
5 5 2 2 7 
6 3 1 1 4 
7 2 1 1 1 3 
8 3 7 2 
10 6 2 2 
13 1 1 2 
27 4 10 1 
/
5 14 
8 12 
10 10 
11 8 
13 7 
13 6 
14 5 
15 4 
16 3 
17 3 
9 5 2 
6 3 2 2 
4 4 1 2 
3 4 2 1 
2 3 3 1 
2 1 3 1 
3 4 1 
7 1 1 
2 1 
1 1 
2 6 1 
1 9 1 
14 1 
1 4 7 1 
3 2 3 2 1 
4 1 2 1 1 1 
5 1 1 1 1 
8 1 2 
6 5 4 
6 6 1 
8 1 1 
9 4 
12 2 
17 1 
15 1 
1 2 1 1 
1 2 1 1 
2 4 2 1 
2 2 2 2 1 
2 2 1 1 1 
7 2 1 1 
5 5 1 
5 5 1 
5 7 
9 6 4 8 
