#6.23 
#nonogram 2895

20 5 3 
7 6 2 1 2 
6 3 3 2 2 
5 2 2 3 1 1 
5 1 2 3 1 
5 1 1 
6 2 9 
3 2 6 1 
2 2 3 1 4 
1 2 6 1 1 
1 4 5 1 1 
1 5 7 4 
1 7 6 1 1 
2 7 1 7 3 
3 1 3 3 10 
2 1 2 4 7 
1 13 1 3 
3 1 6 2 4 2 
3 1 6 2 1 1 
3 3 1 2 
2 6 
2 
2 8 
1 2 8 
2 26 
3 25 
3 2 2 2 2 8 
3 2 2 2 2 8 
27 
26 
/
17 1 1 3 
9 3 1 2 3 
8 1 2 2 3 
7 1 2 3 
7 2 2 3 
3 1 1 2 2 
2 7 6 
1 1 1 1 6 
1 2 2 2 2 2 
1 7 2 2 
1 4 3 6 
2 5 3 6 
4 4 4 2 2 
5 4 5 2 2 
3 11 6 
2 3 3 6 
2 3 1 1 1 2 2 
1 2 1 4 2 1 2 2 
1 2 9 2 6 
1 1 10 2 6 
3 10 1 2 2 
2 1 2 7 1 2 2 2 
1 5 7 1 8 
1 1 1 1 3 4 8 
1 3 1 3 2 1 8 
3 1 4 1 1 1 8 
1 1 1 2 2 2 8 
1 3 1 1 3 8 
3 6 8 
5 8 
