#6.236 
#nonogram 2150

8 
10 
12 
16 
17 
18 
4 19 
8 18 
11 15 
13 10 4 
16 7 7 
18 4 8 
21 2 2 9 
23 3 10 
19 12 11 
3 15 1 11 12 
3 10 2 10 13 
5 5 4 2 14 
7 6 15 
19 14 
16 12 
12 11 
8 12 
4 12 
14 
15 
14 
15 
13 
12 
/
1 1 
1 1 
2 2 
3 2 
4 3 
4 3 
6 3 
6 4 
7 3 
9 4 
10 4 
10 4 
12 4 
12 5 
12 5 
12 5 
11 5 
10 4 
9 5 1 
1 8 4 1 
1 7 5 2 
2 5 4 3 
2 2 5 3 
3 5 4 
4 1 5 
5 6 5 
6 5 6 
6 4 6 
7 3 6 
8 3 7 
8 3 6 
8 3 7 
8 3 7 
9 3 7 
9 3 9 
9 2 10 
10 1 10 
10 10 
9 11 
8 11 
6 11 
5 11 
4 12 
4 12 
2 11 
2 12 
11 
11 
10 
9 
