#6.232 
#nonogram 1546

7 5 
13 4 
3 5 3 3 
5 4 2 3 
2 4 3 4 2 2 
1 4 3 5 1 2 
2 1 2 3 4 4 7 2 2 
1 3 2 4 4 13 2 2 
1 3 3 5 18 2 
1 3 5 28 2 
1 1 1 36 2 
1 1 36 2 
1 1 3 30 2 
1 2 2 32 2 
2 1 1 3 29 2 
1 1 2 26 2 
7 8 9 2 2 
5 8 3 3 
3 8 3 3 
13 4 
7 5 
6 
5 1 1 
2 4 
1 1 1 2 2 
2 2 2 4 
1 3 2 3 
1 4 3 2 
1 4 3 2 
1 1 2 4 2 
1 1 2 4 2 
1 2 3 3 
2 1 8 
1 2 4 2 
2 4 
5 
/
9 
3 3 
2 4 2 
2 4 2 3 
3 7 3 
5 4 
12 2 
2 7 2 
2 5 2 
1 3 1 
2 3 2 
1 2 1 
1 4 
2 5 
1 6 
1 6 
2 7 
1 8 
2 9 
1 10 
2 11 
1 12 
1 2 9 
2 1 10 
1 2 11 
1 1 11 
2 1 9 3 
2 2 9 3 
1 2 9 2 
1 1 10 2 
2 1 11 3 
2 11 2 8 
2 11 2 3 3 
2 11 2 2 5 2 
2 11 2 1 5 1 1 
2 11 2 1 9 1 
2 11 2 2 5 2 
2 10 2 4 4 
2 9 3 1 10 
3 11 1 2 9 
1 15 2 1 7 
2 10 4 1 2 1 
4 5 3 3 
22 10 
23 8 
