#6.244 
#nonogram 2324

3 2 
3 1 
4 3 3 2 
4 5 3 1 2 
3 1 1 3 2 1 
2 2 3 3 1 
2 2 4 4 4 1 
5 12 4 
3 14 3 
16 
14 2 
8 4 
3 5 3 3 
5 9 3 
6 10 4 
6 10 3 
7 1 5 
6 1 7 3 
7 5 12 
6 5 12 
7 8 8 
8 9 7 3 
18 6 4 
14 3 4 4 
3 7 3 1 2 2 
6 1 2 4 
3 1 1 2 3 3 
2 2 4 2 2 4 1 
2 4 2 2 4 1 
4 6 1 2 3 1 
1 2 3 2 3 1 
1 2 1 4 2 1 
4 1 3 2 2 
8 4 2 
8 3 2 
6 4 2 
6 3 
8 1 3 
7 1 3 
3 5 
3 4 
3 4 
5 3 
3 3 2 
4 1 
/
2 
4 2 
5 3 
1 4 6 2 5 
8 7 3 4 1 
5 3 8 4 6 
3 2 10 3 4 2 2 
3 11 5 5 2 1 
3 7 5 3 4 2 
3 6 5 1 1 2 2 
2 3 7 6 1 1 1 2 3 
2 4 5 6 1 1 3 
2 5 1 7 4 3 
2 6 3 7 5 1 3 
10 8 3 7 
10 5 12 
10 7 8 
11 6 3 
13 6 
6 10 7 
7 10 2 3 
7 4 7 4 
8 4 7 5 
3 3 1 7 2 1 
2 2 1 1 2 7 2 1 
1 6 5 4 1 5 5 
6 6 4 2 5 5 
1 4 5 3 4 4 9 
4 3 4 11 
5 2 3 13 
