#6.245 
#nonogram 1465

9 5 12 1 
7 5 12 
5 6 5 2 1 
4 7 8 
3 8 2 3 
2 7 6 
2 7 5 
5 6 5 
1 5 4 2 5 
1 12 4 3 
1 5 1 6 4 
5 9 2 
5 11 2 2 3 
5 13 4 3 
4 7 5 3 3 
11 2 6 3 
10 1 2 2 
10 4 2 
9 5 2 
9 5 2 
7 12 3 2 
6 8 6 5 2 
6 9 9 2 
5 9 6 2 3 
1 4 8 1 3 3 
5 2 8 3 2 
1 6 1 9 1 3 4 
1 8 7 6 3 
2 10 2 5 
2 8 5 
3 4 3 2 
4 4 4 1 5 
5 7 2 5 1 
6 6 1 4 5 
8 22 
/
11 11 
8 1 7 
5 1 1 5 
4 1 1 4 
3 2 2 3 
2 1 1 2 
2 1 1 1 
1 1 1 1 
1 2 1 
1 2 
9 1 
14 1 
17 1 
19 1 
10 10 1 
1 5 1 12 1 
8 1 16 
7 1 13 2 
7 12 2 
6 2 9 9 
4 6 13 
3 6 14 
5 15 
5 15 
6 11 3 
6 11 3 
5 10 4 
3 5 2 1 1 1 
3 5 1 1 1 
1 1 2 2 1 2 1 
1 2 2 1 3 3 
1 1 2 3 2 1 
1 3 7 1 
2 4 7 1 
2 3 5 1 
3 3 2 
3 4 2 
4 4 3 
5 3 4 
7 3 1 1 1 
2 1 4 1 7 
11 9 
16 7 1 2 
1 32 
4 1 2 1 13 1 4 1 
