#6.249 
#nonogram 1477

10 
12 5 
21 
4 1 10 4 
2 5 2 4 4 
4 1 5 3 5 
2 1 3 1 2 1 5 
2 9 3 3 
5 1 2 1 6 3 1 
1 4 1 1 2 6 1 
2 4 6 6 2 
5 2 3 1 7 3 
1 3 1 11 3 
2 4 4 1 6 3 
7 1 1 1 8 3 
1 3 3 2 7 2 
2 4 3 8 2 
7 1 2 7 3 1 
7 7 3 5 
6 1 1 1 1 3 7 
6 20 
7 3 1 13 
6 1 1 16 
5 7 11 
5 1 1 1 1 8 5 
5 1 1 12 3 
6 1 3 1 8 3 
4 1 3 10 
5 1 1 3 8 1 
3 2 1 1 10 2 
3 2 14 3 
2 1 2 2 10 3 
2 5 13 2 
5 5 6 2 
1 5 4 7 3 
1 4 2 4 6 4 
1 4 2 3 7 4 
1 3 1 4 7 2 2 
1 3 2 4 5 2 1 
1 2 1 2 2 2 5 2 
1 2 3 2 3 4 2 
1 2 3 5 6 2 
1 1 6 7 4 2 1 
1 6 1 4 1 5 4 
6 2 5 2 3 4 
3 2 2 6 1 4 4 
3 5 4 1 2 4 
1 1 1 3 5 3 3 2 1 
2 3 2 4 2 2 2 1 
2 2 1 6 1 2 3 1 
2 1 5 3 1 5 
2 1 6 4 5 
1 1 1 4 5 1 3 
1 1 2 5 3 1 3 
1 1 1 2 2 2 3 
/
1 4 
1 1 3 7 
1 2 8 4 10 
1 15 3 
1 17 10 3 
5 12 11 3 
4 1 11 4 8 
3 1 11 16 2 
4 12 5 4 3 3 
3 3 6 11 12 
3 7 11 4 
2 3 3 5 4 
4 3 10 2 2 7 
2 4 3 1 2 1 5 6 11 
4 2 5 13 9 13 
3 5 2 6 1 1 1 25 1 
6 7 8 1 1 16 1 1 
4 3 1 7 1 2 11 6 1 1 
6 6 11 1 5 2 1 1 
7 2 3 2 3 9 5 2 1 
4 3 2 26 1 5 1 1 
5 35 1 7 
6 37 1 5 
6 10 26 1 1 4 
1 5 9 20 14 
3 8 18 8 
2 4 7 7 7 1 
8 9 4 6 
8 9 18 
6 1 4 8 7 14 
2 2 7 6 1 10 4 5 
1 10 1 1 1 4 3 13 
