#6.243 
#nonogram 1555

2 2 2 
2 1 2 2 2 
1 2 5 2 2 
5 2 4 
4 2 6 3 
7 10 4 
2 3 14 4 
2 3 5 8 4 
1 3 5 2 7 2 
1 3 3 1 2 8 2 1 
1 4 4 2 1 6 2 1 1 
1 5 8 7 2 1 1 
3 6 16 2 1 1 
2 3 8 7 2 1 1 
1 2 9 1 2 5 3 1 
3 6 5 1 2 5 4 2 
2 4 4 1 1 2 1 4 2 
2 3 5 1 3 5 1 
2 2 8 3 8 1 
2 3 1 12 7 1 
3 6 16 1 1 
3 1 2 14 2 3 
4 3 13 3 2 
7 2 12 3 2 
5 5 11 2 2 
1 2 8 1 1 
2 2 3 4 1 2 
5 2 5 4 3 
1 2 5 2 2 11 
2 1 2 2 3 5 3 
2 2 3 4 4 
3 1 5 3 
3 5 4 
2 5 4 
2 4 3 
2 3 2 
2 3 3 1 
4 2 1 
4 2 2 
2 2 2 
/
4 4 6 
3 3 9 1 
2 3 1 3 5 2 
2 5 2 3 3 2 1 
2 5 1 6 2 4 
4 4 3 3 2 2 
3 2 2 1 3 
2 2 3 4 1 
1 1 2 4 2 
2 1 2 1 2 1 
1 2 1 1 1 4 
4 3 2 2 
2 9 2 1 
13 4 
1 15 2 
2 17 
1 2 3 3 7 1 
4 11 6 3 3 
2 3 4 9 2 3 6 
3 2 2 2 7 2 4 2 
3 3 1 3 6 2 2 5 
4 3 9 2 1 6 
22 3 4 
22 3 2 
12 8 3 3 
12 1 9 3 
11 16 
8 16 
4 6 2 6 
11 3 4 
3 3 10 4 1 2 2 4 
10 6 4 2 10 
11 4 11 
8 2 14 2 
4 16 3 4 
