#6.241 
#nonogram 1479

5 2 2 2 7 
3 1 1 1 1 2 3 6 
4 1 12 2 5 
2 1 5 2 2 4 
2 1 3 5 4 3 
3 4 11 3 2 
2 4 15 2 1 
1 1 2 19 2 1 3 
2 4 21 2 1 1 5 
6 22 2 3 5 
2 27 1 4 1 5 
1 1 27 2 2 2 4 
1 30 3 5 3 
33 2 5 3 
2 10 16 3 5 2 
1 2 7 2 14 3 5 2 
10 5 13 3 3 1 2 
2 7 8 16 3 1 1 2 
1 7 9 12 3 3 1 1 2 
2 19 15 3 1 4 
1 20 3 11 5 4 
3 6 10 3 5 3 6 4 
1 6 8 2 1 4 5 5 
1 3 4 2 8 2 3 2 2 4 
1 11 1 8 2 3 4 1 5 
3 9 8 4 3 5 
2 5 10 1 1 5 
1 6 12 1 3 
15 2 1 
15 2 2 
13 1 3 
12 4 
5 3 5 
3 1 1 6 
4 7 
/
3 5 
3 3 2 2 
5 2 2 2 
3 1 2 2 2 
4 2 2 3 2 
2 1 4 6 2 
2 3 11 2 
3 19 
2 1 20 
1 4 19 
2 4 20 
3 2 10 2 1 6 
2 2 9 3 7 
1 2 8 5 1 1 3 
1 3 9 6 2 3 
2 1 8 8 5 
1 2 9 16 
2 9 17 
2 9 16 
1 1 10 16 
3 11 16 
1 12 15 
2 13 13 
1 1 15 11 
3 17 2 3 1 
2 17 1 3 2 
1 1 18 2 3 1 
4 14 3 2 3 
1 1 15 2 4 
2 1 15 1 
3 15 1 
3 14 1 
3 13 1 
4 11 2 
3 7 3 
4 1 6 
13 
2 11 2 
3 7 3 
5 5 
15 
9 11 9 
6 15 6 
5 2 5 4 2 5 
4 4 8 4 4 
3 5 6 3 
2 5 11 2 
1 6 8 1 
15 
11 
