#6.259 
#nonogram 2998

6 6 11 
6 4 9 
6 3 8 
6 1 10 
6 3 4 
6 3 3 
6 4 4 2 
3 2 5 2 2 
3 9 2 1 
2 1 5 1 1 1 
1 2 2 1 1 1 
1 1 2 4 1 1 1 
1 2 2 2 1 1 
1 2 1 1 2 1 1 1 
1 1 3 3 1 2 2 1 
1 2 1 2 4 1 
2 2 1 2 1 1 1 
1 3 2 1 1 2 
2 1 1 1 2 1 
2 2 1 1 2 2 
2 1 2 1 2 4 
5 3 2 2 
4 2 
1 1 2 6 
4 2 
1 3 2 
2 3 1 3 
4 3 3 4 
7 16 
8 15 
/
17 5 
10 3 4 
9 2 2 2 3 
7 2 2 2 2 3 
9 2 2 2 2 2 
9 2 1 1 1 2 
2 8 2 2 
4 6 1 
7 2 1 
3 6 2 1 4 4 
3 6 1 2 2 2 3 
9 1 2 1 3 
2 3 1 2 1 3 
1 1 2 1 2 
1 1 2 
1 2 2 
1 2 5 2 
2 1 2 2 
2 6 2 3 
1 8 4 1 3 
1 1 2 4 
2 1 2 
4 2 
4 3 
4 7 
4 7 
5 1 1 4 
6 2 1 2 
8 4 1 1 
18 1 1 
