#6.255 
#nonogram 2410

7 
10 
14 
18 
15 4 
14 6 
10 1 5 
11 2 3 3 
11 3 3 1 
11 4 4 
7 2 2 5 
5 1 2 3 1 4 
4 1 1 3 2 3 
4 3 1 1 3 2 
3 3 2 4 2 
3 1 2 1 4 1 
2 2 2 3 1 
1 1 2 2 1 1 1 
2 1 2 3 1 
1 1 1 1 3 5 
2 1 3 2 4 
2 1 3 4 4 2 
2 1 3 3 5 3 
2 1 2 1 5 3 
2 11 9 2 
24 
20 1 
19 
15 
13 
/
12 
10 1 2 
10 1 1 2 
8 1 1 1 2 
7 4 1 1 2 
7 3 2 1 1 1 
8 3 4 1 1 
7 1 3 3 3 
7 2 2 6 
10 5 
9 4 
7 5 
5 6 
5 6 
6 5 4 6 
13 12 
6 2 3 3 2 6 
6 1 1 1 1 6 
5 5 
5 5 
4 5 
3 6 
4 1 6 
3 3 6 
4 6 
3 6 
2 5 6 
3 7 4 1 
3 4 7 
3 2 6 
3 4 
3 3 
1 4 3 2 
1 8 1 4 
2 5 1 4 
