#6.251 
#nonogram 1782

7 14 
5 6 4 10 
6 7 1 6 
7 6 1 2 4 
9 6 1 2 4 
8 6 1 1 4 
8 5 2 5 
7 5 1 1 2 
7 6 1 3 1 
6 7 2 1 
6 7 1 3 
6 7 3 2 
7 6 2 3 
7 7 1 1 1 3 
7 7 1 2 3 
7 7 1 2 4 
7 7 1 1 5 
7 8 1 2 5 
15 1 5 
9 3 6 
9 2 6 
5 1 2 7 
5 4 8 
4 2 2 1 9 
6 2 5 2 10 
4 6 3 11 
3 1 9 5 2 1 
3 25 2 
29 3 
25 4 
23 4 
21 5 
9 5 
3 5 
6 
/
6 
18 
23 
25 
27 
28 
20 1 2 
8 3 1 2 
6 4 3 
1 9 2 3 
1 11 2 6 
14 5 
15 1 5 
17 1 5 
21 6 
30 
5 3 9 
4 9 
4 9 
3 9 
3 9 
2 8 
1 8 
2 6 
6 6 6 
1 6 
1 5 
4 4 5 
2 2 3 1 5 
5 
1 5 
1 3 
1 3 
1 3 
2 2 
2 1 1 2 
2 2 
2 2 
2 2 4 2 
3 5 2 
3 4 3 
3 3 
4 4 
5 5 
4 7 4 
4 10 6 
3 15 6 
2 15 7 
2 14 8 
4 14 1 
