#6.250 
#nonogram 2081

5 
7 
7 
8 
6 1 
1 2 3 
1 2 6 
2 14 
2 18 
24 
24 
2 20 
2 16 
2 11 
2 1 5 
3 2 2 
4 5 
2 2 5 
1 4 4 
1 3 4 
3 3 
7 
7 
5 
1 4 
3 3 
4 3 
5 2 
6 3 
6 2 9 
7 3 16 
7 24 
7 19 
7 17 4 
7 16 7 
6 15 9 
6 14 5 3 
6 14 7 
6 14 9 
6 12 5 4 
6 11 7 
7 9 5 4 
7 16 3 
8 11 3 
8 8 3 
9 8 
10 7 2 
10 4 2 2 
11 4 3 2 
11 3 3 2 
11 3 2 3 
11 4 2 3 
10 4 2 1 
10 6 3 
10 6 3 
10 4 1 2 
10 2 1 2 
11 2 1 
11 1 
11 
/
5 36 
3 3 35 
12 1 3 35 
13 3 34 
2 8 33 
2 7 32 
3 6 5 19 
3 5 17 
4 5 6 15 
4 17 14 
5 17 4 3 
5 17 
6 19 5 
6 28 
7 25 
8 18 7 
4 9 17 4 
6 7 2 19 3 
6 7 3 1 11 2 1 3 
5 8 4 10 4 1 2 
5 9 4 9 4 2 2 
5 9 4 10 3 1 2 2 
3 11 2 7 5 2 2 
1 11 6 6 2 2 
11 6 5 2 2 2 
6 5 6 2 5 
4 8 2 3 
10 3 
3 6 2 
3 3 3 
2 3 3 
2 3 2 
1 3 1 
3 
1 
