#6.254 
#nonogram 9541

7 1 4 1 
5 2 2 6 3 1 2 
4 1 11 6 5 
3 1 1 24 2 
2 1 1 3 17 
1 1 1 16 
2 1 14 3 
1 3 3 11 
1 3 3 4 2 
7 2 1 2 
2 5 2 1 
3 3 1 2 1 2 
3 5 1 
3 2 5 1 
2 4 8 2 
2 5 9 1 
7 11 1 
5 14 1 1 
3 16 2 
13 8 3 3 
13 14 3 
4 3 2 12 6 
10 4 6 2 3 1 
16 9 2 
14 10 4 
12 15 
3 3 7 2 
1 4 4 
1 3 8 
1 11 1 
1 8 
5 
/
7 1 4 4 
5 2 6 6 
4 1 3 10 
3 1 1 2 11 
2 1 1 1 7 5 
1 1 1 5 2 5 
2 1 4 9 
1 2 9 
1 9 
1 5 5 
2 3 8 4 
4 1 2 8 4 
4 2 10 4 
3 2 8 5 
2 11 5 
5 2 12 
7 2 9 
7 2 8 
8 2 8 
9 7 
10 7 4 
4 4 8 
6 8 
6 8 
7 4 3 6 
6 4 2 8 
7 3 2 9 
6 2 4 3 
5 6 3 
2 6 2 2 4 
3 2 2 2 4 
2 2 1 1 5 
2 3 2 6 
2 2 1 6 
2 2 2 2 3 
3 3 2 2 2 
2 3 3 2 1 
3 1 
