#6.253 
#nonogram 8809

7 
8 
2 8 
3 9 
4 2 9 
6 4 10 
7 1 4 7 
8 1 1 7 
9 2 6 
10 2 1 6 
10 6 7 
19 8 
20 8 
20 9 
23 9 
7 24 
7 13 11 
8 11 2 3 
14 1 
13 3 1 2 
7 2 4 3 4 
6 2 3 3 4 
4 2 4 3 2 4 
3 2 8 2 4 
5 2 8 2 4 
6 2 8 2 4 
9 2 5 2 2 3 
10 6 4 4 
12 3 3 2 
7 3 3 
7 6 2 2 
7 10 3 6 
18 1 9 
19 1 9 
12 7 1 7 
11 5 1 5 
11 2 1 1 
9 1 2 1 
8 1 2 
6 2 2 
4 2 2 
2 2 2 
1 2 3 
2 5 
5 
/
12 
15 
18 
13 11 
13 12 
14 12 
14 11 
14 12 
10 3 3 7 
10 3 2 1 7 
10 1 2 11 
16 12 
18 11 
8 8 11 
3 7 5 12 
7 7 3 7 
8 3 2 3 3 
9 2 3 2 4 
9 10 5 
3 8 8 5 3 
1 10 7 4 5 
2 8 5 4 2 2 
3 5 4 4 1 
2 2 4 2 1 
2 3 6 2 2 
2 3 3 6 2 
3 9 12 1 
5 6 10 2 3 2 
8 7 5 3 5 
17 3 2 4 3 
17 10 5 
18 8 5 
18 8 6 
18 4 6 
17 7 
