#6.265 
#nonogram 9494

25 
25 
4 24 
7 23 
5 22 
5 22 
5 22 
4 7 21 
3 10 21 
3 5 3 21 
3 6 3 21 
7 3 21 
3 3 21 
4 21 
10 21 
11 18 1 
11 17 
11 17 2 
12 14 2 
11 2 
14 2 
26 2 
15 24 
15 5 
15 1 3 1 
15 1 11 1 
15 2 13 2 
15 1 20 
14 1 20 
1 11 2 20 
11 2 21 
10 1 21 
11 22 
7 2 22 
6 2 22 
6 22 
5 23 
5 23 
4 24 
3 24 
2 24 
1 24 
1 23 
23 
23 
/
6 
8 
8 
5 2 
5 2 7 
3 3 10 
2 2 11 
2 2 14 
1 2 16 
1 2 18 
3 20 
2 22 
3 24 
2 25 
2 26 
2 27 
2 28 
3 6 13 1 
10 8 3 
8 1 6 
2 4 1 5 
3 6 4 
4 3 9 
7 3 13 
18 3 15 
18 3 18 
19 2 19 
19 2 20 
19 2 20 
19 2 20 
19 2 20 
19 1 20 
19 1 20 
19 1 20 
19 1 21 
19 1 21 
19 1 21 
19 1 20 
19 1 19 
19 1 18 
18 1 18 
16 1 18 
15 1 18 
15 6 19 
16 6 21 
