#6.266 
#nonogram 6037

4 
3 3 
2 3 
2 1 1 1 
1 6 1 1 
2 2 6 1 2 
1 1 7 2 1 
2 2 8 1 1 
1 2 4 5 3 
1 1 1 5 4 2 
4 1 1 2 1 2 1 2 
1 2 1 2 2 2 3 2 
4 2 1 2 1 1 4 2 
3 2 1 3 1 5 2 
2 1 1 1 3 2 5 2 
4 1 1 2 1 5 2 
8 1 1 5 1 2 
2 2 2 1 2 5 2 2 
1 3 4 10 3 
3 16 1 3 
1 14 4 
11 1 3 1 
3 3 1 4 
3 4 
4 5 
7 
/
3 
7 
2 5 
3 3 2 
4 1 2 
2 2 1 1 
3 4 
3 2 1 
5 2 3 
3 4 6 
2 3 11 
2 5 6 
3 4 5 2 
1 3 4 1 
3 2 2 4 2 
4 6 2 
9 1 4 1 
5 1 2 5 1 
7 5 2 
2 7 6 2 
1 8 10 3 
2 6 10 2 
1 12 3 
7 6 1 2 
3 3 2 3 2 
5 3 2 3 
9 4 
10 
8 
