#6.267 
#nonogram 20104

6 6 2 
2 14 3 
1 4 3 9 4 
6 8 3 4 4 
21 6 
11 8 4 
9 1 5 3 
6 2 2 2 3 3 
5 2 3 1 2 2 
2 3 1 1 4 2 1 
1 2 2 1 2 1 2 1 
1 3 2 1 2 1 1 1 
1 5 2 3 2 2 
7 1 4 1 
9 1 2 2 
6 3 1 1 2 1 
5 1 2 2 1 
6 3 2 1 
3 2 1 4 
5 3 1 1 3 
10 3 1 3 
9 3 2 3 
10 1 2 1 3 2 
7 2 1 4 2 1 2 
3 4 1 2 2 2 2 2 
2 7 3 7 2 
2 4 3 12 1 
2 3 6 5 1 
3 8 3 1 
14 1 
/
12 
3 10 
4 14 
15 7 
17 8 
1 7 4 2 4 2 
1 6 5 8 2 
1 5 4 2 8 2 
9 2 8 2 
3 4 1 3 4 1 
2 4 4 2 5 
2 3 2 3 3 
5 2 2 
4 4 1 2 
5 6 2 4 
2 2 2 2 1 3 
2 2 2 1 2 3 
2 3 1 4 5 
3 2 9 1 
3 2 2 2 2 1 
6 2 1 2 
6 3 
6 2 3 
1 5 3 
1 2 6 3 
1 1 2 3 4 
2 1 2 1 3 
1 2 5 1 2 
1 2 2 2 2 
2 2 2 2 
1 3 6 
4 3 2 
7 8 
9 8 
12 13 
