#6.268 
#nonogram 5728

4 5 2 
6 10 2 3 
6 10 4 5 
10 14 6 
10 13 6 
8 12 6 
6 2 7 
14 7 
16 7 
3 18 7 
5 19 7 
8 19 6 
8 18 6 
2 4 17 6 
4 16 5 
4 15 6 
4 5 6 7 
6 15 
26 
5 20 5 
10 15 3 
10 13 
11 17 
16 9 2 2 
6 4 4 8 1 2 
5 5 2 8 2 1 
5 5 3 7 1 2 
7 3 2 7 1 1 
2 6 3 3 8 1 1 
2 23 2 1 1 
1 23 4 1 1 
3 7 6 7 4 1 1 
2 6 5 5 5 1 1 
1 5 4 2 7 2 1 
1 12 3 1 2 
1 12 3 4 1 1 
3 9 3 6 2 2 
4 2 8 2 
3 3 11 
2 3 4 
/
2 
3 3 
4 2 1 
6 2 
7 5 
12 1 
4 7 2 
2 6 6 2 
4 7 13 
2 5 21 
4 5 8 11 
5 3 5 2 9 
5 2 4 6 4 
5 3 5 6 3 
5 4 2 3 6 3 
3 4 3 4 8 
3 3 7 13 1 
4 5 6 10 2 
11 6 7 2 
1 12 5 2 2 
2 12 6 4 2 
4 11 15 1 
5 11 16 2 
6 10 16 1 
6 10 15 2 
6 10 17 2 
5 10 14 6 
5 9 14 1 5 
5 9 9 2 5 
4 17 4 5 
3 16 5 4 
4 16 5 2 
6 16 3 3 
6 11 4 4 1 
4 9 1 9 1 
3 1 1 
7 5 2 2 
10 6 2 2 
21 3 3 
20 9 
17 
15 
11 
5 
