#6.260 
#nonogram 1559

2 9 17 4 4 
3 12 13 3 2 
1 4 1 2 15 5 7 1 
1 5 20 2 2 1 
1 2 2 1 6 12 1 1 
2 1 4 4 2 8 1 1 
1 2 4 3 1 7 
1 2 2 1 2 2 1 3 4 1 
2 2 2 2 1 3 8 1 
1 2 1 3 4 1 8 2 
2 1 2 4 2 10 4 
3 2 5 1 16 
4 2 7 1 1 4 7 
1 3 1 2 2 1 2 11 
1 1 7 4 5 1 11 
1 14 1 4 2 11 
2 7 2 2 3 1 4 5 
5 10 2 2 2 4 
8 6 2 3 1 4 
13 3 3 4 6 4 
4 7 5 1 1 1 2 2 3 
11 11 3 3 1 1 2 
10 4 8 6 2 2 
7 3 4 5 2 4 
17 3 4 2 2 
1 15 2 2 5 3 3 
18 1 3 7 4 1 
9 9 4 12 3 
20 5 2 5 5 
5 9 11 2 7 
/
6 17 
2 4 9 4 
2 3 2 13 
1 3 1 13 
1 3 5 3 9 
2 10 11 
1 4 4 12 
1 2 3 5 6 
1 2 3 3 11 
1 2 9 8 2 
2 2 2 4 3 7 
3 3 3 2 6 
3 2 3 1 1 6 
2 3 3 2 6 
3 3 2 1 4 6 
4 2 2 6 5 
7 1 1 6 6 
8 2 7 3 4 
8 4 8 3 
6 4 3 5 2 
5 6 9 1 
4 2 1 2 3 2 
1 3 1 2 4 5 
6 1 2 2 3 5 
6 1 7 2 4 
5 4 4 3 2 3 
6 6 5 1 
9 2 7 
11 2 1 1 5 
2 9 1 1 1 5 
7 4 1 1 3 1 
13 1 2 2 
12 4 1 3 
13 2 2 4 
4 9 3 1 2 
2 2 8 2 2 2 
1 2 8 1 2 2 
1 2 2 5 1 2 2 
2 6 4 2 1 
2 5 3 1 1 
2 6 2 2 2 
1 2 10 2 1 2 
1 2 11 3 3 
2 2 13 2 3 
4 6 8 1 4 
