#6.271 
#nonogram 21415

31 
36 
39 
10 6 15 
11 6 2 1 14 
12 3 15 
24 19 
12 1 15 
9 1 13 
6 2 3 11 
4 2 5 9 
3 2 1 3 6 
2 2 5 1 2 
2 2 5 2 2 
1 3 3 4 2 
1 2 1 2 1 3 1 
1 1 1 1 2 3 2 
1 1 4 2 2 1 1 1 1 
1 1 2 1 1 1 1 
1 1 2 1 1 1 1 
1 6 2 2 3 1 
1 9 1 1 3 2 
3 1 6 5 1 
6 2 4 3 2 
8 3 1 2 2 2 
11 3 3 1 2 
15 5 2 
17 3 2 
21 2 
21 8 
22 11 
23 13 
25 15 
45 
44 
42 
40 
38 
35 
31 
26 
17 
/
28 
9 13 
8 13 
7 13 
7 13 
7 14 
7 13 
7 14 
7 13 
7 13 
7 14 
7 13 
6 6 13 
3 1 8 15 
3 2 3 17 
3 1 1 4 1 4 13 
3 1 1 2 3 1 14 
3 1 1 7 1 2 12 
3 1 1 6 2 16 
3 1 1 4 1 2 16 
3 1 1 1 2 15 
3 1 1 2 11 
4 1 1 3 10 
4 1 3 9 
5 1 3 9 
6 1 2 8 
4 2 1 1 1 3 8 
7 9 8 
3 1 9 
3 1 9 
4 3 5 10 
8 9 10 
9 3 4 11 
9 12 11 
10 3 4 12 
10 8 13 
11 14 
12 3 15 
13 2 13 
14 3 13 
12 2 3 13 
12 3 3 13 
12 6 13 
11 12 
11 12 
