#6.3 
#nonogram 1086

6 3 5 
6 7 2 2 
3 2 11 1 6 
10 1 15 7 
5 6 1 15 
6 4 3 7 5 
6 5 1 17 
5 2 3 1 19 
5 2 1 21 
5 2 1 9 10 
5 2 8 3 5 
5 2 1 6 8 
3 5 3 3 7 
2 3 2 1 3 7 
4 1 2 1 1 2 6 
6 3 2 1 2 6 
2 5 3 2 2 6 
1 5 3 2 3 6 
5 3 2 1 7 
13 3 2 12 
13 2 1 2 5 
1 2 2 5 3 3 6 2 3 
13 3 3 1 3 1 
13 3 3 2 3 1 
1 2 2 1 3 3 3 3 1 
9 3 3 3 4 1 
1 3 3 4 7 3 3 1 
1 3 3 5 2 3 3 1 
5 3 3 4 4 3 3 
6 4 2 3 3 1 
3 1 1 3 3 2 3 3 3 1 
8 3 3 2 3 3 1 
3 1 1 3 1 2 3 3 3 1 
6 4 1 1 4 3 3 3 1 
5 3 3 3 3 3 3 1 
1 2 3 3 3 3 1 
3 1 3 3 3 3 3 1 
8 11 3 3 3 
1 2 2 3 3 3 3 3 3 3 1 
8 3 3 3 3 3 3 3 1 
/
7 7 
9 2 2 1 1 3 
11 7 3 1 1 
12 7 5 3 
10 4 2 2 1 7 3 
5 5 7 2 1 2 1 1 
2 9 7 7 4 
11 1 2 2 1 2 1 2 4 
2 4 1 23 1 
2 4 1 9 
2 5 8 4 10 
2 2 2 10 4 6 3 
3 1 1 2 9 4 5 3 
4 1 4 1 1 
1 3 4 12 3 
5 5 11 3 
1 3 6 13 3 
1 4 1 1 1 
2 4 11 3 7 
2 5 9 3 6 
3 4 4 3 6 
3 5 4 1 
3 4 1 1 5 2 
3 5 1 2 6 2 
3 4 1 1 1 7 2 
4 4 1 1 1 2 
4 4 2 1 1 2 
7 2 1 1 1 5 4 
7 3 1 1 3 5 4 
1 6 2 2 3 5 4 
2 7 3 1 
3 7 2 7 8 
8 12 8 
1 11 2 1 8 8 
1 3 4 9 
1 23 6 7 
1 23 6 7 
1 23 6 7 
20 
20 6 8 2 
