#6.30 
#nonogram 924

9 6 34 
1 2 2 1 
1 3 3 1 
1 3 3 1 
1 3 7 1 
1 3 7 3 1 
1 2 7 3 5 3 1 
1 3 8 3 2 2 3 1 
1 3 12 3 2 
1 5 35 
1 1 12 4 1 12 6 1 
1 2 4 1 4 5 1 3 1 
1 6 2 2 1 3 4 
1 5 1 2 5 2 
5 2 3 5 2 
6 1 3 9 2 
1 4 2 1 6 4 3 2 
1 4 7 4 4 2 
1 4 2 1 6 6 2 
6 1 1 3 18 2 
5 1 2 3 6 2 
1 5 3 1 2 2 
1 6 3 2 2 2 4 
1 2 4 1 4 5 1 3 1 
1 1 12 4 1 12 6 1 
1 5 35 
1 3 12 3 2 
1 3 8 3 2 2 3 1 
1 2 7 3 5 3 1 
1 3 7 3 1 
1 3 7 1 
1 3 3 1 
1 3 3 1 
1 2 2 1 
9 6 34 
/
14 5 14 
1 1 1 1 
1 11 1 
1 15 1 
1 13 1 
1 11 1 
1 4 4 4 4 1 
1 10 1 10 1 
1 4 5 3 5 4 1 
2 4 3 4 2 
3 2 1 2 3 
2 2 1 2 2 2 
1 2 9 1 
1 1 1 2 1 1 
2 1 1 2 
5 2 2 5 
3 3 3 3 
1 4 5 5 4 1 
1 11 1 11 1 
1 6 7 6 1 
1 6 1 3 1 6 1 
1 8 5 8 1 
1 8 2 2 8 1 
1 8 3 3 8 1 
1 6 1 3 1 6 1 
1 3 2 1 3 3 1 
1 6 1 1 6 1 
1 4 2 1 4 1 
1 4 1 1 4 1 
1 2 2 1 1 2 2 1 
1 2 2 1 2 1 
1 2 1 1 2 1 
1 2 1 1 2 1 
1 2 1 1 2 1 
1 2 3 1 2 1 
1 2 5 1 2 1 
1 2 5 1 2 1 
1 2 5 1 2 1 
1 2 3 3 2 1 
1 2 2 3 2 2 1 
1 6 3 6 1 
1 2 2 3 2 2 1 
1 5 3 5 1 
1 2 2 3 2 2 1 
1 2 2 1 
1 2 1 2 1 
1 2 3 3 3 2 1 
1 11 11 1 
1 10 10 1 
1 1 1 1 1 1 
8 4 4 8 
