#6.31 
#nonogram 2191

8 
5 4 2 
3 3 3 4 
3 7 4 5 
2 4 2 1 5 2 
3 3 4 4 1 
2 2 2 2 4 
2 2 2 2 5 2 
2 1 2 2 11 
3 2 2 13 
3 1 2 8 4 
5 2 4 1 2 2 
2 2 6 3 1 
2 3 10 
2 1 2 7 1 
4 3 4 4 
3 3 11 
2 2 2 10 
1 2 1 3 6 2 
1 5 2 4 1 
3 2 2 2 4 
1 2 1 2 5 
3 6 2 1 2 1 
1 4 2 2 4 1 
1 3 2 
/
5 4 
8 4 5 
4 3 4 2 1 
3 2 2 1 2 2 2 
2 3 2 2 4 1 
2 3 1 2 1 2 1 
2 3 4 2 2 
2 2 2 1 
1 3 2 4 2 
1 2 2 8 4 
1 2 1 3 4 1 2 
2 1 3 4 2 
2 4 5 4 
2 1 7 4 
3 9 3 
3 12 2 
1 4 8 2 
2 5 10 1 
8 2 9 
7 3 6 1 
5 2 3 4 4 
5 11 3 
3 4 3 
3 4 4 2 
3 4 4 1 1 
