#6.36 
#nonogram 5563

8 10 2 1 1 
8 6 2 2 2 1 
8 5 4 2 4 
13 5 2 4 
12 5 2 1 1 
3 9 2 4 
2 5 2 2 4 
1 2 2 2 2 3 
1 4 1 4 3 2 
4 2 1 4 2 4 
2 1 2 2 1 5 2 3 
2 1 1 2 1 4 2 3 
2 1 2 7 2 2 
2 2 1 5 1 2 
3 1 9 3 3 
3 2 3 4 
4 2 7 1 2 
5 8 1 2 
6 2 2 1 2 
4 2 1 1 1 
4 1 1 1 
4 1 2 1 
5 4 
1 3 4 
1 4 3 
6 3 1 
2 4 3 1 
3 4 2 2 
4 5 2 3 
8 3 4 
/
4 23 
5 14 5 
5 2 12 3 
6 7 11 2 
9 3 2 6 1 
7 2 1 1 6 
5 2 4 
5 2 3 
2 1 
5 2 
6 2 1 1 
7 2 2 1 
7 2 
3 3 4 
2 10 1 
1 5 1 3 
1 4 3 1 3 
6 7 3 
15 2 
9 2 
5 2 
5 2 3 
9 1 5 1 
5 6 3 
4 2 7 
3 13 
7 1 2 4 1 
3 3 3 2 7 2 
11 1 3 3 
4 8 1 1 5 
