#6.38 
#nonogram 1015

3 
8 
7 
6 4 
5 6 
5 3 3 
5 2 2 
5 2 2 
5 3 3 
6 6 
2 6 4 
1 7 
2 12 
16 
3 10 
2 10 
2 10 
2 10 
16 
16 
17 
1 18 
13 
15 
16 
17 
18 
16 
16 4 
15 6 
16 3 3 
16 2 2 
16 2 2 
16 3 3 
16 6 
17 4 
18 
17 4 
15 6 
13 1 3 3 
13 1 2 2 
13 1 2 2 
11 1 3 3 
11 2 6 
10 4 4 
10 5 
12 8 
11 
10 
6 
/
1 8 
1 14 
2 20 
2 24 
2 26 
2 2 27 
10 27 
39 
1 1 32 
1 1 32 
1 1 31 
10 1 31 
42 3 
41 4 
38 4 
45 
3 19 3 3 
2 4 17 4 1 4 2 
2 6 8 6 6 6 1 
2 3 3 8 6 3 3 3 3 1 
2 2 2 8 2 2 2 2 1 
2 2 1 6 2 2 2 2 1 
3 3 1 3 3 3 3 1 
6 1 6 6 1 
4 4 4 
