#6.39 
#nonogram 312

2 
4 
2 2 
6 1 
7 1 
6 1 
3 6 6 
3 6 9 
2 6 13 
8 16 
7 18 
16 5 
16 1 4 
15 3 4 
9 1 5 4 
1 5 4 
9 4 4 
5 7 1 4 
6 9 4 
5 16 
1 4 16 
2 16 
3 13 
16 
12 
11 3 
11 7 
11 12 
24 
2 24 
2 24 
2 24 
3 11 9 
3 9 8 
2 9 4 7 
9 5 7 
5 7 
2 2 6 
7 3 6 
13 6 
22 
23 
4 14 
3 14 
3 10 
3 5 5 
3 4 5 
2 12 
2 12 
3 10 
/
6 2 
8 4 
1 7 4 
7 2 5 3 6 1 
10 3 6 1 10 
5 5 4 8 11 
5 7 4 13 5 
15 4 13 4 4 
2 12 1 1 13 4 7 
14 1 14 12 
3 4 4 1 15 12 
3 5 9 8 8 3 
5 6 8 8 7 3 
6 8 8 6 3 
7 8 8 12 
6 8 6 13 
6 7 6 13 
16 6 3 11 
7 5 6 4 4 4 
5 2 5 7 4 4 
5 3 4 7 3 4 
5 3 4 8 2 4 
5 6 3 8 4 
5 3 3 16 
6 2 3 15 
5 4 15 
13 13 
10 12 
9 10 
6 6 
