#6.40 
#nonogram 2551

4 
3 2 
6 
3 2 3 
5 4 1 
7 3 
14 
16 
5 6 8 
4 6 10 
2 18 
1 18 
18 
17 3 
21 5 
27 
26 
21 
23 
2 20 
28 
5 28 
3 1 3 25 
2 2 3 25 
2 3 2 24 
2 3 3 22 
1 4 3 22 
7 2 22 
4 2 22 
2 23 
2 23 
2 22 3 
2 22 4 
23 5 
22 6 
20 7 
28 
26 
4 25 
1 25 
2 2 18 
4 15 
1 11 
3 7 
1 
/
3 
2 2 
2 2 
2 2 
1 3 
2 2 
1 3 
1 3 
1 3 3 
1 4 1 2 
1 2 8 1 1 2 
2 3 14 2 1 1 
3 3 7 4 5 
4 4 5 12 
2 4 3 14 
8 20 
12 21 
14 22 
15 22 
16 23 
40 
41 
4 34 
3 3 35 
5 38 
3 1 38 
1 3 38 
5 38 
3 38 
39 
9 27 
7 20 6 
4 21 5 
21 6 
4 15 6 
4 13 7 
3 8 8 
7 8 
7 7 
5 5 
