#6.41 
#nonogram 1588

4 
7 
2 9 
5 3 9 
2 2 2 5 6 2 
1 2 3 8 4 1 
1 7 9 3 2 
1 6 9 3 2 
1 4 2 5 2 1 3 
2 3 2 4 3 5 
2 1 2 1 2 4 7 
3 1 1 1 2 2 8 
2 2 1 3 1 2 8 
2 2 2 1 2 1 2 5 1 
3 4 2 4 1 1 2 3 1 1 
3 18 2 1 1 
2 4 2 4 3 3 2 
3 4 2 1 2 1 3 3 
3 2 1 1 1 1 1 3 7 
5 1 1 3 1 3 7 
4 2 2 1 2 1 2 5 1 
3 3 2 4 1 3 1 1 
3 4 2 5 2 3 1 
2 6 9 3 1 3 
2 7 9 3 6 
2 1 2 3 8 3 6 
2 2 2 2 5 11 
3 5 2 1 3 5 1 1 
3 8 2 5 1 
17 5 1 2 
24 5 
24 4 
23 4 
22 1 
21 1 
20 1 
18 3 
22 
19 
16 
13 
11 
5 
/
11 
18 
3 10 6 
1 2 4 2 2 7 
2 2 2 1 3 2 2 7 
1 4 2 5 4 1 9 
1 5 7 6 1 10 
1 19 1 10 
2 4 3 4 2 11 
4 1 4 12 
2 4 1 4 2 14 
1 3 5 3 1 15 
1 4 2 3 2 4 1 14 
4 1 2 1 1 2 4 14 
4 2 3 2 4 15 
6 5 6 15 
23 15 
9 3 8 14 
8 1 8 13 
6 3 6 13 
4 1 3 4 13 
3 3 3 3 16 
7 4 1 2 18 
15 20 3 
8 1 21 2 
6 2 3 2 3 2 
5 5 3 4 4 2 
3 7 3 3 3 2 
3 6 4 3 5 
3 6 3 5 4 
11 4 4 3 
7 4 5 
13 
