#6.42 
#nonogram 326

14 6 9 3 
1 1 1 1 1 
1 1 2 1 1 
1 12 2 1 2 3 
5 3 2 1 1 2 
2 1 5 2 1 2 2 
5 3 3 2 4 2 
1 7 3 3 2 3 
4 4 13 
1 1 1 2 
1 9 2 2 
1 1 1 2 7 
1 1 2 5 3 
1 1 1 1 1 2 
1 1 1 1 1 1 2 
1 2 3 1 1 2 
1 1 1 3 2 3 
1 2 6 8 
1 1 3 1 
1 2 2 1 1 
1 2 2 3 
1 2 3 
1 3 3 1 
14 9 8 
/
2 5 14 
1 3 1 
1 1 1 1 
1 1 1 1 
1 5 1 
1 1 1 1 
1 1 1 1 
1 1 1 1 
1 1 1 1 
1 1 9 1 
1 1 3 1 3 1 
1 1 1 1 1 3 1 
1 1 3 1 2 1 
1 1 1 1 2 1 
8 1 4 2 
1 4 1 3 1 1 
1 3 1 1 3 2 
1 1 3 1 1 
1 1 1 1 
1 1 1 
1 1 1 
10 2 1 
1 6 2 1 1 
1 2 6 1 
1 1 1 2 
1 3 1 1 1 
1 1 3 5 2 
1 1 3 2 2 1 1 
1 2 2 1 1 1 2 1 
1 3 1 1 1 1 2 1 
1 1 1 3 1 
2 2 3 1 
21 1 
1 15 1 1 
4 4 2 
