#6.43 
#nonogram 1100

24 47 
24 2 39 
1 2 7 19 16 
26 1 3 3 1 15 
2 3 2 8 4 12 
2 24 1 1 1 3 9 5 2 3 12 
2 1 1 1 1 1 2 11 5 3 12 
24 9 12 5 5 13 
1 1 13 5 4 12 
24 5 16 7 11 
24 1 16 5 7 10 
28 20 5 6 1 6 
28 20 5 6 
24 5 11 5 3 2 11 
23 3 4 12 5 8 10 
23 6 1 13 5 6 2 6 
21 7 14 5 6 6 3 
20 9 17 5 6 9 
18 11 14 4 12 
17 6 5 12 11 1 1 12 
13 1 4 5 10 17 11 
13 1 3 4 5 8 4 6 10 
10 5 10 7 4 7 3 3 9 
9 4 1 12 6 3 1 6 8 2 8 
9 3 8 6 2 3 6 7 2 1 7 
8 3 1 2 5 4 2 4 6 7 5 1 6 
7 4 1 2 3 3 3 1 5 6 7 7 6 
6 1 3 2 3 5 3 2 4 6 7 9 5 
6 2 3 1 4 5 4 1 5 6 7 6 2 5 
6 3 3 1 2 4 1 1 1 4 6 1 1 6 4 
6 3 5 4 4 2 3 2 4 4 5 6 4 3 
10 4 11 2 3 1 4 4 4 2 4 5 4 
4 5 3 10 2 3 2 4 3 2 5 1 4 5 4 
2 5 4 9 2 2 1 5 3 1 9 1 2 6 4 
1 6 4 6 1 3 1 4 3 1 4 6 2 6 4 
1 7 6 1 2 2 1 4 3 5 2 5 2 6 4 
1 4 7 7 2 3 5 3 6 6 1 7 4 
6 3 2 6 2 1 4 6 4 13 2 6 4 
7 1 2 3 3 6 3 5 11 2 7 5 
8 1 4 5 4 1 2 6 8 3 7 5 
10 1 9 2 1 5 2 3 4 7 5 
10 23 7 5 6 7 6 
9 23 5 6 7 7 6 
8 25 4 5 8 6 7 
4 27 2 6 7 6 8 
2 29 7 8 4 9 
3 31 5 10 11 
43 11 14 
45 4 17 
49 20 
/
3 1 42 
2 3 25 13 
2 2 2 24 9 4 
2 1 1 24 9 3 
2 1 1 1 23 8 3 
2 1 1 1 23 8 3 
2 1 1 1 18 5 6 3 
2 1 1 1 17 9 5 3 
2 1 1 1 16 11 3 3 
2 1 1 1 14 1 13 3 
2 1 1 1 13 5 6 4 
2 1 1 1 13 9 3 5 
2 1 1 1 13 11 2 6 
2 1 1 1 11 1 6 2 7 
2 1 1 1 11 3 6 13 
2 1 1 1 11 1 3 1 4 2 9 
2 1 1 1 11 2 2 2 4 1 9 
2 1 1 1 10 2 2 3 3 1 9 
2 1 1 1 9 4 2 4 4 9 
2 1 1 1 9 1 4 4 10 
2 1 1 1 8 1 1 6 3 10 
2 1 1 1 7 2 1 1 5 2 10 
2 1 1 1 7 7 2 5 11 
2 1 1 1 5 8 3 4 13 
1 1 1 2 10 3 5 13 
9 2 5 8 7 12 
5 1 2 5 5 4 2 11 
5 1 2 12 4 3 2 10 
1 1 1 1 11 3 3 1 9 
1 1 3 3 13 2 2 6 9 
1 1 1 4 9 3 1 8 9 
1 1 3 5 6 2 1 4 4 9 
1 1 1 4 1 1 1 1 3 3 9 
1 1 3 4 9 2 2 1 9 
1 1 1 4 12 1 1 10 
1 5 4 14 4 1 11 
2 3 5 12 3 2 9 
3 1 6 11 4 7 7 
4 18 3 11 6 
4 17 2 11 2 5 
4 17 2 11 5 4 
3 16 2 9 8 3 
3 17 2 6 12 3 
3 16 2 5 13 1 2 
3 16 2 3 13 3 2 
3 15 2 2 7 2 5 1 
3 15 2 7 4 8 1 
3 14 2 9 2 4 8 1 
3 14 2 8 2 6 7 1 
3 1 1 1 2 8 1 7 4 1 
3 4 2 5 2 7 1 7 2 4 
4 4 2 5 2 5 1 1 2 5 6 
4 4 2 5 2 3 2 1 2 1 4 7 
4 4 2 5 2 1 4 1 2 1 4 7 
3 4 2 5 2 6 1 3 4 7 
3 1 1 1 2 7 1 8 7 1 
2 2 11 2 7 1 7 8 1 
2 3 11 2 8 1 6 7 1 
2 1 13 2 6 2 4 5 1 2 
3 8 8 4 2 4 4 3 2 
4 3 3 6 2 2 6 3 4 2 
4 1 3 9 1 13 6 3 
4 1 1 1 1 2 12 8 3 
9 2 6 2 9 9 3 
10 2 6 2 6 12 4 
11 3 6 1 4 13 4 
11 3 7 1 2 13 5 
11 3 8 17 6 
11 2 9 13 7 
12 3 10 8 9 
12 3 13 12 
12 3 12 19 
12 4 11 20 
12 4 11 20 
12 4 11 20 
