#6.44 
#nonogram 2352

1 
5 4 
2 15 
22 
2 19 
2 19 
2 19 
3 21 
4 21 
3 6 22 
6 7 23 
8 6 23 
9 6 23 
17 24 
17 25 
7 35 
4 34 
34 
6 25 
3 24 
4 23 
2 7 21 
6 2 19 
3 1 16 
2 12 
3 9 
3 14 
3 19 
5 23 
3 36 
38 
37 
35 
36 
37 1 
6 24 5 2 
2 8 13 6 
5 10 3 
6 9 1 
6 3 7 
12 5 
8 2 4 
3 2 
/
3 
5 3 
7 1 5 
7 2 6 
8 2 7 
7 2 8 
7 4 8 
6 2 2 6 
4 2 2 6 
2 2 10 
3 2 9 
11 10 
14 11 
11 12 
10 12 
11 13 
11 13 
5 4 8 5 
6 3 8 4 
4 3 7 3 
2 5 7 2 
2 7 7 2 
2 11 9 3 
2 14 9 2 
19 9 2 
19 10 2 
21 12 1 
21 13 
21 13 
22 14 
23 15 
23 16 
23 17 
24 17 
24 13 
23 9 
30 3 
31 2 
30 3 
31 2 
29 3 
27 3 
25 2 
23 2 
21 2 
