#6.48 
#nonogram 2374

4 3 3 
10 4 1 4 2 
16 3 3 2 
5 16 2 1 2 
4 4 9 4 1 2 1 
3 10 4 1 3 3 2 1 
2 17 2 1 1 1 1 3 3 2 
1 23 1 3 2 5 3 
2 23 1 2 2 2 4 
1 24 1 2 2 7 
2 25 1 1 5 6 
1 5 5 6 6 
5 23 6 6 
4 25 6 7 
3 20 6 6 7 
2 13 4 7 7 8 
1 10 6 9 6 8 
1 8 9 15 9 
8 10 11 11 
6 11 30 
5 12 14 4 10 
4 12 14 2 2 11 
4 11 8 5 2 2 12 
2 11 9 5 4 13 
2 10 9 7 14 
12 10 25 
10 10 26 
9 10 27 
7 10 28 
6 10 10 17 
4 10 11 17 
3 9 12 16 1 
1 8 14 6 8 1 
12 15 7 7 2 
9 17 6 6 3 
4 18 7 4 4 
2 21 7 3 5 
2 18 8 1 6 
1 15 9 8 
1 10 10 8 
6 12 7 
16 7 
12 6 
6 6 
5 
5 
4 
3 
2 
1 
/
13 
3 4 8 1 
3 4 12 2 
2 5 8 5 2 3 
2 6 7 9 2 2 
3 5 7 16 
2 6 6 12 3 
3 5 7 11 5 
2 6 6 11 7 
3 6 6 10 5 3 
2 7 5 10 6 3 
2 7 5 9 6 5 
3 7 4 9 7 5 
3 7 4 8 7 7 
4 6 4 7 8 7 
4 6 4 6 8 8 
3 6 3 6 9 9 
3 6 3 5 9 10 
4 5 3 4 10 10 
3 5 7 10 9 2 
3 5 6 10 10 2 
3 5 5 10 10 3 
3 5 4 10 11 3 
3 4 3 10 12 4 
3 7 9 12 5 
19 14 5 
34 6 
1 27 6 
5 25 7 
3 3 23 7 
1 4 19 8 
2 2 4 6 5 9 
1 5 1 2 2 16 
1 3 1 3 15 
2 5 3 1 14 
1 2 6 2 2 13 
4 7 4 12 
1 2 7 3 11 
4 2 7 1 10 
1 2 8 2 11 
1 2 4 17 
2 3 2 21 
1 3 22 2 
2 3 24 4 
2 2 27 7 
2 3 26 10 
4 26 12 
26 14 
25 16 
24 19 
