#6.49 
#nonogram 2344

12 10 
13 2 10 
10 3 10 
6 3 10 
9 4 10 
10 4 10 
11 4 1 5 
12 4 4 3 
11 5 6 2 
12 5 2 2 
10 5 7 
9 5 9 
8 4 8 
7 4 8 
11 4 8 
9 4 8 
4 2 4 8 
1 2 5 8 
2 2 5 7 
7 2 4 7 
6 2 3 9 
5 2 3 7 
4 2 3 7 
4 1 1 7 
5 1 4 7 
6 4 1 5 
5 3 2 3 
4 6 2 
2 7 1 
6 7 
7 7 
6 7 
7 1 5 
8 1 1 3 
7 1 3 2 
6 2 4 
5 2 6 
4 2 5 
3 2 5 
1 2 8 
2 2 6 
6 4 
8 4 
8 4 
9 4 
9 3 
10 3 3 
10 3 
13 9 
31 3 
/
1 1 
2 1 1 2 
2 4 1 1 2 
3 6 1 1 1 3 2 
3 8 2 2 1 7 4 
3 9 2 3 3 8 6 
3 13 9 9 8 
17 9 10 8 
17 21 9 
50 
16 10 
23 9 
25 15 
17 
1 
1 
1 
1 
1 
1 
2 1 
5 2 1 
11 6 1 
20 1 1 
17 1 1 
14 1 1 
11 2 1 
1 1 1 
1 1 1 1 
2 1 1 1 
6 1 1 1 1 1 
12 1 3 1 1 1 
6 2 8 1 2 1 1 1 
6 2 23 1 1 1 1 
6 2 15 2 3 4 2 1 1 
7 1 16 1 4 1 5 3 
7 1 16 1 4 1 3 5 2 
8 17 6 3 10 
10 17 6 3 7 2 
10 17 6 3 7 2 
