#6.53 
#nonogram 1019

26 7 4 
25 8 5 
24 9 6 
23 8 
22 8 
21 16 
20 16 
19 14 1 
18 13 1 
15 1 12 1 
13 9 11 1 
11 9 10 1 
9 9 9 1 
7 2 3 1 1 
5 2 3 1 1 
3 9 1 1 
3 2 3 3 1 2 
3 5 2 3 3 1 3 
3 2 2 9 3 1 4 
3 7 9 1 3 1 5 
3 2 2 8 2 3 1 6 
3 5 7 3 8 
3 3 6 4 14 
1 11 9 4 
11 3 4 4 
11 7 4 
13 1 5 
3 3 11 1 4 1 
3 3 11 5 1 
3 3 10 10 1 
3 3 9 9 1 
3 3 8 3 4 1 
5 7 7 1 
3 6 1 1 
3 5 9 3 1 1 
3 2 2 9 3 1 2 
3 7 2 3 3 1 3 
3 2 2 2 3 3 1 4 
3 5 9 3 1 5 
3 2 3 1 6 
1 2 3 7 
9 8 
10 16 
3 12 15 
3 6 7 14 
3 8 6 13 
3 10 5 12 
3 6 3 4 11 
3 6 3 3 10 
5 10 2 9 
7 8 1 1 
9 6 1 1 
11 4 1 1 
13 2 1 1 
15 1 1 3 1 
17 1 3 1 
17 1 1 
17 1 3 1 
17 1 3 1 
17 1 1 
/
23 12 17 
23 12 17 
23 12 17 
15 1 11 
15 2 11 
14 1 1 1 2 10 
14 3 2 3 2 10 
13 7 1 7 4 9 
13 1 1 2 2 1 1 2 4 9 
12 1 1 2 1 1 1 2 6 8 
12 5 2 5 6 8 
11 5 1 5 3 3 7 
11 2 3 3 7 
10 1 4 4 6 
10 2 10 6 
9 1 12 5 
60 
9 34 
8 3 1 18 1 4 
7 3 1 18 1 5 
6 3 1 18 1 6 
5 3 1 18 1 7 
4 12 10 15 
3 11 10 16 
2 10 10 17 
1 10 9 
10 
3 8 8 
3 8 8 
3 8 5 4 4 5 8 2 2 
3 8 5 4 4 5 8 2 2 
3 8 5 4 4 5 8 2 2 
3 8 2 1 2 1 8 
3 8 4 4 8 
2 8 4 4 8 
38 19 
9 4 4 9 
9 4 4 9 
9 4 4 9 
9 11 9 
8 11 9 
7 11 9 
43 
