#6.56 
#nonogram 305

1 2 3 5 5 1 
1 2 2 6 3 
2 2 3 2 1 4 
2 1 3 4 4 
1 1 2 3 2 2 
2 3 4 
1 3 2 
5 7 1 
7 7 
7 7 
4 3 2 5 3 
5 3 3 7 1 
1 7 2 10 
1 7 2 4 9 
5 5 9 3 3 
4 1 2 2 10 1 
3 1 3 5 
3 1 2 8 
3 1 2 9 1 
4 1 2 5 8 
5 5 2 6 2 3 
2 7 2 2 2 2 
1 7 2 4 2 1 
10 2 3 5 
/
11 
4 2 10 
3 2 7 1 
2 2 2 1 
5 7 3 4 
3 2 2 1 1 3 
3 3 4 
1 3 3 4 
2 8 4 
2 8 4 
4 8 4 
3 
1 3 1 
1 4 2 
2 2 1 2 
4 2 3 2 
2 1 2 3 2 
5 2 2 
2 3 4 2 1 
1 2 2 4 2 
3 3 4 
1 4 6 1 
1 6 7 
1 17 
1 15 1 
1 3 3 3 4 
4 4 2 6 
3 15 
4 5 2 3 2 
2 5 3 2 2 
3 2 1 
2 2 1 
2 2 1 
2 2 2 
