#6.57 
#nonogram 2350

9 
9 1 
9 1 
10 1 
9 1 
8 1 
8 2 
7 6 
6 7 1 
4 6 2 
2 2 6 
1 4 8 2 
3 16 1 
2 15 
20 1 
20 1 
21 1 
21 1 
22 1 
22 1 
23 1 
2 5 17 1 
3 5 16 1 
28 1 
28 1 
3 3 16 1 
2 4 15 1 
2 5 15 1 
1 7 14 1 
9 13 1 
10 12 1 
10 12 1 
25 1 
25 1 
23 1 1 
23 1 
23 1 
6 15 1 
8 13 2 1 
1 8 10 3 1 
6 8 3 1 
2 2 5 3 1 
2 11 1 
2 8 2 1 
2 5 4 1 
2 3 6 1 
2 1 5 1 
8 1 
5 1 
1 
/
2 
4 
5 2 2 
5 7 
2 13 
6 11 
7 13 
7 14 
7 15 
8 11 4 
6 2 12 3 
6 2 15 
12 11 
15 9 
18 8 
2 26 
1 34 
36 
29 2 
38 
37 2 
38 2 
3 34 2 
4 33 2 
4 26 2 2 
5 23 2 2 
6 22 2 2 
5 17 3 2 2 
6 11 3 2 
6 10 7 
6 9 3 2 
6 2 4 2 
5 2 2 
5 2 2 
4 5 
4 2 2 
3 2 1 
2 2 2 
1 2 3 
6 2 3 36 
