#6.58 
#nonogram 1337

32 1 
1 1 1 3 
1 3 1 3 1 17 1 1 
1 3 1 3 1 8 4 3 1 
1 3 1 3 1 7 4 4 1 
1 3 1 3 1 6 4 5 1 
1 1 1 1 1 
34 
1 
3 
4 
5 
14 
11 1 13 
2 2 1 3 1 1 
1 9 1 1 3 3 
1 3 3 1 1 1 3 1 1 
1 2 3 2 1 1 3 1 
1 1 3 3 1 1 3 1 1 
1 4 4 1 1 1 3 1 
1 9 1 1 1 13 
1 9 1 2 1 3 1 
1 9 1 4 3 1 1 
1 9 1 3 3 1 
2 2 2 3 1 1 
11 3 1 1 3 
1 3 1 1 1 
1 3 10 
2 2 
3 1 2 7 
1 1 3 2 1 1 
1 2 5 
1 21 3 1 1 
5 1 1 2 2 5 
6 18 2 1 1 
1 2 1 2 1 5 7 
1 2 1 11 7 
6 2 4 11 
18 1 4 4 
1 9 6 4 3 
1 2 1 1 1 6 1 3 1 
11 10 1 3 
5 2 2 3 1 
1 8 1 10 1 
1 21 1 
6 17 1 
5 1 1 1 1 2 1 3 
1 2 7 1 1 1 1 3 1 
1 3 2 3 1 1 1 3 
5 1 7 1 1 4 
/
6 2 
1 1 11 1 19 
1 4 1 2 2 2 2 2 2 2 1 
1 4 1 1 9 1 2 2 2 2 1 
1 4 1 1 3 5 1 18 
1 1 1 2 6 1 18 
8 1 1 7 1 1 1 3 1 3 1 
1 1 1 4 4 1 2 1 2 1 2 1 1 
1 4 1 1 3 5 1 1 1 3 1 3 1 
1 4 1 1 2 6 1 8 1 7 
1 4 1 1 1 7 1 1 1 1 2 1 3 1 1 
1 1 1 9 1 1 1 1 8 1 1 
8 2 2 1 1 1 2 1 2 1 1 
1 1 11 1 1 1 1 1 3 3 
1 4 1 1 1 1 2 1 2 3 
1 4 1 3 1 1 14 
1 4 1 1 3 3 1 1 4 1 3 
1 4 1 4 1 6 1 7 
1 4 1 22 1 6 1 3 
1 4 1 4 3 1 1 1 1 3 3 2 
1 3 1 19 2 1 2 1 2 3 
1 2 1 1 15 2 1 1 1 3 3 
1 1 2 1 18 1 12 
1 4 1 2 1 1 1 13 
1 4 1 2 1 1 17 
1 3 1 2 1 1 6 1 
1 2 1 1 2 1 1 1 3 8 
1 1 2 1 2 1 1 1 1 5 2 
1 4 1 2 1 1 7 1 
1 4 1 2 1 1 1 1 2 1 
1 4 1 2 1 1 7 4 3 
1 1 2 1 1 1 1 1 1 5 4 
8 14 1 1 1 1 5 4 
1 1 1 1 1 1 1 1 1 1 
3 3 3 3 7 1 1 
