#6.61 
#nonogram 2493

2 
3 
4 
5 4 
11 5 
15 
14 2 
16 2 
19 1 
3 15 2 
3 3 11 1 
2 1 6 12 
1 10 10 
3 6 2 10 
5 5 1 3 9 
2 3 3 7 9 
2 2 2 4 3 8 
2 4 2 1 1 4 7 
3 6 5 5 4 
7 2 3 4 
2 3 4 10 
3 2 2 2 11 
3 1 3 2 11 
3 3 1 2 2 6 
4 3 2 1 4 
8 4 3 3 
11 8 1 2 
4 4 3 5 1 
3 2 2 5 1 
5 2 1 8 
2 5 1 
2 4 2 
3 4 
3 2 
4 
/
5 
10 
6 5 
3 2 4 
4 4 4 
2 3 7 3 
1 6 1 4 
5 4 8 
2 3 2 3 3 2 
2 4 3 3 1 1 
2 7 3 3 1 
4 9 8 1 
11 2 6 1 
9 6 4 
6 2 2 4 3 
7 2 5 3 4 
7 2 2 3 2 3 
9 3 1 4 4 2 
9 10 4 1 2 
10 9 2 3 1 
10 8 7 1 
12 8 7 1 
13 4 8 
13 4 4 2 
14 4 3 2 
2 12 3 3 
3 1 11 6 
4 2 9 1 
5 3 8 2 
4 2 5 1 
