#6.62 
#nonogram 2396

2 
3 
2 4 
2 5 
3 3 
3 1 4 
1 4 1 1 3 
2 4 1 1 1 2 
8 1 6 4 
38 
38 
8 1 6 4 2 
2 4 1 1 1 2 2 5 
1 4 1 1 3 2 2 2 
3 1 4 4 1 2 
3 3 4 4 
2 5 4 2 
2 4 5 
3 2 2 
2 2 3 
2 3 
2 4 
1 
1 
40 
/
2 1 
2 1 
2 1 
4 1 
8 1 
6 1 
4 1 
8 1 
12 1 
16 1 
20 1 
2 2 2 1 
2 2 2 1 
1 2 1 1 
1 2 1 1 
2 2 2 1 
1 2 1 1 
1 1 4 1 1 1 
1 1 1 2 1 1 1 1 
2 1 2 1 2 1 
2 6 2 1 
2 4 2 1 
10 1 
2 4 2 1 
8 1 
6 1 
2 1 
4 1 
4 1 
17 
14 1 
2 4 1 
2 7 1 
2 2 4 1 
4 2 1 
4 2 2 1 
2 1 2 1 1 
2 5 1 1 
3 1 1 
1 
