#6.64 
#nonogram 1603

8 16 
8 2 2 15 
7 1 1 13 
7 2 2 2 12 
7 1 1 1 12 
4 1 1 
6 2 1 
9 1 
14 1 
4 2 1 
9 1 1 1 
2 2 2 1 2 1 1 
1 6 1 1 2 1 
2 1 2 6 1 
1 2 9 1 
1 1 6 5 1 
1 1 2 1 4 1 
2 2 5 1 
6 6 1 
13 2 
5 5 6 
4 1 4 8 
4 13 
6 13 
2 18 1 
1 20 
1 9 8 
13 7 
4 5 7 
2 1 1 2 5 
1 1 1 3 2 
1 1 1 4 3 
1 9 
7 
3 
/
5 1 
5 1 
5 1 
5 1 
5 1 2 
5 1 2 
5 1 1 3 
2 4 2 
10 
3 8 3 
1 6 3 
6 3 2 2 
3 8 1 2 2 1 
1 6 1 1 2 2 2 
2 1 1 6 2 
2 1 2 12 2 
2 1 15 1 
5 2 10 3 
5 1 2 1 2 7 
5 4 1 1 5 2 
5 3 2 6 
5 10 6 2 
5 2 17 
5 16 2 
5 2 12 4 
5 9 5 
5 4 3 
5 6 3 
19 8 3 
3 10 3 
1 10 3 
14 
13 
5 5 
4 5 
