#6.65 
#nonogram 1467

6 
3 9 
5 15 
8 15 
10 15 
3 11 3 7 1 
17 5 2 2 
3 4 4 6 
2 6 3 9 
2 1 7 2 12 
2 2 6 2 17 
4 5 13 
1 3 1 10 
3 1 1 7 
3 1 1 3 
1 1 1 1 1 
5 2 1 1 1 2 
8 3 1 1 
14 2 1 1 3 
1 6 4 1 1 1 1 1 
2 3 5 1 1 1 3 
1 11 1 6 3 
5 11 1 2 2 1 
2 1 8 1 1 2 1 2 1 
2 1 1 1 1 4 1 2 1 2 1 
2 1 1 3 5 1 2 2 1 
3 4 1 1 1 6 1 
1 5 3 7 1 1 1 
2 1 3 7 1 6 1 
1 2 3 7 1 2 2 1 
7 5 7 1 2 2 1 
12 7 1 7 3 
8 1 7 1 3 2 3 
5 9 1 3 2 1 
7 1 2 4 
/
3 3 
1 1 1 1 
1 1 1 1 
3 4 
3 3 
5 3 4 3 
8 3 6 3 
3 1 3 1 2 3 
2 1 1 4 2 1 1 3 
1 1 3 1 1 3 
1 1 3 1 1 1 4 
3 1 5 1 2 4 
6 8 7 
7 8 6 
8 5 9 
4 4 6 1 
4 4 4 3 1 8 
5 11 4 9 
6 6 1 3 1 8 
7 6 2 2 8 
10 2 2 8 
10 2 2 8 
1 23 
9 
9 22 
10 
3 6 
3 6 
4 6 2 2 
6 5 2 4 
6 5 2 2 7 
5 6 6 4 
5 5 1 1 1 1 
5 5 1 1 1 1 
6 5 6 7 
5 5 17 
5 5 1 1 
5 5 17 
1 2 1 2 2 2 
1 1 1 1 2 2 
