#6.7 
#nonogram 2115

6 10 
3 3 5 4 
2 3 3 10 3 
2 1 4 2 13 3 
1 2 2 14 3 
1 4 2 1 16 2 
1 6 2 17 2 
1 4 3 9 9 1 
2 2 3 1 10 8 2 
3 6 10 9 
1 9 7 3 3 
2 11 6 1 2 2 
1 4 6 7 2 5 1 
1 13 5 1 2 5 1 
7 3 4 1 9 1 
5 1 2 3 1 7 2 
5 1 2 3 3 3 1 2 
1 6 3 2 5 1 3 
1 4 6 2 8 3 4 
2 10 3 17 
2 7 4 13 
1 2 2 1 5 4 2 3 
1 5 3 1 2 6 5 
2 3 3 1 8 5 1 
1 12 3 3 3 
2 10 1 3 6 
3 1 8 2 10 
14 3 5 
15 4 7 
14 4 4 
/
4 3 7 1 
3 4 2 2 2 
2 1 4 1 2 
2 2 8 5 
1 3 10 2 4 
2 1 3 11 3 4 
1 1 3 12 2 3 
1 2 2 4 2 1 2 2 3 
1 2 2 7 6 4 
1 1 1 6 4 3 
2 2 5 3 1 3 
1 2 4 2 3 1 6 
3 1 1 5 4 8 
3 3 9 9 
1 4 1 5 6 
5 4 5 
15 5 
17 3 
12 3 3 
12 2 1 3 
12 4 3 
9 1 9 
9 12 
9 2 8 
9 3 11 
7 3 3 3 3 
8 3 4 3 3 
1 7 3 3 2 2 
1 7 3 2 3 2 
1 8 2 3 2 2 1 
1 7 3 4 3 2 
1 8 5 3 2 3 
2 7 3 2 2 4 
2 9 1 3 5 
2 3 3 2 2 2 2 
4 2 1 3 1 3 2 
5 4 4 3 2 
16 3 1 
