#6.70 
#nonogram 2156

6 
9 
13 
18 5 
18 9 
19 13 
19 12 
5 15 11 
5 5 5 4 10 
5 4 5 5 9 
5 5 4 5 8 
4 5 4 7 7 
6 4 5 7 6 
11 5 9 5 
15 5 10 4 
15 5 12 3 
15 18 2 
15 19 1 
4 9 19 
4 5 20 
4 5 20 
4 9 19 
15 19 1 
15 18 2 
15 5 12 3 
15 5 10 4 
10 5 9 5 
6 4 5 7 6 
4 5 4 7 7 
5 5 4 5 8 
5 4 5 5 9 
5 5 5 4 10 
5 15 11 
19 12 
19 13 
18 9 
18 5 
13 
9 
6 
/
1 1 
2 1 1 2 
3 2 2 3 
4 3 3 4 
5 4 4 5 
6 5 5 6 
8 16 8 
10 14 10 
11 14 11 
11 14 11 
10 5 5 10 
5 3 5 5 3 5 
7 5 4 7 
10 5 5 10 
11 5 5 11 
10 5 5 10 
10 5 5 10 
5 3 5 5 3 5 
7 10 7 
11 8 11 
12 6 12 
12 4 12 
12 2 12 
1 3 6 6 3 1 
1 3 5 5 3 1 
2 3 10 3 2 
3 5 8 5 3 
3 24 3 
3 22 3 
4 22 4 
4 20 4 
5 18 5 
6 18 6 
6 16 6 
6 14 6 
7 14 7 
7 12 7 
8 10 8 
9 10 9 
8 8 8 
7 6 7 
6 6 6 
4 4 4 
3 2 3 
2 2 2 
