#6.71 
#nonogram 2907

4 
1 2 4 
1 1 4 
1 1 4 
1 2 2 
1 5 2 
1 10 4 
1 4 4 4 
1 8 3 
4 8 1 3 
1 1 9 8 3 
1 2 6 12 
4 4 13 
2 4 3 11 
1 2 2 3 11 
1 2 1 1 18 
1 2 3 18 
1 2 7 15 
2 6 3 12 
7 9 4 
2 2 3 3 3 
2 2 1 3 2 
6 1 2 4 
5 3 2 5 
4 7 3 2 
14 3 
12 3 
3 3 3 2 1 
4 3 2 
4 8 
/
10 
9 2 2 
1 2 1 
14 
11 
1 1 1 2 3 
2 2 2 3 3 
6 6 3 
7 3 5 1 
9 4 2 1 2 
6 7 1 2 1 3 
2 10 3 6 
1 8 5 6 
4 6 2 9 
9 6 2 5 
5 12 4 
3 10 4 
10 4 
14 2 
9 3 3 
9 2 5 
9 7 
14 4 
13 2 
11 3 1 
5 5 4 1 
7 4 3 1 
4 3 2 1 
2 3 2 
2 2 3 
