#6.74 
#nonogram 2265

7 
13 
17 
19 
22 
4 7 2 
6 3 2 
17 3 
22 4 
18 3 4 
18 5 3 
6 2 7 3 
3 10 
1 20 10 
14 15 6 
16 14 5 
17 16 5 
17 14 8 
17 14 5 
16 14 6 
13 5 10 
2 6 9 
5 13 
7 10 4 
25 4 
11 7 5 
10 3 7 
5 8 
2 11 
21 
6 8 
6 6 
4 4 
/
3 
3 5 2 
5 6 4 
6 6 4 
1 5 7 5 1 
2 5 7 5 3 
4 5 8 4 3 
4 4 8 4 3 
4 5 8 5 4 
4 5 8 4 4 
4 5 9 4 4 
5 5 9 4 1 2 
5 5 9 4 1 
5 5 9 3 1 
5 4 9 1 1 
5 4 9 1 1 1 
5 4 1 6 1 4 
6 5 1 3 5 
5 5 1 3 5 
5 4 1 4 4 
5 1 1 3 4 
5 1 2 1 3 5 
5 1 8 4 4 
4 1 8 4 4 
2 3 8 3 4 
1 3 8 3 4 
2 4 6 3 3 
2 3 6 3 4 
3 3 6 3 3 
3 12 3 
3 16 
3 14 
16 
14 
12 
10 
1 1 1 
1 2 1 
2 1 2 
1 1 1 
6 
6 
6 
6 
4 
