#6.75 
#nonogram 2418

45 
1 37 1 
5 6 1 10 11 
15 16 7 
38 3 
5 12 17 2 
3 15 3 17 
19 5 16 
18 7 17 
19 2 13 
2 4 
1 1 3 1 
2 8 2 3 2 
2 12 3 4 4 
2 4 1 3 4 3 
2 3 4 3 2 
1 1 3 6 1 4 4 
5 2 11 5 4 
7 2 15 2 2 
1 1 5 20 4 
1 6 23 2 
2 4 26 1 
2 27 2 
3 5 22 
3 4 21 
5 19 
17 
17 
12 
8 
/
10 
1 8 5 
1 8 2 3 
1 4 3 5 2 
1 4 3 5 2 2 3 
2 2 4 4 5 2 
5 4 6 1 
5 4 4 2 
5 4 2 2 
10 2 2 
10 2 4 
10 2 4 
2 7 2 5 
2 7 2 5 
2 7 2 5 
2 6 2 5 
3 6 2 6 
2 6 3 7 
2 5 1 2 8 
7 1 2 8 
6 1 2 9 
5 1 1 2 9 
5 1 1 2 9 
5 3 2 10 
6 2 2 9 
6 3 1 9 
6 1 2 1 10 
6 1 3 1 10 
7 2 2 10 
2 7 1 9 
2 7 2 10 
2 7 1 10 
2 7 2 9 
2 7 1 10 
3 6 4 9 
3 6 2 2 9 
3 6 2 4 8 
3 6 2 2 2 7 
4 5 2 3 11 
4 5 2 2 2 1 6 
4 5 2 2 2 6 
4 3 2 2 2 4 
1 3 3 2 2 2 2 
1 7 1 2 3 1 
9 4 2 
