#6.77 
#nonogram 2278

11 3 4 1 10 
13 3 2 2 9 
12 5 1 5 9 
12 5 6 8 
13 6 6 8 
13 12 7 
11 2 5 1 7 
9 5 2 4 1 6 
8 8 2 3 2 6 
6 7 1 1 2 5 
5 7 2 4 2 5 
7 3 2 3 6 2 5 
9 4 8 2 4 
3 5 11 3 3 4 
2 3 5 6 3 4 
1 3 3 5 6 2 3 
1 3 2 1 5 1 3 2 
1 5 6 5 2 3 
6 7 4 9 
6 8 4 5 5 
8 7 4 5 
7 7 4 5 
2 6 3 3 5 
2 2 7 3 4 
1 7 7 3 3 
7 3 5 2 2 
6 1 2 3 3 2 
7 2 3 2 1 
6 2 2 2 2 
3 2 3 2 2 
1 9 2 1 
2 5 6 
8 4 
7 2 
5 
/
18 3 
15 3 
14 4 5 
13 7 5 3 
13 8 6 3 
10 2 1 6 6 3 
9 3 5 3 3 3 
9 4 4 2 3 5 
8 1 5 3 1 5 
7 2 4 4 2 6 
7 4 1 3 2 3 5 
5 4 1 2 3 1 1 2 
1 2 5 3 3 2 3 
4 4 6 1 4 
1 3 9 5 4 3 
6 3 5 5 5 3 
6 2 3 13 2 
6 1 2 1 2 6 6 
5 2 3 2 4 4 
1 2 2 1 4 2 2 1 
3 1 3 6 1 1 2 
2 4 6 1 4 
1 8 8 6 
7 3 5 6 
9 4 2 5 1 
7 4 1 1 3 3 
4 4 1 3 3 
1 2 4 4 
3 4 2 4 
5 7 2 3 
7 7 6 
9 6 3 
12 6 
15 4 
16 3 
17 2 
17 1 
