#6.78 
#nonogram 1152

3 1 
5 9 1 
6 14 1 
5 16 
6 16 
6 3 4 
7 2 7 3 
5 3 5 4 
8 14 1 
10 10 1 
2 2 6 5 1 
4 1 5 2 3 1 
4 1 4 2 3 1 
1 2 1 2 1 1 4 1 
1 2 2 6 1 2 1 
17 3 6 2 2 1 
3 2 4 13 2 2 1 
1 1 1 4 1 1 6 2 1 
1 1 1 4 1 13 3 2 1 
2 1 1 4 1 13 3 2 1 
2 1 1 3 2 1 2 3 2 1 
2 9 3 2 13 4 2 1 
2 1 2 3 2 13 4 2 1 
2 1 2 3 2 1 2 4 2 1 
2 2 3 2 1 1 13 4 2 1 
2 9 2 1 1 2 5 3 2 1 
2 9 2 1 1 1 6 2 2 4 1 
2 9 2 2 3 6 1 2 3 1 
2 9 1 3 2 5 2 3 1 
2 9 1 4 1 1 1 4 1 
2 9 2 3 2 2 5 2 4 1 
2 3 4 2 3 2 7 2 2 1 
2 2 3 3 1 4 11 3 1 
2 2 3 3 1 8 6 2 1 
2 2 3 4 8 3 3 2 1 
2 2 3 4 5 1 10 1 
2 2 3 11 6 14 
2 3 5 10 6 16 
2 10 9 7 4 5 
3 7 2 6 3 
2 9 10 7 4 4 
2 8 12 5 1 14 
2 8 13 3 3 10 1 
3 1 6 1 
2 8 16 3 1 
1 8 15 2 1 
2 19 2 1 
15 4 4 1 
3 12 1 
3 2 2 1 
/
26 
31 
4 1 1 2 
24 3 2 1 
1 1 15 3 2 1 
1 1 7 2 3 2 1 
1 1 6 1 3 2 1 
1 1 6 1 3 2 1 
1 1 7 2 3 2 1 
1 1 15 3 2 1 
1 18 3 2 1 
2 24 1 1 2 
4 2 2 2 4 
6 20 3 4 
2 14 9 3 4 
9 2 7 3 4 
5 8 5 3 4 
2 4 7 3 3 3 
1 10 3 1 3 3 5 
3 3 3 6 
15 5 3 3 6 
7 2 2 2 8 3 3 4 1 
2 2 2 2 1 2 3 3 3 3 1 
4 1 2 2 1 1 2 2 2 3 2 
6 1 1 2 2 1 1 1 2 3 1 3 2 
8 1 1 2 2 1 1 1 2 6 3 1 
9 1 2 2 1 1 2 8 3 1 
11 2 2 2 1 2 1 9 1 1 1 
7 9 2 2 2 6 10 1 1 
7 5 3 2 2 2 2 3 8 1 2 1 
2 5 3 2 2 2 2 4 6 4 2 
5 4 15 5 4 4 
7 2 15 6 4 3 4 
4 2 3 1 4 6 1 2 
3 2 2 12 4 3 2 
4 1 4 12 3 2 4 3 
4 1 3 3 9 2 2 3 2 
4 8 4 2 2 3 1 2 
4 14 1 2 6 1 2 
4 32 1 2 
4 4 13 3 1 2 
4 4 3 3 1 2 
4 2 3 1 2 
5 3 4 2 
7 4 3 
7 6 
5 6 
3 28 4 8 
