#6.79 
#nonogram 6953

1 1 
1 2 3 
4 4 4 
1 2 1 4 2 3 
2 1 2 1 4 2 3 
8 3 4 3 3 
1 4 3 4 3 3 1 
1 4 3 5 1 2 3 3 
3 4 4 2 2 2 2 1 
6 8 4 3 3 2 2 
1 2 1 5 4 3 2 2 2 
1 2 1 1 3 4 3 1 2 2 
5 4 3 3 4 1 1 3 
4 2 2 4 4 6 1 
3 7 2 1 4 1 2 
6 2 1 7 2 
5 2 3 2 2 
1 2 8 2 2 3 1 
2 2 11 4 2 2 
3 8 6 3 
5 4 6 2 4 
6 11 6 
9 3 2 3 10 
9 2 3 4 10 
9 6 6 10 
9 1 3 1 2 10 
9 5 1 2 10 
10 3 1 2 2 10 
10 3 2 2 1 10 
10 3 2 1 2 11 
10 2 3 3 11 
10 2 2 2 11 
10 1 2 1 12 
10 4 14 
10 19 
/
1 18 
4 17 
2 1 3 1 16 
6 3 2 15 
1 7 3 15 
5 6 1 1 14 
1 3 3 1 13 
1 3 7 3 13 
6 1 4 4 13 
5 1 1 2 4 8 
3 4 2 4 2 
10 2 4 3 1 
1 10 3 4 6 
2 9 4 2 1 6 1 
2 5 4 2 2 4 2 
5 2 1 2 2 2 3 
12 1 4 2 4 1 
10 2 3 6 1 
9 2 2 2 1 
5 4 5 6 1 
2 8 2 1 
8 2 4 2 2 
8 1 2 7 2 
2 7 3 4 3 
6 4 2 6 
9 1 1 13 
2 5 1 1 13 
10 3 1 13 
8 3 2 2 13 
5 3 1 3 14 
3 2 1 14 
2 3 2 15 
1 4 2 16 
5 2 17 
2 18 
