#6.85 
#nonogram 2409

1 2 2 1 2 
2 4 2 3 
2 4 2 1 
11 2 
11 7 
4 9 
3 3 3 
3 5 3 
10 6 1 
16 2 2 
14 4 
13 5 
13 3 
12 4 
12 5 
15 3 
16 1 
17 3 
19 2 
11 4 1 
10 4 
10 5 
11 4 
12 3 
13 
15 1 
16 1 
17 1 1 
19 5 
23 2 
29 1 1 
30 4 
8 20 2 
8 10 5 
5 5 8 4 
13 6 3 
3 9 4 3 3 
1 4 4 3 3 
2 3 3 3 
2 2 
2 2 2 1 
2 2 1 2 
5 5 
3 7 
1 1 2 
/
1 1 
2 2 
3 3 
6 
7 
9 
11 
8 2 
12 
12 
8 5 
9 5 
6 11 5 
31 3 
33 
2 3 27 
3 28 
5 29 
5 29 
4 29 
2 2 31 
1 2 31 
2 34 
2 12 6 8 
2 11 4 2 
2 5 4 4 3 
3 4 4 3 
3 4 3 5 
4 3 3 4 
3 3 3 3 
3 2 3 1 
3 3 3 2 
3 1 1 1 3 1 2 1 2 
2 3 2 3 2 1 3 5 
1 3 6 1 4 1 2 5 2 
2 3 8 2 3 2 2 4 4 
3 3 11 3 8 3 5 
