#6.86 
#nonogram 4139

4 5 
1 1 3 11 
6 2 17 2 
3 3 19 3 
2 3 2 16 2 
2 5 2 14 4 
1 5 1 13 8 
2 5 2 12 11 
2 3 2 11 1 4 4 
3 3 6 3 2 1 1 1 2 
7 8 3 1 3 
1 1 14 1 2 
18 
23 
25 
28 
19 5 
1 19 2 2 2 
1 1 1 10 8 6 3 
1 2 1 3 10 5 9 2 
2 2 16 3 8 
2 18 1 4 2 
1 11 4 2 1 3 
3 4 4 4 2 
10 5 
1 1 5 5 1 3 
1 6 3 2 1 
6 1 6 
1 4 2 4 
5 5 
/
1 1 3 
7 2 
3 3 3 2 3 
2 3 2 2 2 
2 5 2 1 4 
1 5 1 4 2 
2 5 2 5 6 
2 3 2 8 1 
2 3 11 
7 11 
1 1 11 
1 3 1 1 
7 3 
8 2 
9 2 
9 1 1 
13 1 
16 
18 
20 
20 
16 3 
1 16 1 
1 6 11 
2 7 10 
1 8 10 
1 8 9 
1 7 10 
6 10 
5 11 1 
5 6 1 1 2 
4 3 5 2 2 1 2 1 
4 3 4 3 3 4 
4 3 4 3 3 3 
4 3 3 3 3 3 
3 3 3 3 3 8 
3 3 3 3 
4 3 3 3 
3 4 3 3 
3 3 3 2 
3 3 3 2 
3 2 1 3 1 1 
1 1 3 1 1 3 
3 3 3 3 
3 3 
