#6.88 
#nonogram 5655

9 
2 13 
1 16 
4 2 12 
2 3 1 9 1 
3 2 8 3 
4 2 7 4 
4 2 7 6 
4 4 5 3 
10 5 2 1 
2 13 3 
2 7 5 4 
3 2 4 10 
5 1 2 1 5 
5 1 2 1 4 
2 3 4 7 
2 3 4 9 
5 17 
13 9 2 
6 6 4 3 1 
6 1 5 
3 1 4 
4 2 5 
5 7 
7 
8 
1 9 
1 1 2 11 
2 2 13 
3 3 2 12 
7 12 
7 14 
5 12 
3 8 
5 
/
1 4 
2 6 
4 5 
3 1 4 
5 4 1 5 
6 4 2 6 
1 5 5 1 4 
2 4 9 1 
1 9 2 1 
2 2 3 2 2 1 1 
2 2 2 1 2 2 4 
1 1 4 1 8 1 
4 6 5 3 
1 8 3 4 
2 3 4 8 
4 4 4 10 
7 8 13 
32 
11 1 1 17 
12 2 18 
13 6 12 
13 4 10 
8 10 8 
5 12 6 
4 4 8 5 
4 3 8 4 
3 2 3 3 2 
2 4 4 3 2 
1 3 3 2 1 
1 1 1 1 
