#6.89 
#nonogram 1569

3 2 
1 3 4 
2 3 4 
1 2 2 2 
2 2 4 2 2 
2 2 7 3 1 2 
3 2 8 1 4 1 1 
8 8 1 5 1 1 1 
18 7 3 1 
8 5 8 3 
4 2 4 14 1 
5 1 16 2 2 
13 16 2 2 
5 23 4 
2 4 9 18 
2 11 18 
1 5 2 19 
9 22 
4 21 2 
20 3 
18 1 1 
19 1 2 
20 5 
20 5 
20 4 
20 4 
20 4 
18 4 
17 3 
16 6 
15 7 
14 7 
14 6 1 
13 6 2 
20 2 
18 2 
17 2 
15 2 
16 1 
9 2 2 
3 2 
2 2 
/
3 
3 3 1 
1 3 2 1 
2 2 2 1 
1 3 2 2 
2 3 3 2 
1 3 1 1 2 
2 3 1 1 3 
3 3 2 4 
9 3 
8 2 
10 
8 
4 4 7 
4 5 12 
4 2 20 
4 1 3 18 
4 5 19 
12 20 
11 21 
10 23 
2 30 
4 28 
1 29 
34 
35 
34 
34 
33 
22 6 
20 10 
18 12 
10 6 12 
1 6 11 
3 3 5 6 10 
4 12 15 2 
3 1 3 5 1 10 3 
4 3 6 2 18 1 
5 5 6 4 3 
5 3 
