#6.90 
#nonogram 21076

7 1 
9 4 
10 4 
12 3 
12 2 
14 1 2 
14 1 2 
14 2 5 1 
14 12 2 
13 16 
13 14 
13 14 
12 17 
28 
27 
28 
26 
22 
15 
2 12 
5 9 
4 5 
13 
4 5 
5 9 
2 12 
15 
22 
26 
28 
27 
28 
12 17 
13 15 
13 13 
13 16 
14 12 2 
14 2 5 1 
14 1 2 
14 1 2 
12 2 
12 3 
10 4 
9 4 
7 1 
/
4 4 
6 6 
7 7 
9 9 
12 1 1 12 
14 2 2 14 
15 1 1 15 
14 1 1 14 
15 1 1 15 
15 2 2 15 
15 1 1 15 
16 1 1 16 
16 1 1 16 
16 1 16 
35 
33 
31 
19 
23 
12 1 12 
13 1 13 
13 1 13 
12 1 12 
13 1 13 
14 1 14 
11 1 11 
10 10 
11 11 
11 11 
11 11 
11 11 
12 12 
2 2 5 6 1 2 
2 1 1 2 2 1 1 2 
2 1 1 2 2 1 1 2 
2 1 1 1 1 2 
3 2 2 3 
2 2 
3 3 
1 1 
