#6.91 
#nonogram 19222

6 
7 
3 7 2 
2 7 8 3 
4 2 3 11 18 
39 
35 
7 22 
6 3 12 
5 4 12 
6 3 3 8 
6 3 9 
4 3 12 
2 5 3 
2 5 2 
5 2 6 
2 4 2 7 
5 1 2 4 
9 3 
8 4 2 2 2 
9 3 6 
1 5 3 7 
4 2 3 7 
5 3 8 
4 9 
5 7 
2 5 8 
5 10 9 
25 
23 
3 16 2 
21 3 
5 24 
31 
8 4 4 7 
/
2 1 
2 1 
2 1 
2 1 
2 3 
2 7 
2 6 2 
4 1 7 4 
5 1 4 4 5 
4 3 7 1 4 
9 2 6 4 
9 7 3 
9 3 2 
7 5 
2 2 7 
4 9 
7 10 
9 10 
10 8 2 
6 4 9 2 
5 2 5 5 2 
5 2 5 8 
5 2 5 8 
4 7 7 
5 4 6 
6 8 
6 8 
7 9 
7 9 
1 6 1 4 3 
2 7 2 4 3 
11 3 4 3 
12 4 3 4 
18 4 4 
17 3 3 
16 3 3 
7 7 3 2 
5 4 3 2 
3 3 4 3 
2 2 5 3 
2 2 6 3 
1 1 6 4 
2 2 4 5 
3 3 4 5 
3 3 3 3 
