#6.92 
#nonogram 18532

5 
1 1 
2 1 
7 
1 5 
2 8 
2 10 
2 13 
2 7 4 
2 9 4 
2 2 3 4 3 
2 2 3 1 3 3 
2 1 3 3 5 4 4 
2 2 3 3 14 
2 2 21 
2 1 8 10 
4 4 2 3 8 
4 3 5 8 
3 3 7 6 
3 2 2 9 
3 2 6 5 
4 10 
5 3 3 
1 4 9 
1 3 7 4 
1 23 
1 26 
1 6 19 
1 29 
1 3 4 9 5 
5 10 3 4 
4 1 10 2 3 
4 2 3 9 3 
4 1 3 5 3 3 
4 2 4 5 1 4 
2 1 1 3 7 6 
2 1 2 4 14 
2 1 1 3 11 
2 1 2 2 8 
2 4 
/
8 7 
14 8 
7 9 
5 4 7 
3 4 4 2 
10 1 
8 1 
4 1 
5 4 2 
9 4 3 
9 4 3 
7 2 1 3 
2 2 1 3 
9 2 3 
11 10 
3 4 1 12 
2 3 5 14 
8 4 5 2 5 
9 5 11 3 
4 4 2 2 13 
4 5 1 17 
33 
6 17 7 
13 3 1 5 2 5 
3 11 9 1 4 
3 3 20 2 4 
1 6 23 3 
1 6 9 5 2 1 3 
1 3 3 4 5 3 3 
1 2 8 3 3 4 
1 2 6 4 4 
3 4 4 4 
10 
9 
7 
