#6.93 
#nonogram 2096

1 4 
2 3 2 1 
3 1 5 4 
6 4 4 
8 4 4 
8 5 
2 12 4 
2 3 14 2 2 
1 2 1 13 2 2 
2 5 12 2 2 
3 3 12 2 1 2 
6 13 4 1 1 
22 7 1 1 1 
22 8 1 
19 3 4 1 
19 5 4 1 1 1 
13 5 4 5 3 
6 4 2 3 1 4 2 1 
7 2 4 4 4 3 
2 4 1 9 3 2 
4 11 9 1 
2 7 2 3 1 
7 2 3 3 
6 3 10 
9 1 3 2 
5 3 1 3 
8 4 3 1 
14 2 3 1 1 
17 2 3 1 1 
19 4 1 1 
11 9 3 2 
8 2 3 8 1 2 
6 3 3 3 1 1 2 
6 3 3 1 2 
5 4 3 2 3 
5 4 4 2 3 
4 4 5 2 3 
4 5 5 6 
4 5 6 1 4 
4 5 6 6 
3 6 7 4 1 
3 5 10 6 
3 6 8 6 
3 6 4 2 3 
7 6 
/
5 
9 7 
9 11 
10 13 
14 15 
2 12 7 2 
2 1 2 11 6 4 1 
4 4 5 3 5 8 
5 1 2 6 5 10 
6 1 2 6 5 12 
3 2 7 4 13 
6 8 8 5 
13 6 5 3 
12 4 9 2 
1 12 4 12 1 
3 13 17 1 
3 14 8 8 
4 11 1 9 6 
2 1 11 14 4 
2 8 14 4 
8 18 2 
8 10 7 2 
6 3 7 5 1 
3 5 5 3 2 
2 6 4 5 1 
5 4 2 3 2 
3 6 1 2 
6 6 3 
7 4 
18 
15 
10 
1 1 
1 1 
1 1 14 
8 3 1 1 4 4 6 
10 5 1 1 6 1 
7 1 2 3 2 11 
1 9 2 4 10 4 
6 9 1 1 1 18 
