#6.94 
#nonogram 8727

3 1 8 8 11 
4 8 6 10 
3 6 2 5 2 10 
3 6 4 4 3 2 3 
3 1 6 1 1 4 2 2 2 
4 8 2 3 5 3 1 
18 3 5 5 
18 4 5 2 3 
5 8 3 6 3 2 
3 7 1 3 2 1 2 
2 4 3 2 3 
2 3 1 2 8 
1 3 1 4 2 8 1 
1 1 1 6 10 2 
1 1 1 5 1 6 3 
3 2 3 5 
3 6 7 
1 1 1 18 
1 1 1 1 3 6 
1 3 1 5 
2 2 1 3 6 4 
2 2 1 2 12 3 
3 3 1 2 8 2 3 
5 3 3 2 6 1 2 2 
12 3 2 9 2 2 
12 4 8 2 2 
12 6 6 1 3 
4 7 2 4 6 2 4 
3 1 6 2 4 4 1 5 
3 2 4 3 4 8 
3 1 1 3 2 4 1 9 
4 2 4 2 2 14 
3 1 1 5 2 3 14 
8 11 2 15 
7 1 11 16 
/
14 17 
12 15 
10 13 
1 4 5 1 2 
1 1 3 4 1 3 
1 3 4 1 2 
8 2 2 11 
8 1 2 1 6 1 
8 1 3 2 5 1 1 
9 1 2 1 7 1 
10 2 2 13 
12 15 
2 8 4 6 
1 6 4 
1 5 5 3 
3 4 9 2 
2 5 2 4 3 2 
5 4 2 2 2 
1 4 2 2 3 
2 3 3 3 3 4 
9 3 1 3 5 1 
9 1 1 1 1 4 2 
8 1 3 2 6 
5 3 4 3 4 
3 3 4 4 1 
1 4 2 3 5 2 
6 3 3 7 5 
7 1 2 1 9 4 
2 4 2 1 9 4 
1 6 3 1 9 4 
6 6 1 3 5 4 
4 5 1 2 5 5 
3 3 4 1 2 2 6 
3 5 3 2 2 8 
3 2 1 3 3 6 6 
3 3 3 5 3 7 
3 7 6 8 
4 5 9 9 
5 22 
6 23 
