#6.95 
#nonogram 18555

2 
5 
15 9 2 
44 2 
46 3 
49 4 
29 18 4 
17 15 5 
16 13 5 
16 17 
16 2 15 
16 2 14 
15 1 2 12 
16 5 2 2 
15 6 2 2 
16 1 4 3 1 
15 1 4 3 1 
15 1 2 1 2 1 
14 1 1 2 1 1 
12 4 2 1 
11 3 2 2 2 1 
10 2 2 2 2 1 
8 2 1 2 2 1 
6 2 2 2 2 1 
18 2 2 2 2 1 
25 4 4 2 1 
28 3 2 1 1 
30 1 2 2 
31 2 2 
34 2 2 
36 2 2 
37 2 3 
38 3 3 
39 13 
40 14 
41 15 
41 16 
42 18 
41 14 5 
56 5 
55 4 
53 3 
51 3 
50 2 
46 2 
40 
10 
4 
/
9 9 
12 13 
30 
31 
33 
35 
16 20 
17 20 
16 20 
17 20 
16 21 
16 21 
15 21 
16 21 
15 21 
13 22 
12 22 
10 22 
9 22 
8 21 
7 21 
6 21 
6 21 
5 21 
5 21 
5 7 21 
5 2 21 
5 5 20 
5 8 20 
5 2 5 20 
5 1 3 19 
4 18 
4 17 
4 17 
4 16 
4 1 16 
3 1 2 15 
3 2 3 14 
3 7 13 
3 2 12 
4 11 
4 9 
4 7 
5 7 
5 8 
6 3 3 9 
6 11 10 
8 2 2 10 
8 7 11 
9 5 12 
11 14 
11 15 
13 16 
16 17 
16 18 
11 3 4 12 
10 13 9 
8 7 6 
4 5 
6 7 
8 8 
9 12 
13 18 
43 
