#6.98 
#nonogram 4551

50 
20 29 
19 26 
16 3 22 
14 5 4 20 
9 3 7 1 4 18 
7 3 9 2 16 
6 5 10 1 3 12 
5 5 10 5 3 7 
4 5 11 4 3 4 
3 5 9 4 10 
2 5 8 3 6 3 
1 4 8 3 4 11 
1 4 1 2 17 1 
6 2 6 20 1 
5 1 10 2 11 
5 1 9 2 12 
5 2 9 3 1 12 
4 1 9 2 2 13 
4 5 1 7 3 2 14 
4 8 1 6 2 3 15 
4 9 1 3 1 2 3 15 
4 10 1 2 1 2 2 16 
4 10 2 2 1 1 16 
4 1 8 2 1 1 16 
4 1 8 3 2 1 16 
3 9 3 4 17 
4 7 4 4 19 
1 3 4 5 24 
1 3 6 24 
1 3 1 5 26 
2 3 1 3 27 
2 3 2 3 26 
3 3 1 1 26 
3 3 1 1 25 
4 3 2 2 25 
4 4 2 7 25 
5 4 3 34 
6 4 3 34 
6 4 2 34 
7 5 1 34 
9 4 34 
15 34 
16 3 4 4 16 
17 1 2 14 
20 2 4 1 4 11 
19 2 1 1 1 1 10 
20 3 7 9 1 
21 3 6 9 2 
38 7 3 
/
26 22 
12 14 19 
11 18 17 
10 22 15 
9 8 8 13 
8 6 5 6 12 
7 5 3 2 1 5 10 
6 5 9 2 4 9 
6 4 9 2 14 
5 4 10 1 4 8 
9 12 1 12 
8 4 9 3 11 
6 1 2 9 3 10 
5 4 1 8 1 3 9 
4 7 6 3 3 8 
4 9 1 6 7 
3 10 2 18 6 
3 9 2 11 8 5 
3 9 5 8 8 5 
2 9 7 8 1 3 
1 9 8 8 1 2 
2 1 7 9 7 3 1 
2 2 4 1 9 7 1 1 1 
2 3 3 7 1 7 3 
3 1 6 10 4 7 2 2 
3 1 4 4 4 14 1 2 
3 1 3 2 4 21 1 
3 1 3 1 8 17 2 1 
4 1 2 1 3 19 1 
4 1 1 1 2 18 1 
5 1 2 1 4 20 1 
5 1 3 5 17 3 
6 4 5 16 1 3 
6 3 17 1 3 
7 3 22 1 3 
7 3 24 1 3 
7 2 26 4 
7 1 2 27 1 
9 36 
10 38 
8 41 
8 41 
8 40 
9 40 
9 40 
9 40 
11 37 
13 33 1 
14 31 2 
13 1 29 3 
