#6.99 
#nonogram 20815

2 2 1 
3 4 2 1 
4 8 3 1 
7 9 1 
11 12 1 
10 8 1 
6 1 6 1 
5 2 5 1 1 
4 2 7 1 
9 1 1 6 1 
10 2 10 1 
6 3 1 10 1 
5 3 2 7 1 
4 4 2 3 3 
5 1 4 
6 2 2 4 
12 9 4 
10 2 1 1 4 
5 2 2 2 4 
3 4 2 4 4 
11 3 4 
9 3 3 
2 2 4 2 2 
4 3 1 1 
4 5 2 
4 6 6 3 
6 8 8 4 
31 
31 
5 22 
2 20 1 
2 5 16 
4 15 
7 2 10 
8 3 8 1 
8 4 5 2 
7 2 4 3 
3 1 3 5 4 
4 5 4 
6 3 4 
/
4 
1 6 
1 1 1 3 8 
2 4 2 2 6 6 
2 5 2 4 5 5 
2 5 2 4 5 4 
3 5 2 3 5 4 
4 4 3 2 4 4 1 
5 3 5 2 2 1 
9 10 2 1 2 
22 5 2 3 
22 7 7 
21 9 7 
10 
11 
4 7 
5 6 
6 5 
5 4 
2 1 5 
3 3 6 
1 1 3 1 2 8 
3 2 1 1 10 
4 2 3 2 1 11 
6 5 2 2 13 1 
7 4 3 14 3 
13 17 
11 16 
11 13 
10 11 
10 8 
2 2 4 10 4 2 3 
2 1 2 2 10 4 2 4 
9 3 2 5 
21 3 3 6 
