#7.1 
#nonogram 2267

15 15 
15 18 
4 3 7 3 3 4 
4 3 4 3 2 5 
3 4 2 6 1 7 
1 4 3 4 8 
1 5 3 3 2 
2 2 4 1 2 
3 2 4 1 3 
4 3 3 2 1 3 4 
5 2 3 2 2 2 2 1 2 
4 2 1 13 1 
4 1 1 6 5 1 
3 1 2 1 3 2 5 2 
1 1 3 4 1 2 2 6 2 
1 5 7 2 2 4 1 
1 3 6 2 1 4 1 
3 2 3 3 2 1 5 1 
2 3 2 3 1 1 5 1 
2 5 4 3 6 
9 3 2 6 
3 3 6 8 
5 2 5 2 5 
8 3 3 5 
7 2 3 5 
7 6 5 
1 4 4 3 1 
4 3 3 4 4 1 
7 4 2 3 6 
9 5 3 2 3 
10 5 5 3 
6 4 6 5 4 
6 2 5 4 5 
2 3 2 4 3 5 
6 3 4 3 6 
4 2 4 8 
3 2 4 2 4 
2 3 4 5 
1 15 
15 
12 1 
11 1 
8 1 
4 1 
1 
/
3 3 
2 4 
2 5 
2 5 
3 4 
2 4 
2 2 
1 2 7 
2 8 
2 6 
2 4 
2 2 1 4 
4 2 1 7 
3 3 2 1 8 
3 4 5 1 6 2 
2 4 1 1 4 9 
2 4 4 2 1 10 
3 3 5 4 3 5 
3 2 2 8 4 3 
1 3 2 7 3 
1 2 1 3 2 4 1 3 
1 3 3 8 6 4 
6 4 11 2 3 
2 2 6 6 4 4 
1 3 10 4 5 4 
6 3 8 4 6 4 
5 3 6 12 4 
3 7 5 15 
2 2 4 5 12 
2 2 2 2 14 8 
4 7 3 10 7 
3 2 11 13 6 
3 2 4 7 7 6 
2 3 15 5 2 6 
2 2 9 5 2 6 
2 3 15 11 
6 2 27 
6 2 23 
11 2 7 17 
19 7 4 
