#7.104 
#nonogram 1450

7 
3 4 
1 5 6 
1 7 12 6 
5 3 2 19 9 
2 7 2 7 9 
2 5 1 2 9 
7 20 9 
1 17 3 9 
2 2 4 2 1 6 9 
2 4 1 12 8 
2 13 3 8 
12 6 7 7 
2 11 1 6 2 6 
2 12 1 6 4 4 
2 3 12 7 
4 5 6 
2 6 1 5 
1 5 2 2 5 
2 5 2 5 
2 20 
5 4 5 
3 2 5 
1 2 4 2 
1 1 4 2 
3 4 2 
2 4 2 
4 3 
2 2 
6 
/
3 2 
1 6 4 
3 2 1 8 4 
3 1 1 1 1 11 
1 3 1 1 1 2 2 3 
1 2 3 1 3 2 6 
1 2 2 1 2 2 1 3 
1 2 1 1 2 1 1 2 1 
1 2 1 3 4 1 1 
1 3 2 3 3 2 1 
1 1 1 2 3 3 2 1 
2 2 2 3 4 2 1 
2 3 3 3 3 2 1 
2 2 1 1 3 1 1 2 2 
2 2 1 1 3 2 1 2 1 
10 3 2 1 1 2 
3 4 5 1 2 2 2 
2 2 3 6 1 2 
2 2 3 4 5 
10 3 4 
3 2 6 3 
2 2 2 4 2 
2 1 1 1 4 
2 1 1 2 2 
2 1 2 2 3 
1 1 2 1 2 
1 1 2 2 3 
2 1 2 2 2 
2 1 1 2 3 
2 1 2 2 2 
2 1 2 2 2 
2 1 2 2 2 
7 1 2 
9 3 
9 
2 6 
7 2 
10 1 
12 
12 
12 
12 
10 
10 
6 
