#7.107 
#nonogram 2919

5 
9 
12 
15 
20 
23 
25 
28 
30 
31 
33 
34 
2 14 19 
4 12 43 
6 10 43 
8 8 1 43 
8 7 4 42 
9 7 6 26 8 
9 7 7 24 7 
9 6 8 22 6 6 
7 6 8 21 9 5 
4 6 9 19 9 4 
5 9 17 8 1 4 
2 5 7 16 8 3 3 
4 4 6 2 14 7 4 3 
5 3 5 7 3 3 
5 4 9 3 3 
5 2 12 14 7 4 3 
10 14 14 8 3 3 
7 15 14 8 1 4 
4 17 16 9 4 
19 15 9 5 
19 14 6 6 
18 4 15 7 
16 7 17 9 
14 9 32 
12 11 32 
9 12 33 
7 12 33 
3 11 17 
10 17 
10 17 
26 
24 
21 
/
3 
6 
7 
8 
8 4 
9 6 
8 7 
9 8 
8 8 3 
3 6 
2 7 
18 2 8 
19 1 9 
20 1 9 
20 1 8 
19 2 9 
18 2 8 
15 3 9 
12 5 8 
12 8 9 
12 9 8 5 
12 8 9 7 
12 9 8 7 
12 8 9 8 
12 9 8 8 
12 7 9 9 
12 4 9 9 
16 1 8 10 
18 9 10 
20 8 11 
20 7 6 3 
21 6 6 4 
21 2 6 4 
21 5 5 
20 1 5 5 
21 4 3 6 
20 5 6 
19 6 8 
18 18 
18 18 
17 18 
16 18 
15 17 
15 17 
14 16 
13 16 
29 
29 
28 
9 11 
8 9 
6 2 2 7 
6 4 4 6 
5 5 5 5 
4 5 5 5 
4 6 6 4 
4 6 6 4 
4 6 6 4 
4 5 5 4 
4 4 4 4 
4 3 3 4 
4 1 1 1 1 5 
5 2 2 5 
6 3 3 6 
7 2 2 7 
8 8 
10 10 
26 
26 
26 
