#7.100 
#nonogram 1753

7 
6 5 1 
20 
6 4 1 
4 1 
4 4 1 
2 7 1 2 
1 2 4 
2 2 1 1 
2 3 1 1 
1 1 1 1 1 1 
1 1 2 2 1 
2 1 1 1 4 2 
1 3 1 2 1 
1 1 2 
2 1 2 
2 2 2 
2 4 1 
2 3 1 
1 2 2 
2 1 2 
1 4 1 
1 2 2 1 
1 1 2 2 
2 2 1 1 
1 1 1 1 1 
1 2 1 1 
2 1 1 1 
1 1 1 1 1 
2 2 5 
3 2 2 2 
2 3 1 1 
7 2 
8 
5 
/
1 3 
3 1 4 
3 3 3 
3 3 2 3 
3 2 2 3 4 
3 1 2 5 3 
3 1 2 
1 2 2 
1 1 2 3 
1 1 8 2 2 
1 1 1 2 3 3 
3 2 3 2 2 6 
3 3 2 2 1 9 
7 2 1 1 2 3 
6 2 1 2 3 3 
4 2 5 2 3 2 
2 6 2 2 7 2 
1 1 2 2 4 
1 2 3 2 8 
12 6 
