#7.101 
#nonogram 1315

3 
5 
8 
3 3 1 
2 5 1 
3 7 1 
2 3 4 1 
3 3 4 1 
2 2 2 6 1 
4 3 1 8 1 
1 11 9 1 
1 10 1 
1 10 1 
1 10 1 
1 10 1 
1 10 1 
1 13 1 
1 9 3 10 1 
15 1 10 1 
3 3 10 1 
4 10 1 
3 2 3 9 1 
4 2 3 7 1 
2 16 3 6 1 
2 3 4 1 
2 2 2 1 
2 1 3 3 
2 3 4 
2 4 1 
2 7 1 
2 14 7 1 
2 16 7 1 
3 2 7 1 
2 7 1 
3 7 1 
3 7 1 
3 6 1 
4 2 2 
5 4 
8 
/
10 
12 
2 1 
3 2 
1 2 
10 1 2 
2 2 1 2 
2 2 1 2 
2 2 1 2 
1 2 1 2 
1 2 1 2 
1 2 1 2 
1 2 1 2 
1 2 1 2 
1 2 1 2 
1 2 1 2 
1 2 1 2 
1 2 2 3 
2 1 3 4 
1 2 1 3 
2 2 3 
2 4 3 
1 2 2 2 
2 2 3 2 
2 1 2 2 
1 2 10 2 1 
2 2 12 1 2 
2 2 13 2 2 
1 3 14 1 12 1 
2 2 18 11 1 
1 2 16 12 1 
2 21 1 9 1 
25 2 8 2 
26 1 8 2 
28 7 1 
2 2 2 
25 10 
