#7.103 
#nonogram 2581

2 29 
2 8 21 
6 7 5 4 11 
7 3 6 4 12 
5 1 5 6 3 12 
3 6 3 1 2 13 1 
2 38 1 
1 28 6 1 1 
10 8 4 1 2 
2 2 3 5 2 1 3 
1 2 2 3 2 4 
2 2 1 2 5 
2 3 1 2 1 2 6 
1 3 1 1 3 1 2 1 5 
3 1 1 1 1 1 2 1 2 
2 1 1 3 1 2 1 1 
2 4 3 1 2 1 
2 2 1 2 1 2 1 2 
2 1 1 2 1 1 2 
2 5 3 2 1 2 2 
2 3 5 2 1 2 2 
3 3 8 1 2 2 
3 2 1 7 2 2 2 
4 1 1 7 1 5 2 2 
3 1 1 7 1 6 2 2 
5 1 10 1 8 2 1 
1 4 10 1 10 3 
1 6 2 7 3 7 2 
2 9 2 8 3 10 1 
4 13 11 9 
1 9 15 5 7 
2 3 3 13 6 4 
3 7 6 2 
10 8 
5 5 
/
5 1 8 8 
2 2 1 11 2 3 
2 2 2 2 7 2 2 
2 5 2 5 3 2 
1 5 3 4 2 2 
2 3 3 3 2 2 
2 7 4 3 
2 6 8 
2 5 2 6 
7 2 6 
2 3 2 3 2 
2 3 1 2 2 2 
2 4 4 4 6 
2 1 2 2 2 3 
1 1 1 2 2 2 4 
2 1 2 8 4 
5 2 2 3 3 
4 3 1 3 3 
4 3 1 4 3 
3 4 3 6 2 
3 1 2 5 7 2 
2 6 2 3 8 2 
2 2 3 5 12 
1 3 4 7 4 
5 5 8 1 3 
4 12 5 1 4 
4 6 3 1 5 
3 1 4 1 1 3 1 
2 2 3 3 3 2 
5 2 2 5 2 
4 2 2 1 4 3 
4 2 2 1 5 2 
3 3 2 1 5 3 
2 4 2 1 6 2 
7 2 1 4 2 
8 2 1 2 4 2 
9 2 1 1 2 3 2 
10 2 1 2 2 3 3 
12 1 2 2 3 2 
9 1 1 2 2 3 2 
8 1 3 2 2 3 3 
7 1 4 2 2 4 2 
6 1 5 2 2 4 2 
5 1 7 2 2 6 
4 1 9 5 5 
