#7.108 
#nonogram 1101

16 4 3 
17 7 4 2 
17 9 2 4 
17 10 9 5 
17 8 17 5 
17 8 3 4 8 2 
17 7 3 13 6 8 
16 10 17 8 8 
12 16 8 3 4 5 2 7 
9 20 3 13 10 6 
8 22 17 6 5 
7 17 5 8 3 4 5 5 
6 19 4 3 13 2 5 
21 3 17 1 1 
6 10 6 8 4 
12 11 4 2 1 1 5 7 
3 4 5 11 4 6 1 1 8 6 3 
2 6 6 20 3 1 1 1 11 6 2 
4 5 4 19 2 3 1 1 4 12 1 
3 9 4 13 5 6 2 1 12 5 3 
4 4 7 13 4 7 1 1 9 2 5 
3 6 7 13 4 3 2 1 1 6 7 
17 12 5 1 4 6 2 7 
15 12 4 8 5 7 
7 2 10 4 3 4 6 7 
4 5 17 4 1 4 1 2 6 7 
8 21 4 6 1 1 3 3 7 
24 1 7 2 1 5 7 
1 26 2 3 1 1 1 8 7 
1 26 3 1 3 1 1 10 9 
2 17 7 4 6 1 1 24 
2 8 8 7 4 6 1 1 16 7 
2 8 9 5 5 3 1 1 1 6 8 7 
3 9 8 5 5 1 3 1 1 8 5 7 
3 9 8 4 6 6 1 1 11 3 4 1 
3 9 8 4 6 6 1 1 16 2 1 
4 10 7 3 7 6 1 1 4 10 1 
4 10 4 4 8 6 1 1 6 3 2 1 
5 5 1 1 3 9 6 1 1 10 3 2 
5 1 6 1 3 8 8 1 16 3 
5 10 3 6 1 3 23 
6 11 10 4 19 
6 10 7 5 15 
7 11 9 11 
7 12 5 3 5 5 
8 14 4 5 3 3 
7 11 9 6 5 
8 7 12 5 6 
9 5 15 11 3 
9 2 13 3 6 4 
11 19 2 6 3 
11 20 2 3 8 
10 19 4 3 7 
9 3 11 6 3 5 
7 6 4 3 4 
/
5 
9 
11 
8 2 1 1 5 
12 2 1 1 6 10 
13 2 1 1 6 16 
13 11 1 21 
13 11 1 24 
13 10 2 15 
13 10 2 9 13 
13 1 2 2 2 12 11 
11 1 3 5 1 12 2 10 
10 2 3 5 1 12 4 8 
9 3 3 5 13 6 7 
9 5 9 13 7 6 
8 5 8 12 9 5 
8 7 6 12 10 5 
8 8 4 6 5 10 4 
8 9 8 2 11 
7 11 11 13 3 
14 12 10 4 
15 12 7 5 
2 16 13 4 5 
3 16 13 3 5 
3 6 23 3 5 
4 6 25 1 6 
3 7 15 5 1 1 7 
3 8 16 4 8 
4 9 24 9 
3 10 23 9 
3 5 4 21 1 10 
3 6 3 19 4 10 
2 7 1 2 14 6 10 
2 8 3 9 9 10 
2 8 7 3 11 3 4 
1 8 12 13 3 4 
13 11 2 1 2 4 
11 11 12 2 1 3 
11 5 12 2 2 2 
11 6 1 2 3 2 
2 2 2 2 10 10 1 3 4 
11 2 3 2 3 3 7 2 6 
11 1 3 3 3 3 7 5 2 
11 1 3 2 3 3 8 3 3 
11 8 3 3 7 4 2 
2 2 2 2 4 15 6 3 
11 5 4 3 1 3 3 4 
11 6 10 1 4 5 
11 4 1 4 3 3 4 
2 2 2 2 4 1 9 4 3 
11 4 1 3 4 3 5 1 
11 8 1 9 1 3 3 2 2 
11 8 15 5 5 
1 11 7 16 7 3 
3 3 3 16 10 
3 3 2 3 3 9 5 7 
2 3 2 3 3 9 6 5 
4 2 2 5 4 3 6 4 
4 4 5 4 4 5 3 
5 4 4 4 3 6 2 
2 3 3 2 4 3 6 2 
2 3 2 3 3 7 
2 3 2 4 3 6 
2 2 2 1 4 3 6 
2 2 2 4 8 6 
3 7 7 7 
11 6 15 
12 7 2 8 
12 22 4 
11 4 15 4 
9 1 15 4 
4 2 15 3 
4 1 15 2 
3 2 15 1 
21 
