#7.109 
#nonogram 1582

2 7 
4 3 8 
8 2 9 
8 1 1 7 
11 1 1 1 5 
12 6 5 
4 4 11 3 
3 3 11 1 2 
2 2 3 6 2 
2 6 3 1 6 1 
1 4 6 5 6 1 
4 8 8 1 
1 4 1 5 1 5 
5 1 5 1 4 1 
5 1 2 3 2 1 2 
4 6 4 3 
7 3 4 2 
12 4 1 2 1 
4 5 2 1 5 2 
3 2 5 1 2 2 
2 1 3 3 1 1 2 
3 1 7 1 2 1 
7 1 6 2 2 2 
18 1 1 
9 1 2 2 2 2 
8 2 1 4 
6 2 2 2 
1 4 1 
2 1 
2 1 1 
4 2 
1 1 
1 1 2 
2 3 3 
4 4 
/
3 6 4 
5 7 5 
4 16 
5 12 5 
6 6 3 6 
6 5 2 2 6 
6 3 2 4 5 
6 1 1 2 4 
6 3 2 2 6 
6 2 9 1 
6 4 11 
2 8 1 3 2 4 
3 7 6 2 2 2 
11 6 1 2 1 
4 2 4 2 1 2 
4 2 2 4 2 
4 1 4 2 
2 3 2 4 3 1 
2 4 1 9 3 1 
1 4 2 5 3 2 2 
1 1 5 2 4 5 5 
1 6 3 1 2 
2 1 6 2 2 
4 6 4 3 
4 7 1 3 
6 5 1 
6 1 4 2 
7 6 1 
9 1 3 2 
11 1 1 2 
