#7.113 
#nonogram 1297

5 3 4 
6 2 4 
6 4 6 1 
6 5 6 2 
6 4 7 2 
7 4 6 3 
9 3 2 6 3 
9 3 3 9 4 
8 8 9 3 
6 8 8 3 
7 7 8 4 
8 7 7 4 
9 7 2 6 5 
10 6 10 5 
10 6 10 5 
9 6 3 10 4 
8 6 4 10 4 
6 11 8 6 
8 10 8 6 
10 10 6 7 
12 9 5 6 
12 10 6 5 3 
13 9 7 4 
12 9 8 2 5 
13 8 8 2 6 
13 7 7 2 1 8 
13 7 5 4 1 7 
12 6 3 5 2 7 
11 5 1 6 3 6 
11 5 7 5 4 
13 5 6 6 2 
16 4 4 1 6 
19 3 3 1 5 
22 2 5 2 
23 1 3 
25 2 3 
29 3 
26 2 
22 2 3 
22 3 4 
22 3 5 
20 3 6 
18 3 6 
13 4 6 
12 4 8 
/
2 2 2 
4 4 4 3 
9 5 6 
17 7 3 
17 9 5 
26 5 2 
1 26 6 4 
2 24 6 5 
4 23 13 
4 35 
8 29 
14 27 
15 25 
12 23 
15 21 
17 20 
18 19 
5 10 18 
10 17 
13 16 
14 15 
15 13 
15 11 
11 10 
6 9 
4 7 
5 4 6 
6 2 5 
7 1 3 
8 3 
7 2 3 
4 6 4 2 
7 4 5 2 
8 2 6 1 2 
8 7 6 
4 9 6 1 9 
16 4 3 10 
17 5 
16 3 3 
13 5 2 3 4 
13 2 3 5 1 5 
10 5 7 5 
10 9 1 6 5 
7 10 3 5 4 
5 12 5 3 4 
5 14 7 2 3 
5 9 3 8 2 
3 4 3 8 1 
2 5 7 1 
1 4 6 1 
