#7.111 
#nonogram 2372

3 4 5 6 
7 2 7 12 
2 2 1 2 2 3 7 4 
3 1 1 15 4 
2 8 19 1 
2 1 3 20 3 1 
1 3 24 3 1 
2 2 26 2 1 
4 27 1 
3 1 27 1 
3 1 27 1 
1 3 25 1 
2 1 24 1 
3 25 1 
2 25 1 
2 9 15 1 
3 7 13 1 
2 1 5 12 1 
1 2 9 12 1 
2 2 12 12 1 
4 13 11 1 
1 17 12 1 
1 2 5 6 12 1 
1 1 1 10 12 1 
1 10 11 2 
1 2 4 11 4 1 
1 13 5 1 
1 15 4 1 
1 12 4 4 1 
1 12 9 1 
1 13 7 1 
1 13 6 1 
1 19 1 
1 13 2 1 
1 1 13 1 
1 2 12 1 
1 2 10 1 
1 4 7 1 
1 5 7 1 
1 9 8 1 
1 14 7 1 
1 11 4 6 1 
1 12 5 6 
1 11 2 3 4 
1 4 5 3 
1 15 2 1 
1 9 3 1 
1 4 5 1 
1 8 1 
25 5 15 
/
3 29 
3 2 2 1 
2 2 2 1 4 1 
3 10 1 1 
3 4 3 3 1 
4 2 4 2 2 1 
2 2 13 1 
2 3 16 1 
1 3 17 1 
3 1 18 1 
2 2 10 4 3 1 
2 3 10 4 2 1 
3 2 9 7 1 
5 10 6 1 
1 1 9 5 1 
4 9 5 1 
2 2 9 4 1 
1 2 11 4 1 
1 2 11 2 2 1 
2 1 12 6 1 
3 13 9 1 
18 4 11 1 
31 9 1 
32 8 1 
32 7 1 
33 5 2 
33 5 2 1 
33 4 2 2 
35 4 5 
36 4 5 
3 8 24 1 2 5 
2 8 22 2 5 
2 7 20 6 1 
2 7 3 2 9 6 1 
3 6 4 8 2 2 2 
8 6 6 1 2 1 1 
5 6 5 2 1 1 1 
4 5 5 2 2 1 
5 5 4 5 1 
2 3 6 3 3 1 
2 2 5 3 1 
2 2 4 3 1 
2 1 4 2 1 
2 2 3 1 
2 3 2 1 
2 2 2 1 
3 2 2 1 
2 2 2 1 
2 1 2 1 
1 20 17 1 5 
