#7.116 
#nonogram 1695

6 
9 
8 2 
1 6 1 3 
1 14 2 
1 16 2 
1 19 2 
7 12 3 
2 2 2 2 3 6 
2 2 1 1 13 
2 2 1 1 13 
2 2 1 1 2 10 
3 1 2 1 1 2 10 
3 1 2 1 1 2 10 
3 2 2 1 1 2 10 
3 3 2 1 1 2 9 
3 4 2 1 1 2 8 
3 5 2 1 1 2 5 
2 5 2 1 1 2 6 
3 4 1 5 2 1 1 2 7 
3 6 1 2 5 2 1 1 2 7 
10 1 3 4 2 1 1 2 7 
1 8 1 2 3 2 1 1 2 7 
1 7 1 1 2 2 2 1 1 2 7 
1 5 1 1 2 2 1 2 1 1 2 4 
2 2 1 1 3 2 2 2 2 2 3 
2 7 1 4 2 11 1 
2 7 1 5 2 11 1 
2 7 1 5 1 11 2 
2 7 1 5 11 5 
2 7 1 4 11 7 
3 7 1 22 
3 7 33 
3 8 33 
3 5 1 1 7 5 5 
2 1 1 4 6 4 4 3 
2 8 1 5 6 3 1 2 2 
2 10 5 6 3 4 2 
3 11 6 6 3 4 
3 12 7 12 
4 9 18 12 
14 13 7 
1 13 18 
1 43 
1 41 
2 40 
1 4 4 7 
13 3 4 7 2 
13 3 3 7 3 
3 12 2 7 3 
3 11 1 6 3 
3 12 1 4 5 
2 3 2 2 1 8 
2 4 5 1 12 
2 11 1 4 3 
2 10 1 2 4 2 
1 3 2 1 1 1 1 2 
1 3 5 1 2 2 3 
2 9 1 4 5 
1 9 1 11 
1 8 1 10 
2 2 2 1 3 2 
1 3 4 1 2 2 1 
1 7 1 1 1 1 2 
1 6 1 1 2 2 
17 
11 
/
8 
11 3 
18 2 
16 5 2 
3 5 2 
4 18 2 
14 10 2 
15 10 2 
5 9 10 2 
5 9 10 2 
5 8 10 2 
5 8 10 2 
9 13 2 
8 9 3 
26 4 4 3 
14 2 3 3 3 
2 2 3 5 2 2 2 4 3 
2 1 7 3 5 2 4 1 6 3 
4 2 6 3 5 2 4 1 7 2 
4 2 6 2 5 2 4 1 9 2 
4 2 6 2 4 2 3 1 3 5 2 
4 3 6 2 3 2 2 2 3 6 2 
4 2 5 2 2 2 1 2 3 8 2 
4 2 5 2 2 2 3 3 5 2 
1 3 3 2 3 3 6 2 
2 31 3 3 3 2 4 1 
40 3 3 3 5 1 
4 16 3 3 3 6 1 
5 17 3 3 3 4 5 
42 7 4 4 
4 20 10 5 
5 23 7 5 
30 13 10 
4 12 9 4 6 
36 7 1 4 2 
37 4 6 4 2 
7 5 3 10 7 3 
1 15 6 1 2 10 2 6 2 
1 15 5 1 2 9 2 1 6 2 
1 15 5 1 1 2 9 2 1 4 2 
31 1 1 12 2 1 1 2 1 1 
22 6 1 1 11 2 1 1 2 1 2 
10 8 5 2 11 3 1 3 1 2 
9 6 5 1 8 3 1 3 1 1 
9 5 6 8 4 1 
8 13 15 2 
6 7 3 16 
