#7.118 
#nonogram 1577

3 5 11 2 3 5 
2 9 8 2 2 2 1 5 
1 4 5 10 2 1 2 2 5 
1 4 12 1 1 1 2 
4 2 3 8 4 2 1 
12 5 3 2 1 1 5 
3 4 4 9 4 2 1 1 5 
14 10 2 4 4 3 
5 9 11 11 5 
15 13 3 3 5 
1 9 3 15 2 5 
4 6 18 3 1 5 
2 4 24 1 5 
1 2 25 5 
1 2 27 5 
1 27 
28 
1 1 29 5 
1 2 1 22 11 
3 1 2 20 10 
1 2 2 3 23 8 
1 1 2 4 33 
3 1 6 32 
2 1 2 8 32 
2 3 7 2 19 9 
2 2 6 17 2 2 5 
3 2 3 19 2 2 6 
3 1 3 20 2 1 2 
1 1 5 21 1 2 2 
1 2 7 19 1 2 2 5 
2 3 3 17 3 1 1 5 
1 1 4 17 1 3 1 1 5 
1 2 6 16 1 1 2 5 
1 1 2 3 15 4 2 5 
1 7 14 8 2 5 
1 2 5 14 5 2 5 
1 5 10 4 2 5 
2 2 3 7 3 3 3 4 
1 9 4 7 3 3 
13 4 6 
/
5 9 5 4 
2 6 2 6 4 
1 8 3 7 2 
1 2 5 4 2 2 1 3 
1 6 1 4 1 1 1 
2 3 2 2 4 4 1 4 
2 6 2 3 3 6 
2 6 2 2 4 5 2 
2 2 5 2 7 8 
2 8 10 6 
2 8 5 8 3 
3 5 4 6 6 2 
2 11 8 3 2 
3 6 6 1 1 2 
2 3 3 3 3 1 
4 4 3 10 1 
1 4 9 1 12 1 
1 4 13 12 
2 19 13 
3 34 
4 33 
4 33 
4 32 
4 31 1 
5 30 2 
5 29 2 
1 3 29 3 
3 27 2 
5 26 3 
1 3 25 1 1 
1 4 23 2 1 
1 3 2 22 3 
1 3 19 3 2 
1 3 1 18 5 2 
2 3 3 15 1 3 3 
1 1 1 3 14 4 2 1 1 
1 1 4 7 5 1 2 1 1 1 
2 3 8 5 3 2 1 1 1 
2 2 1 7 4 1 2 1 2 
1 2 2 8 4 1 1 5 1 
4 7 3 2 3 2 
2 4 6 4 4 2 1 
12 10 5 1 1 
9 
7 1 
3 2 7 10 8 
3 2 7 10 9 
3 10 10 9 
3 10 10 9 
3 10 10 9 
