#7.114 
#nonogram 2450

6 5 
15 4 
18 8 
20 4 1 3 
22 3 1 2 
24 2 2 1 2 1 
25 3 2 1 2 2 
26 4 3 3 
27 4 3 3 
28 3 2 1 2 2 
28 2 2 1 2 1 
30 3 1 2 
31 4 1 3 
32 8 
33 7 
33 2 
31 2 2 
4 4 5 15 4 
3 3 3 15 4 
15 2 
15 4 
15 4 
15 2 2 
17 2 
17 7 
16 8 
16 4 1 3 
15 3 1 2 
14 2 2 1 2 1 
14 3 2 1 2 2 
14 4 3 3 
13 4 3 3 
13 3 2 1 2 2 
12 2 2 1 2 1 
11 3 1 2 
10 4 1 3 
9 8 
7 4 
5 
3 
3 
3 
3 
3 
3 
3 
3 
2 2 
3 1 
6 
/
5 
8 
10 
12 
12 
14 
16 
17 
18 4 
17 5 
18 3 2 
19 3 1 
19 3 1 1 
19 3 3 
18 3 
16 3 
41 
40 
39 
39 
39 
37 
37 
35 
35 
33 
31 
29 
27 
23 
17 
4 4 
3 3 
3 3 
5 
4 5 4 
8 3 3 8 
10 3 3 10 
3 2 5 5 2 3 
2 2 2 3 3 2 2 2 
3 2 2 3 3 2 2 3 
2 2 2 2 2 2 
14 14 
2 2 2 2 2 2 
2 2 2 2 2 2 2 2 
2 2 2 2 2 2 2 2 
2 2 2 2 2 2 
8 8 
4 4 
