#7.115 
#nonogram 1463

15 5 
10 1 5 
8 1 2 2 
6 1 2 1 1 
4 1 1 1 2 
3 1 1 1 3 
2 1 1 1 1 1 
1 1 3 1 1 1 
1 1 1 2 1 1 
2 1 1 1 1 1 1 
1 2 2 1 1 1 3 1 
1 5 1 1 1 1 2 1 1 
2 6 1 1 1 1 2 1 1 
3 2 2 1 1 1 1 2 1 1 
1 8 1 3 1 3 1 
2 4 1 1 1 1 1 1 
5 4 1 1 2 1 1 
10 1 3 1 1 1 
9 1 1 1 1 1 
1 8 1 1 1 1 1 
2 6 1 1 1 1 1 
4 4 1 2 1 1 1 
6 2 1 2 1 1 1 
4 4 1 4 2 1 
4 6 4 3 1 
5 14 2 1 1 
5 14 3 1 1 
6 15 2 1 1 1 
6 17 1 2 1 
7 13 1 3 1 
8 5 2 1 1 
9 2 1 1 
11 3 3 
13 6 2 
17 10 1 
/
8 1 4 16 
7 2 4 15 
6 1 2 4 14 
5 1 1 2 4 14 
4 2 1 6 1 10 
4 1 6 4 1 8 
3 10 1 6 
3 1 2 8 1 5 
2 5 6 1 4 
2 12 3 3 
1 3 4 3 
1 14 1 5 2 
1 3 2 5 2 
3 8 1 
1 6 1 
5 1 
21 5 1 
3 1 1 1 3 6 
2 1 1 1 8 
4 1 3 1 10 
3 6 6 8 
2 5 7 
1 5 
4 1 
3 1 
2 1 
1 2 
1 2 
1 3 
1 3 
1 4 
1 1 2 
6 1 
3 1 1 
5 1 1 
1 1 2 2 
24 
2 2 
2 2 
32 
