#7.110 
#nonogram 253

11 
13 
3 15 
4 17 
4 19 
3 21 
1 3 22 
1 3 23 
2 3 23 
2 3 23 
2 27 
2 28 
3 28 
3 23 
37 
3 18 1 
3 16 1 
2 8 3 1 
1 2 6 1 
12 2 8 1 
2 23 2 1 
3 4 1 2 4 1 
10 4 2 4 1 
6 15 17 2 1 
8 12 21 1 
2 2 12 3 12 1 1 
2 14 2 15 3 3 1 
2 14 1 19 3 1 
2 14 26 2 2 
2 15 37 
13 36 
6 4 37 
4 37 
2 38 
2 8 19 
3 2 15 
9 
/
5 
8 
2 2 
2 2 
2 2 
2 2 
2 2 
3 2 
9 
7 
13 
16 
10 2 
11 1 
2 8 1 
1 8 1 
1 8 1 
1 8 1 
1 8 1 
1 8 2 
1 8 2 
1 7 1 
5 1 
5 1 
9 1 
1 4 5 1 
1 1 2 1 2 
5 1 1 3 4 
13 11 
16 11 
1 1 11 
2 2 1 1 11 
11 1 1 11 
11 1 1 11 
11 1 1 11 
3 1 1 11 
8 1 11 
10 2 11 
14 2 11 
18 11 
19 2 8 
20 2 8 
21 2 8 
21 2 7 
21 2 7 
18 1 8 
17 1 7 
17 1 7 
17 1 8 
17 2 8 
18 2 1 8 
18 2 7 
18 2 7 
16 2 1 7 
14 4 8 
13 4 8 
11 2 7 
10 7 
9 7 
1 7 
1 7 
1 7 
1 8 
19 
