#7.122 
#nonogram 2264

1 1 
1 1 2 2 
2 2 7 4 
3 8 2 2 1 
10 4 1 1 
3 2 1 1 8 2 5 
3 1 2 6 4 7 
4 2 2 1 2 3 
1 2 2 7 2 2 3 
2 2 1 3 3 3 2 7 
2 2 4 3 6 2 1 2 
2 2 4 5 2 3 2 2 2 
2 1 2 1 6 3 2 
3 4 1 2 2 4 2 
2 4 5 8 5 
1 4 6 1 1 3 7 
3 2 2 6 2 3 2 4 
1 4 6 6 3 1 2 2 
1 3 1 3 2 5 4 2 2 
2 1 2 1 8 2 3 3 
2 1 3 4 6 2 
3 5 2 1 3 4 2 
4 2 1 3 3 4 2 1 2 
4 4 2 3 1 2 7 
1 4 3 5 1 3 2 5 2 
1 2 3 19 2 1 2 
1 1 1 2 1 1 1 3 3 2 11 
1 4 4 1 4 1 2 2 1 2 3 
3 1 2 3 2 1 5 2 3 1 2 
1 2 1 2 4 3 2 3 3 2 2 
2 2 3 3 4 8 4 1 4 
2 1 1 4 8 3 4 1 4 2 
4 11 3 5 2 4 2 
4 11 2 2 3 8 
5 3 7 4 7 2 
5 1 2 8 2 2 
5 5 9 
3 5 1 3 2 
2 3 4 
1 2 
/
5 4 5 
8 4 8 
10 2 4 2 6 
5 1 1 2 5 2 10 
9 2 2 3 9 5 
3 5 5 2 2 3 3 2 
2 1 4 1 2 2 1 3 
4 2 1 2 11 6 
3 2 2 1 3 2 3 2 5 
8 4 4 5 2 1 3 3 
2 1 4 2 3 1 3 4 3 
3 3 6 3 1 1 7 
3 1 2 2 4 2 1 2 1 9 
2 2 1 2 4 9 7 2 
3 4 2 2 1 8 2 5 
3 5 3 3 2 12 2 
5 2 4 4 2 3 3 3 2 
5 2 4 3 8 4 5 
1 2 1 2 1 4 2 1 2 4 4 
1 4 5 3 1 2 3 
2 3 2 11 3 
3 4 3 4 3 8 
3 1 3 11 1 2 5 2 
2 2 2 5 1 2 1 6 4 
4 2 6 3 3 2 2 
2 2 8 5 
3 5 1 2 2 3 
5 2 4 4 2 
4 8 2 1 
2 2 1 4 3 2 
2 4 3 4 2 5 
3 1 1 2 2 9 3 
5 2 2 1 2 6 
6 2 2 1 2 3 
2 2 2 3 2 2 
2 4 1 4 4 
8 4 2 2 
3 2 2 1 2 
2 4 
1 2 
