#7.120 
#nonogram 1652

1 1 
2 1 
3 1 
1 3 1 
1 3 1 
1 2 1 1 
1 4 1 1 
1 4 1 1 
2 3 1 1 1 
1 5 2 1 
2 5 2 1 
1 4 2 1 
1 4 2 2 
1 3 3 2 2 
1 9 1 2 
2 10 1 2 
2 11 1 2 
1 12 1 3 
1 14 1 3 
2 14 1 1 1 
2 15 1 1 1 
2 16 1 
2 16 
2 18 
2 19 
1 20 2 
1 20 3 
1 21 3 
2 22 3 
2 25 
2 18 6 
2 17 4 
1 14 3 1 
1 13 3 1 
2 13 4 1 
2 12 6 1 
2 12 7 1 
2 13 8 
2 14 8 
2 19 4 
2 18 4 
2 17 4 
2 16 2 
2 15 
2 14 
2 14 
2 12 
2 6 3 
1 1 3 1 1 
3 1 1 1 1 1 
5 8 
16 
15 1 
17 
16 
16 
13 
2 8 1 
2 10 
12 
12 
10 
9 1 
10 
9 
8 
1 4 
/
7 4 
4 4 9 
7 4 6 5 
3 6 4 4 
6 7 3 3 5 
18 1 7 
23 1 6 
28 7 
31 7 
33 10 
49 7 8 
47 8 8 
3 42 16 
3 4 33 1 17 
3 34 18 
35 17 
35 18 
19 11 16 
18 8 1 14 
17 9 9 1 
16 8 4 3 1 
13 8 2 
9 6 
8 5 
15 
12 15 
9 14 
5 5 6 4 
7 6 2 
15 4 5 
