#7.126 
#nonogram 2470

3 4 5 2 
2 1 2 5 3 
2 4 2 2 2 1 4 
2 1 1 1 2 2 1 2 
1 1 2 4 6 
1 1 1 2 12 3 3 
1 3 3 1 2 1 2 
2 2 2 1 2 4 2 
3 5 3 4 1 
12 1 3 2 4 
3 2 2 1 3 2 
2 2 1 1 1 1 1 
2 13 1 1 1 2 2 
2 2 11 1 2 4 
3 2 9 1 4 1 
13 9 4 1 1 
2 9 2 1 3 1 
3 12 1 6 
2 9 1 1 1 2 
2 12 1 2 2 
3 9 1 3 
3 9 3 3 1 
3 9 1 1 3 1 
3 15 2 1 
17 5 
/
6 
10 
4 5 
7 1 3 
2 1 1 2 
2 1 1 2 
2 1 1 3 
1 1 1 2 
7 1 1 2 
1 2 1 1 1 
1 6 1 2 
3 2 1 1 
2 2 1 
1 2 1 
2 2 1 
2 2 1 
2 3 1 
7 1 1 
1 1 13 
3 2 13 
1 4 13 
1 13 
1 13 
1 13 
1 13 
1 13 
1 1 13 
2 1 1 1 1 1 1 
1 2 1 4 1 1 1 
3 1 2 5 1 
2 1 1 2 3 
2 1 7 1 1 
5 1 9 
2 5 1 2 
1 1 7 2 2 1 
2 3 2 3 1 2 1 2 1 
3 1 1 3 8 4 
2 2 3 1 2 3 2 2 
1 2 3 2 2 1 1 2 1 1 
1 2 2 7 2 3 2 
