#7.124 
#nonogram 2369

12 7 
9 2 1 1 7 
7 1 1 1 1 7 
8 1 1 1 1 7 
7 2 1 1 1 1 7 
4 2 1 1 1 1 1 7 
6 1 1 1 1 1 1 1 5 
7 1 5 1 1 1 1 5 
4 2 1 1 6 1 1 1 1 4 
3 3 3 2 1 1 1 1 1 2 
4 5 3 2 1 1 1 1 1 2 
3 20 1 1 1 1 1 
2 3 1 1 6 1 1 1 1 1 
3 2 1 2 1 5 1 1 1 1 
2 3 2 1 1 1 3 2 1 1 1 
3 3 1 1 1 1 2 4 2 1 
4 1 1 1 3 3 7 
8 1 1 1 1 1 5 
1 5 2 5 1 3 11 
3 4 5 3 1 1 11 
1 5 2 1 2 1 1 1 1 1 
1 5 2 1 1 1 1 1 1 1 
3 4 8 1 1 11 
1 8 5 1 3 11 
9 1 3 1 1 4 4 
4 1 1 1 3 3 7 
3 3 1 1 1 1 3 4 2 1 
2 5 2 1 1 4 2 1 1 1 
3 3 3 1 5 1 1 1 1 
1 4 3 6 1 1 1 1 1 
2 14 5 1 1 1 1 1 
1 3 1 1 2 2 3 1 1 1 1 1 1 
2 1 1 3 3 1 1 1 1 1 2 
2 3 1 1 7 1 1 1 1 1 2 
4 2 1 3 1 1 1 1 1 4 
5 1 1 1 1 1 1 1 5 
3 2 1 1 1 1 1 1 5 
3 1 2 1 1 1 1 7 
3 1 1 1 1 1 7 
3 1 1 1 1 1 7 
/
5 5 
7 4 7 
4 3 1 1 3 1 2 
4 2 2 1 1 2 2 2 
4 1 2 2 2 1 4 
6 2 2 2 2 2 1 2 
3 1 1 2 2 2 6 2 
3 8 2 8 4 
5 4 7 3 1 3 
6 2 1 2 9 
5 3 6 6 1 1 2 
2 4 1 6 2 4 1 
4 3 2 3 4 
10 6 14 1 
4 5 2 3 4 1 
3 2 1 5 5 1 2 
4 2 1 2 1 2 2 1 2 1 2 3 
8 2 5 5 2 5 
2 2 2 1 1 2 2 
2 2 2 1 1 2 
10 2 1 1 1 9 
2 4 2 2 5 
2 3 3 3 
1 3 3 
14 3 2 12 
2 3 2 2 2 4 
1 2 2 2 2 
16 2 14 
1 3 3 
1 4 5 
15 10 13 
2 3 3 2 
1 3 4 1 
17 3 2 15 
6 2 2 2 2 3 
8 1 2 3 1 5 
17 3 18 
9 2 2 5 6 
11 1 2 5 8 
17 3 18 
