#7.125 
#nonogram 1146

48 6 
48 5 
4 34 5 
29 5 
26 5 
1 24 4 
1 22 5 
2 20 5 
3 18 5 
3 18 3 1 
4 16 3 2 
5 2 15 3 1 
5 2 13 3 2 
6 2 12 3 1 
6 3 11 3 2 
7 3 10 3 1 
8 3 8 3 2 
8 3 7 4 1 
9 2 5 3 4 
10 2 4 5 3 
11 3 3 7 3 
12 4 3 8 4 
14 4 4 7 6 
22 4 8 6 
20 4 8 7 
18 4 8 8 
16 4 8 8 
15 4 9 8 
13 3 8 9 
12 3 8 9 
11 3 8 9 
10 2 8 8 
9 2 17 
8 2 16 
7 2 16 
6 2 15 
5 2 13 
4 2 11 
4 1 10 
3 1 9 
3 1 7 
2 1 5 
1 1 4 
1 2 
1 1 
/
3 38 1 
3 35 1 
3 33 1 
3 29 1 
2 26 2 
2 23 2 
2 20 2 
2 18 2 
2 15 2 
2 13 2 
2 11 2 
2 9 2 
2 1 7 2 
3 2 6 2 
3 2 5 2 
3 2 4 2 
3 1 3 2 
4 2 3 2 
4 1 2 2 
5 2 2 2 
5 1 2 2 
6 2 2 2 
7 1 2 2 
8 2 2 2 
10 2 1 2 
12 3 2 
19 1 2 
19 1 2 
19 2 
19 2 
19 2 
18 2 9 
18 2 16 
17 2 22 
16 3 23 
16 2 23 
15 2 23 
14 3 23 
13 3 22 
12 3 9 8 
11 3 7 12 
10 3 4 14 
8 3 1 16 
7 4 21 
6 4 3 18 
4 4 3 17 
3 5 3 14 
2 8 11 
6 7 
7 
5 
4 
3 
2 
1 
