#7.128 
#nonogram 1636

8 
3 5 2 1 
3 7 2 
2 6 3 
3 4 3 
2 6 5 
3 5 5 
7 4 2 2 
6 8 3 3 
15 3 3 
15 3 1 2 
13 3 3 3 2 
9 7 2 
7 4 9 2 
4 2 7 3 7 2 
4 3 9 7 7 1 
2 2 9 2 10 1 
3 2 2 6 2 10 1 
3 3 1 5 8 
2 3 2 5 2 5 
1 1 5 6 3 5 
1 5 5 2 6 
2 3 4 3 5 
2 4 4 2 5 
3 7 6 
8 6 
14 3 3 
2 7 1 3 
4 3 2 
7 2 
3 7 1 
3 8 1 
4 8 
4 
4 
/
3 
4 7 
7 9 
3 10 4 
2 1 7 3 
2 11 6 3 
1 13 3 5 
5 4 3 3 2 6 
5 6 1 11 3 
6 6 13 2 
3 1 5 2 4 4 4 1 
4 5 2 2 2 4 3 1 
4 5 2 1 1 4 4 
3 5 2 2 3 3 
1 1 4 2 2 3 3 
2 3 3 2 3 3 
2 3 3 2 2 2 
1 2 2 2 2 2 
1 1 3 2 1 1 
3 2 1 1 
3 2 
2 3 
6 
3 1 
1 3 
5 
6 
2 2 
7 
1 2 1 
12 
15 
11 2 
3 10 3 
4 17 
3 17 
4 15 
9 12 
13 9 
10 6 
