#7.130 
#nonogram 1421

6 
1 4 7 
4 10 8 
4 12 8 
9 11 9 
9 6 4 4 4 
5 2 8 3 4 3 
3 11 2 3 1 3 
3 12 3 3 2 3 
2 12 3 2 1 2 
2 1 12 3 2 2 1 2 
1 15 3 1 4 2 
15 2 3 1 
10 3 3 3 
12 1 3 1 
5 5 2 4 1 1 
5 5 2 4 2 1 
5 1 2 3 4 
6 2 2 4 
3 2 2 4 1 
1 1 1 2 3 3 
1 2 7 1 
2 2 6 3 1 
3 2 5 3 1 
3 3 4 6 
4 2 4 7 
4 4 7 
4 1 5 1 8 
3 8 11 
4 6 12 
2 2 4 12 
2 3 3 12 
3 6 3 12 
14 12 
11 3 6 
11 2 6 
6 2 1 5 
5 3 
/
2 
5 
10 
9 
5 
5 2 
3 2 2 
3 3 8 
3 6 10 
3 10 4 5 
2 11 5 5 
18 3 7 
20 3 8 
19 5 6 1 
14 2 1 3 4 
16 2 1 5 
15 3 5 
3 7 3 2 3 
3 7 4 1 2 
2 6 3 3 2 
2 1 2 1 5 
2 1 3 5 
2 1 4 5 
4 3 3 
5 6 
4 3 2 
4 8 2 5 
3 10 7 
7 4 6 10 
11 5 5 8 
9 11 7 
7 4 9 11 
5 7 3 14 
5 2 3 2 2 16 
6 2 3 17 
9 2 15 
11 5 13 
7 1 12 
