#7.139 
#nonogram 2466

4 5 
4 1 4 
4 2 9 5 
7 3 3 4 
13 3 6 
2 4 3 2 7 
1 1 1 2 4 2 
1 1 1 1 2 5 2 
1 3 1 4 3 1 
1 1 1 3 2 1 
1 2 2 1 1 
1 2 2 2 1 
2 2 2 2 
2 3 2 2 8 
3 3 2 2 1 1 
3 1 3 2 3 5 
4 3 5 2 2 3 
4 1 2 9 3 1 
4 3 1 2 4 
3 3 2 5 2 3 
3 5 1 7 2 2 1 
2 6 2 6 2 2 4 
1 8 3 6 3 2 3 
11 7 3 2 2 
13 2 1 4 
/
20 
2 10 2 
1 7 3 
3 2 3 4 
4 1 2 5 
6 2 7 
6 10 
2 3 1 7 
1 4 2 5 
4 3 3 
2 3 2 
7 2 1 
3 2 1 1 
2 2 2 
2 2 1 
1 1 1 
1 2 1 
1 1 1 
1 2 2 
1 1 2 
1 2 1 
1 1 2 
2 1 2 
1 1 2 
2 2 2 
1 1 2 1 
2 1 1 2 2 
2 1 2 1 1 2 
2 2 2 1 6 
2 2 3 4 
2 2 5 
8 2 3 
12 3 2 
8 5 2 
9 1 1 1 2 
6 3 1 1 1 2 2 
3 3 4 1 1 2 2 2 
1 3 1 2 2 2 1 
4 1 2 2 4 
12 
