#7.138 
#nonogram 1403

2 
3 
1 1 
1 2 
2 1 
3 1 2 
3 1 2 
3 2 2 
2 1 3 2 
1 2 1 1 3 
1 2 1 2 3 
5 2 3 
5 2 3 
6 3 3 
2 2 6 
2 4 5 
1 5 3 
2 6 3 
1 8 2 
10 2 
10 2 
11 2 
12 2 2 
12 1 2 
14 2 
12 3 
18 
17 
6 8 
6 4 
5 2 3 
6 2 4 
5 2 4 
5 2 4 
5 6 
5 5 
7 4 
9 1 
10 
10 
11 
11 2 
11 3 
5 11 
6 9 
5 6 
5 
5 
6 
7 
7 
7 
7 
8 
8 
8 
8 
8 
9 
5 3 
4 1 1 
2 1 1 
2 1 
1 2 
2 1 
1 2 
2 2 
3 
3 
1 
/
2 12 
3 1 21 
5 6 27 3 
7 9 30 3 
2 3 46 3 
3 5 44 3 
45 12 2 
2 3 30 7 3 
3 3 17 8 6 
6 13 8 
4 10 12 
2 9 5 8 
3 9 7 6 
4 10 3 3 
6 7 3 3 
11 4 3 3 
5 4 3 3 3 
4 3 4 4 
5 3 3 3 
4 3 2 
7 6 
5 4 
