#7.13 
#nonogram 2454

2 5 5 
4 2 2 5 
3 1 1 1 5 
6 1 1 1 5 
1 1 1 1 1 1 5 
2 1 1 5 
1 2 1 1 1 4 5 
1 1 1 1 1 2 2 5 
1 1 1 1 1 2 4 3 
1 1 1 1 1 3 1 2 2 
1 5 1 1 2 1 1 1 1 1 2 2 
2 1 3 1 1 5 9 3 
3 2 9 1 3 
6 11 10 
7 9 1 1 1 5 
8 9 1 1 1 5 
2 1 8 1 2 1 3 5 
1 1 2 2 1 1 4 5 
2 1 2 1 2 4 5 
1 2 1 1 2 3 5 
2 2 1 3 5 
2 2 3 5 
2 2 5 
2 1 5 
3 5 
/
8 2 
4 1 1 3 
4 2 6 
2 1 1 7 
1 3 1 1 4 
2 1 2 4 
2 1 1 1 3 
1 1 2 2 
3 2 
7 3 
6 2 1 3 
1 10 2 
7 5 2 2 
5 2 2 
8 2 2 
4 7 2 1 
2 5 3 3 
1 10 1 
1 3 1 5 
2 2 2 2 
2 2 2 2 
2 2 
10 
2 1 1 
1 2 5 
1 1 1 3 
4 7 
1 1 3 
1 1 2 
1 1 
12 12 
11 12 
9 2 11 
8 4 11 
8 4 11 
