#7.131 
#nonogram 334

1 1 
4 1 1 
5 3 1 
7 2 2 
9 1 1 
10 2 2 
2 4 6 1 
4 5 1 5 1 
3 8 5 3 1 
2 2 13 1 1 
2 3 9 2 1 2 
2 3 6 1 1 1 
3 4 2 1 2 
3 4 4 1 1 1 
3 17 3 1 
2 15 1 1 
2 17 1 
2 15 2 1 
3 15 3 1 
2 15 2 
28 
2 14 1 
2 14 1 1 
1 11 1 1 1 
1 2 11 5 1 
1 3 8 1 1 
2 4 4 1 2 
14 1 4 2 1 
4 3 2 2 1 1 3 1 
3 4 1 3 2 3 1 
4 5 2 3 3 
3 4 1 1 3 
3 4 5 1 3 
5 4 5 1 3 
6 2 4 2 
8 5 3 1 
17 5 1 
17 4 3 
7 8 5 2 
6 5 2 
/
1 1 5 3 
3 3 1 5 5 
2 2 2 2 3 5 7 
1 1 1 1 1 3 13 
2 3 3 2 1 10 
2 1 2 1 1 8 
2 2 1 2 3 6 
2 1 1 1 4 4 
1 16 5 4 
20 4 3 
22 4 4 
3 22 4 
6 14 2 4 
8 12 2 2 4 
9 12 2 6 
3 3 13 2 4 
4 1 3 11 6 3 
5 3 10 1 2 
11 10 2 1 1 
11 10 1 2 1 
10 15 2 1 
6 11 1 1 1 2 3 
15 1 2 3 4 
2 2 1 5 3 2 3 
3 2 2 1 1 1 1 2 
2 1 4 2 1 2 5 
2 3 2 1 1 4 3 
2 3 3 10 1 
3 3 2 2 5 2 
3 6 6 1 3 3 3 2 1 
