#7.133 
#nonogram 2241

5 5 1 
7 4 1 1 
1 6 5 1 
1 5 3 1 
1 1 3 2 1 
1 1 4 2 
1 1 1 5 5 
1 1 1 1 4 2 7 
1 1 1 1 1 8 2 
1 1 1 1 1 1 4 5 
1 1 1 1 2 7 
1 1 1 1 1 1 3 7 
1 1 1 1 1 4 7 
1 1 1 1 1 2 2 7 
1 1 5 10 
1 1 1 1 3 1 1 2 7 
1 1 1 1 5 1 1 5 
1 1 1 6 1 1 1 1 
2 1 5 1 1 1 1 1 1 
3 5 2 1 1 1 1 
3 4 1 1 1 1 1 
4 2 1 1 1 1 
5 1 1 1 1 1 
3 1 3 1 1 1 
3 2 4 1 1 1 
2 1 1 4 1 1 
3 2 1 1 1 
2 1 1 1 1 
4 2 1 
1 4 
/
17 
1 2 
3 10 3 1 
4 2 
4 1 4 
5 4 8 1 5 
5 6 1 
5 5 1 
1 3 3 2 6 3 
1 6 1 
2 5 4 
1 4 1 5 1 
1 9 
1 4 1 1 
2 4 1 5 2 
1 1 1 1 
1 5 1 
2 2 2 
1 2 5 2 1 
1 2 1 
9 12 
9 2 
6 2 1 1 
6 9 1 
4 3 7 10 1 
3 1 2 8 1 
1 2 2 19 
1 2 8 
1 1 11 
1 9 
