#7.136 
#nonogram 1627

3 3 3 
1 2 1 3 
2 2 1 4 
1 4 1 5 
6 1 5 
3 2 1 5 
4 1 2 1 6 
5 2 2 6 
4 6 1 5 
5 4 1 4 4 
6 4 6 4 
8 12 4 
9 3 2 3 4 
11 4 5 
5 1 5 5 7 
6 10 1 2 7 
3 14 1 1 7 
18 2 1 6 
16 1 4 6 
10 1 3 1 3 6 
4 1 3 4 2 1 7 
5 10 1 6 
17 2 6 
13 2 2 4 
12 2 4 2 
2 8 1 7 
11 3 
5 1 2 
5 3 
10 
10 
11 
3 7 
11 
9 1 
2 8 
1 1 8 6 
1 1 1 11 3 
3 1 4 3 3 
4 2 3 5 
6 4 2 
3 2 3 
1 2 2 
6 
5 
/
9 4 
13 2 2 
8 9 4 
21 2 
21 4 
6 5 3 5 2 
3 4 6 8 4 
7 6 13 
27 
29 
3 11 4 6 
5 3 4 4 2 3 
5 5 3 2 3 3 
10 3 2 1 1 
18 3 1 1 
17 1 1 1 1 
16 1 6 
3 5 1 2 3 
2 3 3 1 2 2 
8 3 1 1 2 
2 8 2 3 3 1 
3 2 5 2 3 2 
1 1 1 1 1 2 3 2 
1 2 3 8 3 1 
6 5 3 2 
5 3 3 3 3 
4 5 5 2 
2 3 4 3 2 
1 3 4 10 1 
2 2 3 12 
6 12 
24 
23 
21 
15 
