#7.134 
#nonogram 1460

2 1 2 1 
2 3 1 1 2 4 2 
2 3 1 2 3 1 2 1 16 
2 3 1 1 3 3 3 15 
2 3 1 2 1 8 2 
2 3 1 1 2 8 1 1 
2 1 2 1 3 3 1 1 
10 1 1 2 1 1 1 
10 1 4 1 1 1 
10 1 1 1 1 1 1 
10 1 1 1 1 1 1 
1 1 1 1 1 1 
1 1 1 1 1 1 1 
3 3 1 1 1 1 1 2 
2 3 5 1 1 2 
2 1 6 1 9 
2 1 9 5 4 
1 1 6 4 4 
3 2 7 5 4 
22 3 1 1 
19 3 1 1 1 
18 2 1 1 1 
8 9 3 1 1 
7 9 2 1 1 
6 10 1 1 
3 1 5 6 1 1 2 
2 7 6 1 2 
2 2 7 2 4 
3 7 
5 
/
11 
11 5 
4 4 2 
5 4 1 2 
5 4 2 1 1 
5 4 1 1 
4 1 8 
11 13 
4 1 10 
11 10 1 
1 1 1 1 12 1 
1 1 1 11 1 
5 11 2 
2 10 2 
1 16 2 
3 1 4 3 
6 6 8 
1 4 2 8 
2 5 6 2 
2 2 2 8 1 
1 4 1 8 1 
6 8 1 
4 9 1 
1 9 1 
2 1 1 6 
2 1 1 1 
2 1 1 1 
2 1 1 1 1 
2 1 1 1 1 
2 6 1 2 1 1 
2 1 1 1 1 
2 6 1 3 1 1 
2 1 1 1 1 
2 8 1 6 1 2 
2 1 1 1 2 
2 9 1 8 3 
2 3 3 
4 3 5 
6 5 4 
6 
