#7.146 
#nonogram 1541

8 8 10 
10 2 2 3 8 
11 3 2 4 7 
11 3 1 6 6 
12 3 6 5 
13 5 7 5 
5 3 5 1 4 5 
3 4 1 5 4 
2 5 1 3 4 
1 5 7 1 4 4 
1 9 3 2 2 3 4 
1 3 1 1 4 1 3 4 
2 3 5 7 1 3 3 
1 7 5 7 4 3 
1 9 3 4 3 3 
12 3 5 1 2 
2 3 3 3 10 2 
1 5 2 2 2 12 1 
3 4 2 5 3 4 1 1 
2 4 2 1 3 2 5 
2 7 2 1 3 8 1 
2 3 2 2 1 4 5 1 4 
2 6 2 2 4 2 1 3 
2 1 3 1 2 1 3 7 2 3 
2 3 2 1 2 1 2 4 3 2 1 
3 1 2 1 3 2 1 3 2 1 2 4 
3 2 2 3 2 1 2 3 2 2 3 
2 6 2 4 6 4 3 
4 4 3 4 4 4 3 
3 3 4 3 1 1 3 2 
1 1 5 4 2 2 2 3 3 
1 3 2 4 5 4 1 4 
1 12 3 6 1 3 
1 9 4 6 1 3 
2 5 3 1 4 2 3 
3 3 2 2 2 4 
4 2 2 5 4 3 
6 5 6 5 3 
18 4 6 2 
19 1 7 1 
/
12 6 9 
9 2 10 6 
8 3 3 5 5 
7 2 1 2 3 3 4 
7 2 2 2 3 3 2 2 3 
6 2 3 1 4 1 2 4 3 
6 2 3 1 2 1 2 2 3 2 
6 2 4 1 2 2 1 2 1 3 2 
5 2 5 2 3 2 5 2 
5 2 5 1 2 6 5 2 
4 3 6 3 2 2 3 2 
3 2 3 3 3 3 3 2 
2 1 1 3 4 5 2 3 
1 1 2 2 9 3 3 
3 3 5 4 3 
3 5 6 4 
1 5 9 4 
3 2 10 6 2 
8 1 10 2 1 
1 9 9 3 3 
2 1 8 2 3 11 
3 9 2 6 8 
1 2 1 2 4 2 6 3 3 
2 2 4 2 3 2 2 5 
5 2 6 1 3 2 2 1 4 
7 1 8 3 2 4 2 
4 2 4 1 1 2 8 
9 1 4 2 1 1 7 
5 3 3 2 1 3 4 1 
7 2 3 2 6 2 2 
1 16 2 6 3 
1 8 15 4 
2 5 3 3 6 
3 3 8 
4 6 4 
7 5 
12 9 1 1 
15 15 
17 15 
19 8 
