#7.144 
#nonogram 1641

16 3 2 
11 2 2 1 
8 6 1 1 
6 3 2 2 2 1 
4 3 1 1 3 2 
3 3 2 5 3 2 
3 1 2 12 3 
2 2 2 14 4 
2 1 1 15 4 
2 1 2 15 5 
2 1 2 7 3 6 
2 1 1 6 5 1 6 
2 1 2 2 6 5 8 
2 2 5 2 13 8 
3 1 6 6 6 10 
3 2 1 2 4 17 
4 2 2 1 3 15 
5 2 1 2 2 1 14 
6 3 1 2 2 1 13 
7 1 2 4 1 2 9 2 
9 1 2 3 3 3 7 1 
9 2 2 2 1 2 5 
7 2 1 2 1 6 
7 3 3 3 1 4 
8 4 1 2 2 2 
9 2 2 1 1 
11 2 2 1 2 
12 1 3 2 
14 2 4 3 3 
16 6 3 2 2 1 
10 3 10 2 3 1 2 
7 1 6 5 5 2 1 
3 5 1 8 1 2 
2 14 1 1 1 
3 14 1 2 1 
3 14 1 2 2 
4 2 14 1 2 3 
8 4 14 3 4 
13 14 2 5 
4 15 6 
2 23 
/
22 6 
22 9 
7 8 5 4 
5 7 6 5 3 
4 3 3 5 6 3 
4 1 2 2 4 6 2 
3 2 6 2 3 7 2 
3 1 2 2 2 2 6 2 
2 2 1 4 1 1 2 7 2 
2 1 1 5 1 2 8 1 
2 1 1 5 1 10 1 
1 1 1 6 2 9 1 
1 1 8 1 8 3 
1 2 8 1 9 5 
1 2 6 2 4 10 5 
1 1 6 1 4 2 3 3 1 3 
3 5 2 1 3 1 2 
2 2 4 3 1 3 
1 1 4 5 5 
2 2 4 8 8 
3 6 3 10 3 
1 7 4 6 4 
12 4 2 2 4 9 
8 8 8 
2 4 1 1 4 2 8 
2 2 2 2 8 
3 4 3 8 
3 1 1 1 1 8 
3 3 3 3 9 
3 6 1 1 9 
3 4 3 10 
4 2 1 10 
5 3 1 11 
6 2 1 11 
8 1 11 
8 1 9 
10 3 2 
17 8 1 
17 2 1 
15 1 2 2 
13 2 2 3 
10 3 2 4 
9 3 3 5 
8 2 3 6 
7 1 2 8 
