#7.141 
#nonogram 1151

1 3 
1 1 2 
2 3 1 
4 1 2 
1 1 4 1 
4 7 
2 3 1 
3 9 1 1 
2 13 1 
1 1 12 1 
2 14 2 
18 1 
19 1 
5 22 2 
16 13 2 
14 5 10 1 
23 7 1 
5 9 10 2 
3 6 14 3 
2 2 6 6 4 1 1 
1 2 2 4 9 1 
1 1 1 1 6 3 4 1 1 
1 1 2 2 3 3 4 2 
1 1 1 1 1 1 3 3 4 1 
1 1 2 1 1 1 2 1 4 3 
1 1 3 1 2 2 3 1 1 
1 1 5 2 3 1 4 1 
1 1 1 2 2 2 2 1 4 1 
2 2 1 2 2 1 4 2 
3 1 3 4 1 4 1 
5 2 1 4 1 1 
1 1 2 2 1 4 1 
2 1 1 1 1 1 3 1 1 
3 1 5 1 3 1 1 
2 1 3 1 1 
3 2 2 1 
5 2 1 
2 1 
1 
1 
1 2 
1 1 
1 1 1 1 
1 1 1 1 
1 1 2 
/
15 
6 3 
6 8 2 
5 2 1 1 
5 1 2 4 
4 1 3 3 
4 1 1 2 1 2 
3 1 3 1 4 1 
3 1 4 5 
4 1 1 2 
4 2 1 2 
5 1 1 1 2 
6 1 1 1 
7 1 1 1 1 
7 2 1 2 1 
2 8 2 1 1 2 
1 1 8 1 1 1 
2 4 4 1 4 4 
11 2 1 2 1 2 
3 13 1 2 2 2 1 
2 10 1 2 2 2 2 1 2 
2 16 1 2 1 1 1 
2 3 14 2 1 1 1 1 1 3 
9 5 1 1 1 3 1 
1 15 3 3 
3 12 3 11 1 5 
2 2 18 1 
1 1 2 14 15 
1 1 3 13 14 
2 1 2 14 12 
7 8 6 3 
4 3 2 1 
5 5 1 2 3 4 
5 2 5 4 
7 3 
