#7.145 
#nonogram 1896

4 
1 8 
2 11 
4 7 4 
2 2 7 4 
2 3 1 13 
3 3 7 13 
3 3 2 13 
3 3 2 8 
4 2 3 4 5 
4 1 1 8 3 
3 1 2 11 2 
2 1 1 7 4 1 
2 2 6 5 
1 1 15 
2 13 
7 13 3 
3 13 5 
2 1 13 7 
2 1 12 8 
2 3 11 4 3 
2 4 9 3 4 
2 1 4 6 11 
1 2 4 12 
3 3 15 
3 2 13 
4 1 12 
4 11 
9 
5 
/
8 2 
11 2 
2 7 2 
3 5 2 
5 1 2 
8 1 2 
4 3 5 
9 4 
3 1 3 3 
4 1 3 3 
4 1 3 2 
3 1 1 4 1 
1 1 1 5 
1 3 2 
1 10 
1 11 
1 12 
2 13 
6 14 
6 4 9 
7 3 9 
7 3 10 1 
8 13 3 
9 12 4 
3 4 10 6 
3 5 7 7 
10 4 10 
12 12 
10 14 
7 5 8 
4 4 8 
3 7 
12 
10 
7 
4 
