#7.14 
#nonogram 5564

1 2 2 
4 6 2 2 
2 4 1 6 1 2 
8 3 6 5 
10 3 4 4 
7 2 6 5 
7 1 3 6 
2 1 2 1 3 3 4 
2 2 1 2 8 4 
3 1 2 5 
5 3 3 3 
5 9 4 
4 3 
4 2 3 
4 3 3 
4 1 1 7 
4 4 2 
4 1 4 2 1 
4 1 5 5 
4 2 2 4 
4 6 4 
5 1 3 
3 1 2 3 
2 2 1 3 3 4 
2 1 4 
2 1 2 4 
6 1 4 3 5 
6 2 2 
5 2 1 
1 1 1 2 9 
/
21 
23 1 
3 14 2 
4 12 1 3 
5 4 9 
7 3 
4 4 3 
4 2 2 2 1 
4 2 2 1 1 
4 3 1 1 
8 1 2 1 
1 3 2 3 2 1 1 
1 2 2 2 3 
1 1 1 2 1 1 
1 2 2 2 1 
1 3 1 1 1 1 
2 2 1 1 1 1 
3 1 1 1 1 
5 1 1 
5 1 1 1 1 
5 1 1 1 1 1 
3 2 1 1 2 2 
1 1 1 2 2 1 3 
2 2 1 2 1 2 1 
3 2 2 3 1 2 1 
7 1 2 4 1 
12 1 10 1 
16 12 
13 7 
5 4 
