#7.148 
#nonogram 1729

5 18 
7 2 
3 4 2 
3 3 3 2 
3 11 7 3 
2 10 5 12 
9 1 23 
6 2 11 11 
4 2 11 11 
3 3 11 11 
4 5 11 11 
5 3 10 11 
1 2 4 4 5 10 
3 6 2 4 10 
5 4 1 1 3 11 
1 1 11 3 2 12 2 
1 3 4 1 3 2 9 6 
3 1 2 1 11 5 
4 2 17 3 
1 1 2 2 5 4 2 
3 2 3 3 3 
3 4 5 2 2 
4 5 4 2 3 
10 3 2 2 
2 2 4 3 5 
3 4 3 2 
2 1 3 3 3 
6 3 4 4 3 
9 4 3 3 3 
11 4 3 4 4 7 
15 4 7 4 4 
4 1 4 3 8 4 2 
1 1 6 2 9 4 1 
1 2 4 2 9 5 
2 3 4 12 4 
2 2 6 12 5 
5 3 16 1 
5 1 14 1 
9 1 8 2 
11 6 2 
2 9 3 2 
2 1 4 2 
3 4 3 
9 4 
6 7 
/
2 3 2 3 
4 3 2 5 3 4 
6 9 5 5 6 
3 9 6 4 3 
2 5 1 2 5 8 2 
2 5 2 4 10 2 
3 4 2 5 1 4 2 
8 2 3 3 3 
7 1 1 1 2 3 6 
5 1 1 1 1 1 2 1 1 6 
3 9 3 3 2 1 1 6 
3 12 3 7 4 
5 10 1 11 2 
3 6 2 13 
1 5 1 4 9 1 
10 9 2 1 
9 6 10 
8 2 1 14 
8 18 7 1 
7 16 9 1 
1 8 1 8 9 1 
1 13 5 10 1 
1 11 1 2 9 1 
1 9 2 10 1 
1 7 4 9 2 
1 1 6 9 1 
1 15 8 1 
1 15 1 3 7 2 
1 16 2 6 1 1 
1 15 16 2 
1 15 4 10 2 
1 15 3 8 2 
1 16 2 6 2 
1 12 4 4 1 1 4 
1 13 7 4 
1 13 3 1 1 3 
1 8 3 3 2 2 
2 2 3 4 5 
4 8 3 
2 6 2 
