#7.142 
#nonogram 1213

2 1 
3 2 
5 4 
5 10 
8 9 
1 2 3 8 
3 1 4 1 5 6 
3 12 7 5 
3 4 8 10 5 
6 7 11 6 
2 2 7 11 7 
3 2 1 4 11 8 
7 5 10 9 
14 10 8 
4 6 11 9 
4 7 14 8 
5 6 14 7 
5 5 14 5 3 
3 4 10 3 6 
3 4 10 2 9 
3 6 6 5 9 
2 7 1 7 9 
8 11 9 
4 8 13 9 
10 10 14 8 
5 6 4 8 14 8 
5 2 1 6 2 3 13 8 
5 1 8 8 4 3 13 8 
6 7 4 11 1 5 13 7 
5 3 3 13 1 5 13 7 
5 2 3 1 3 1 6 2 5 14 6 
5 6 2 1 2 1 5 1 7 13 6 
5 7 1 1 2 2 2 7 13 6 
5 4 2 1 5 3 7 13 6 
2 3 3 2 1 4 3 8 13 6 
3 4 6 4 4 8 13 6 
3 4 7 3 4 9 13 6 
4 4 5 2 2 4 11 12 6 
4 5 3 4 2 5 12 12 6 
4 6 8 2 5 10 12 6 
5 6 7 2 5 8 4 11 6 
5 7 5 5 5 7 8 6 
6 6 9 5 3 11 11 6 
7 6 8 4 18 9 7 
7 4 7 5 18 9 7 
8 3 3 2 4 28 8 
8 2 5 1 4 27 9 
8 1 7 4 26 10 
11 5 4 24 12 
11 2 3 22 6 
10 3 20 
8 3 17 
5 3 14 
2 11 
9 
/
9 
11 
14 
6 10 
11 10 
15 9 
17 9 
8 8 8 
5 3 7 8 
2 8 6 8 
1 12 6 7 
3 2 3 4 6 6 
3 2 3 6 6 5 
3 2 3 7 9 
3 2 3 3 4 3 
7 1 10 
2 4 3 11 
2 1 1 1 12 
2 1 1 7 3 
3 2 2 2 3 3 
2 1 1 4 3 
1 3 2 1 3 8 
3 3 3 2 1 2 
3 6 3 1 3 2 5 
3 7 3 3 2 2 10 
7 3 4 2 12 
2 2 4 6 3 14 
3 2 3 5 6 7 2 
11 6 5 5 6 2 
2 8 7 3 4 9 1 
1 2 4 6 2 4 12 1 
2 5 3 2 5 1 4 15 
2 5 3 3 4 4 16 
2 5 3 4 4 4 4 12 
2 8 2 4 3 4 5 12 
2 8 3 7 1 4 5 13 
3 7 3 7 4 7 13 
2 6 4 7 1 10 13 
4 4 7 13 13 
11 5 14 13 
19 14 13 
14 2 14 13 
15 3 11 13 
16 5 8 13 
15 9 2 12 
14 15 12 
14 18 8 
13 19 1 6 
6 3 20 8 
3 3 1 20 8 
7 29 
8 29 
8 28 
3 8 30 
5 9 28 1 
5 9 22 2 
14 5 17 3 
13 9 13 4 
10 11 6 
8 32 
6 32 
5 32 
5 33 
4 33 
33 
