#7.140 
#nonogram 2569

3 5 
5 7 
6 8 
10 2 1 4 
10 2 1 2 
5 5 1 2 
2 1 1 4 2 1 2 
2 1 5 1 3 
3 1 1 1 3 
2 2 1 3 
2 1 3 
3 6 
5 9 
5 12 
9 12 
23 
18 6 
17 1 6 
16 1 5 
16 6 
7 9 1 6 
5 4 3 1 2 2 
4 4 3 3 2 
4 4 2 4 1 
4 4 2 1 4 1 
4 3 2 1 2 1 4 1 
9 3 2 3 1 
8 2 1 4 
8 2 1 3 
8 2 3 
6 2 3 
6 2 1 2 1 3 
5 3 2 1 3 
6 2 4 3 
1 9 9 
1 8 9 
1 4 3 5 
2 8 3 
1 1 3 4 3 
1 4 6 
1 1 3 4 
2 1 2 
5 
3 
/
7 
12 
15 
18 
4 7 9 
6 7 8 1 
3 1 7 12 
4 5 6 13 5 
3 11 9 5 2 
3 14 2 2 2 
5 11 2 2 2 4 
8 10 2 1 2 2 
6 8 1 1 2 5 
7 7 1 3 3 
3 4 6 12 
2 8 6 5 
2 2 10 2 3 
3 5 8 1 
2 5 5 1 
3 5 4 
3 5 6 
3 4 2 8 
3 6 2 3 3 
4 2 7 2 4 2 
3 2 10 2 10 
5 17 6 
4 32 
13 5 15 
6 5 12 
4 1 
5 
