#7.157 
#nonogram 1350

3 2 1 
1 3 3 1 
1 3 1 2 
10 3 2 1 
17 3 3 1 
21 2 1 2 
23 2 2 1 
8 10 2 3 1 
6 1 8 2 4 
5 2 7 2 2 1 
5 10 7 1 3 1 
4 14 4 1 1 1 2 
3 14 4 2 1 2 1 
3 9 4 1 3 1 
2 1 10 4 1 2 2 
2 14 3 1 2 1 
2 14 3 1 2 1 
2 1 6 5 5 4 
2 5 5 5 1 
3 11 5 1 
2 1 1 10 5 1 
2 2 5 
3 1 1 1 1 6 
3 1 4 6 
4 1 7 8 
3 1 11 6 2 3 
4 1 7 7 
4 1 4 7 
5 1 1 6 
6 8 
17 7 
14 3 2 1 
9 8 2 1 
1 3 2 2 
4 2 1 
/
15 
19 
7 1 6 
6 5 
6 1 1 1 4 
5 3 
5 2 3 1 1 1 3 
4 7 3 
4 8 3 
5 9 1 3 
4 11 3 3 
4 13 1 3 
4 15 3 3 
4 7 2 5 3 
4 7 2 3 3 
4 11 5 4 
4 3 6 7 3 1 
7 3 6 5 4 1 
1 5 3 6 11 1 
1 4 3 6 1 3 1 
2 5 5 1 
1 6 6 1 
2 7 5 1 
1 8 6 1 
2 10 8 1 
1 23 1 
2 21 1 
1 3 14 1 
2 3 9 1 
2 13 1 
2 1 1 
2 1 1 
2 1 1 
2 2 
2 1 
1 1 1 1 2 1 1 
21 5 
2 2 5 2 3 1 3 1 
1 1 1 1 1 1 1 1 1 
18 1 5 
