#7.156 
#nonogram 2512

49 
45 
41 
39 5 
38 1 3 
37 2 3 3 
36 2 2 3 3 
36 1 1 5 
35 1 1 4 
35 1 1 3 3 
35 1 1 4 3 
12 20 1 2 3 3 
9 18 2 2 4 3 
5 5 15 2 6 3 
3 11 1 13 7 3 
2 2 9 4 10 3 3 
2 2 3 8 6 5 2 2 
1 1 6 6 8 4 3 
1 4 6 2 13 2 
3 2 3 5 1 2 10 3 
6 2 3 7 10 3 3 
6 2 1 10 5 3 
2 4 6 5 10 4 
6 4 4 10 4 
3 4 3 9 4 
4 6 5 
22 
18 
12 
6 
/
18 1 
17 3 
15 5 
14 2 4 
14 2 3 1 
13 1 1 6 
13 1 3 5 
13 1 4 3 
13 1 4 2 
12 2 4 
12 3 1 2 
12 4 2 2 
11 4 3 1 
11 4 3 1 
11 8 2 
12 6 3 
12 5 1 3 
12 3 3 2 
13 1 3 3 2 
13 1 2 3 2 
13 2 5 2 
14 2 5 2 
14 3 5 2 
14 2 1 2 2 
15 2 1 1 2 
15 2 2 3 
15 1 2 3 
16 1 1 1 3 
16 2 1 2 4 
16 2 1 3 4 
16 1 1 8 
17 3 8 
17 3 8 
17 3 8 
17 3 7 
8 5 2 8 
6 2 2 4 3 
5 5 6 2 
4 2 2 6 2 
3 2 4 2 6 3 
3 1 1 2 1 4 2 
2 1 1 4 2 
2 1 3 2 
2 1 1 2 4 2 
2 1 1 6 2 
1 1 1 6 2 
1 1 1 4 2 
1 2 1 2 
1 1 2 2 
2 1 3 
4 3 
6 4 
14 
10 
5 
