#7.154 
#nonogram 2018

1 1 1 1 1 2 1 
1 1 5 1 1 2 2 
1 5 2 3 2 1 1 
1 3 2 2 1 1 1 3 1 2 
1 3 2 2 1 2 6 1 1 
5 1 3 7 2 
3 1 5 16 
6 7 8 
6 8 7 
1 1 8 6 1 
7 6 4 5 1 
6 1 5 6 5 2 
6 1 2 11 3 4 
5 2 4 10 1 5 
6 1 1 3 10 6 
5 1 1 1 8 6 
6 1 1 3 1 6 7 
6 2 4 3 4 8 
6 1 2 6 2 9 
6 1 5 4 1 9 
7 6 2 7 2 
1 1 1 8 7 2 
2 6 1 9 6 1 
2 7 1 14 
1 2 4 1 1 4 8 
3 1 1 3 3 1 1 2 
3 3 1 2 1 2 1 1 
3 6 2 3 1 1 2 
3 10 1 1 2 1 1 
1 2 6 1 1 1 1 2 2 
/
2 2 
2 4 
9 
2 2 1 2 1 
1 
7 
2 9 3 
2 11 3 1 
3 11 3 3 
19 3 
3 3 1 5 3 4 
2 2 2 2 4 
2 1 1 3 3 1 1 4 
4 1 1 1 1 3 
6 1 1 1 
1 1 1 1 1 1 
6 2 2 3 
7 1 5 1 4 
1 1 2 1 1 2 2 
1 2 1 3 2 2 3 1 
1 2 1 5 1 1 5 2 
5 3 5 
4 4 2 2 4 
3 4 3 3 4 2 
4 4 3 4 
5 5 2 5 
2 13 1 6 
6 8 2 5 
1 2 9 1 2 1 
1 1 10 1 1 
8 6 8 
8 4 8 
1 10 2 9 2 
11 9 
11 15 
2 8 12 1 2 
2 1 4 10 2 1 1 
1 1 1 2 8 1 1 1 
1 1 2 11 1 1 1 
7 14 5 
