#7.159 
#nonogram 1415

2 9 
4 9 
2 16 9 
2 7 4 9 
5 2 4 9 
6 6 4 2 
4 5 3 3 1 
1 2 4 2 5 
2 3 2 5 2 5 
4 3 2 1 3 7 
1 3 2 2 3 2 7 
4 1 1 2 3 2 3 3 2 
4 3 3 3 4 1 2 2 1 1 
2 2 8 1 3 2 3 1 1 5 2 1 
2 2 5 1 7 1 3 1 4 2 1 
3 1 13 2 1 3 2 3 2 
1 2 1 1 2 2 2 1 1 3 3 3 1 
3 2 2 1 3 1 3 2 2 1 2 
2 2 1 7 1 3 3 1 1 1 
2 2 1 2 2 4 2 1 1 1 2 2 
1 2 3 1 3 6 2 1 1 4 2 
2 2 2 2 4 1 4 6 2 3 3 
1 2 8 2 1 4 2 6 4 3 
2 2 4 2 4 2 1 1 1 3 5 1 1 
2 1 2 6 4 1 1 2 2 2 1 1 
4 1 3 1 1 1 5 2 1 3 3 1 
5 2 4 2 3 1 1 2 1 1 2 
4 1 2 5 2 2 3 2 2 
2 1 2 2 2 4 1 5 2 2 2 
1 1 6 2 2 6 2 5 
3 4 4 7 3 3 1 
3 3 5 9 4 2 
7 4 5 9 
4 2 4 9 
4 2 9 
/
15 
7 3 1 5 
2 2 1 1 4 
7 8 
2 11 2 
3 5 3 
4 4 
12 5 
3 1 1 2 2 3 
3 3 1 4 1 6 
4 4 1 2 2 2 3 
1 2 1 1 1 3 2 3 
2 1 12 1 3 
1 1 2 2 2 2 3 2 1 
1 1 2 2 2 2 2 1 5 1 
1 1 14 4 1 
1 1 4 2 2 2 2 
2 1 3 2 4 
2 1 4 2 1 1 2 
2 1 3 3 1 3 2 2 
2 1 2 2 6 3 1 
2 2 4 8 3 1 
2 1 3 2 9 2 1 
3 4 2 8 6 
1 1 1 7 1 9 1 
1 1 7 2 2 2 1 2 2 
2 3 12 1 1 4 
2 1 2 4 2 2 5 
3 2 1 1 3 
4 5 6 4 4 
5 2 3 4 6 
7 1 2 4 
4 1 1 1 1 2 1 4 
4 2 4 
4 2 5 
6 6 
9 7 7 7 
9 4 4 7 
7 9 9 5 
6 7 4 3 3 4 
5 6 3 2 2 3 3 
5 5 3 6 2 3 
5 5 2 5 3 3 
6 5 4 4 
7 6 5 5 
