#7.15 
#nonogram 1915

5 11 
7 14 
9 7 3 
18 2 
18 1 
16 2 
23 
24 
19 4 
15 4 
15 4 
16 2 
17 2 
17 3 
17 2 
17 
17 
17 
17 
17 
18 
18 
18 
18 
18 
32 
33 
22 2 
18 1 
20 
22 
16 9 
15 8 
9 4 4 
11 3 
3 11 2 
1 10 1 
4 1 10 
18 
3 14 
2 14 
2 11 
13 
9 
2 7 
3 7 
6 6 
3 1 4 
2 
/
1 
2 
3 2 
1 3 2 
1 3 2 
1 1 1 1 
4 2 2 1 
5 5 
6 8 4 
24 
38 
41 
43 
45 
47 
48 
48 
33 9 4 
33 2 5 2 
34 3 
33 1 
32 
31 
30 
29 
7 20 
7 11 3 3 
4 3 3 3 
4 3 3 3 
4 2 3 2 
3 3 2 2 
3 3 2 2 
2 3 2 2 
2 2 2 2 
2 2 2 2 
2 2 2 1 
2 2 2 1 
2 2 2 2 
2 2 2 2 
3 4 3 2 
3 3 3 3 
3 2 3 
