#7.150 
#nonogram 1453

6 
10 
13 
6 5 
9 3 
3 4 3 3 
1 1 1 8 3 
1 4 2 10 4 
1 2 6 4 5 
1 1 11 5 1 
1 2 21 1 
1 1 6 14 2 
1 1 5 2 8 1 4 
1 1 2 5 3 15 
3 1 1 9 15 
6 1 5 2 17 
4 1 5 2 17 
1 3 27 
1 4 4 22 
5 1 26 
7 13 5 
3 2 11 8 2 
1 1 1 10 2 2 2 
1 1 10 1 2 2 1 
1 1 10 4 2 1 
1 1 9 8 1 1 
1 1 10 10 1 1 
2 1 2 7 1 8 2 
1 1 3 7 1 5 1 
1 1 2 8 5 1 2 1 
1 1 2 8 3 4 1 1 
2 4 7 2 2 3 1 
2 4 5 1 1 2 2 1 
8 6 1 2 2 
13 3 2 
4 7 3 
3 12 
4 4 3 
7 
/
1 
1 3 4 
3 5 3 1 
5 3 2 5 
3 3 1 2 2 
7 3 4 1 
3 2 3 8 
3 4 6 4 
2 3 7 6 
1 4 15 3 
1 3 18 2 
1 2 21 3 
1 1 24 2 
2 1 9 18 
1 2 7 21 
1 7 18 2 
8 11 5 2 
2 4 10 3 2 
3 7 5 1 3 1 
3 6 6 1 1 2 3 1 
2 4 6 1 3 4 2 1 
3 1 11 1 3 2 4 
2 2 11 1 3 1 2 4 
3 2 10 1 3 4 2 
2 2 10 1 5 2 2 2 
3 4 10 1 1 3 3 1 1 
3 4 10 1 3 3 1 2 
3 4 10 1 3 4 2 
3 3 10 1 3 2 2 
3 2 3 7 1 5 1 
4 1 12 1 3 2 
3 4 8 1 3 1 
4 4 10 2 2 
8 11 2 2 
6 10 2 2 2 
14 2 5 
