#7.160 
#nonogram 2484

3 
4 
7 
8 
8 
7 
3 4 
3 4 
9 
1 6 2 
1 7 2 
1 10 2 
3 10 2 
3 3 6 2 
3 3 9 
4 14 3 
3 3 8 4 2 7 
4 12 4 2 8 
5 11 4 3 8 
5 5 2 6 3 9 
3 1 5 7 3 9 
1 2 4 2 6 3 9 
2 1 5 3 1 2 4 9 
4 2 5 5 2 4 9 
5 1 4 3 5 5 8 
10 6 2 4 6 8 
5 2 9 3 13 8 
5 1 3 2 5 5 4 8 
5 2 4 9 5 4 8 
6 3 3 2 3 2 4 8 
6 2 4 3 6 4 8 
5 2 4 5 6 3 8 
2 1 5 3 3 4 3 8 
7 3 3 8 8 
9 3 4 1 8 
4 2 5 2 1 8 
3 6 1 2 1 8 
3 9 4 8 
2 6 1 3 9 
1 6 1 3 9 
6 3 9 
6 3 5 3 
7 3 2 3 
7 3 1 3 
7 2 8 
7 1 7 
5 2 
5 
4 
3 
/
3 2 
8 
10 
10 
10 
4 3 5 
7 2 
9 4 3 
8 3 1 7 
6 4 2 2 2 
1 8 
3 3 2 12 
25 
25 
5 12 3 
5 6 5 2 
2 3 7 3 7 
13 3 9 4 
17 3 6 4 
5 12 5 1 2 6 3 
4 11 6 15 
17 3 3 15 
10 7 2 2 4 1 11 
9 2 6 2 3 10 
17 6 3 13 
4 13 1 3 8 
6 2 2 3 
5 3 2 
4 2 2 
2 4 
6 
3 2 
3 3 
3 2 
3 3 
3 2 
9 5 
26 
18 8 
30 
1 1 
32 
28 2 
26 2 
26 2 
26 2 
25 3 
30 
28 
5 5 
