#7.167 
#nonogram 1385

13 2 5 4 6 2 
1 5 4 8 12 1 
16 7 13 2 
3 18 6 6 
2 15 3 11 
3 8 1 2 10 
11 1 5 3 11 
9 2 8 6 5 
9 12 15 
7 1 1 6 10 2 
1 10 11 15 
3 3 4 3 5 15 
2 3 3 4 2 2 2 2 3 
1 4 1 8 2 5 1 15 
1 2 3 7 2 3 8 5 
2 4 2 1 1 2 5 1 16 
4 2 2 2 1 4 1 1 2 3 1 9 
4 1 4 1 1 2 7 2 1 7 
5 2 1 3 2 4 3 1 1 1 
5 3 2 2 1 1 3 1 2 4 
6 1 2 2 1 6 1 2 4 
1 1 2 4 14 1 3 3 
1 1 2 3 2 2 6 1 2 1 
1 1 2 4 4 2 2 2 
1 2 2 3 1 7 2 2 
1 1 2 2 2 2 3 3 6 
1 3 1 2 2 2 2 2 6 1 
1 2 2 3 2 2 2 5 2 
1 2 8 1 2 6 3 
1 1 1 6 2 6 3 
1 1 2 3 3 2 12 
2 2 3 1 2 1 2 10 
1 4 2 2 2 8 3 
1 1 7 3 1 4 6 4 
1 1 12 5 3 6 
1 1 2 6 2 5 2 7 
2 2 3 1 10 9 
2 1 1 1 1 10 10 
2 1 3 2 3 11 
5 1 2 2 6 11 
6 1 1 5 1 10 
1 2 2 2 1 3 9 
2 1 3 3 1 2 7 6 
5 8 1 13 4 
1 4 1 1 3 2 6 1 
3 5 8 9 
2 3 1 1 2 2 8 
1 1 3 4 3 7 6 
2 1 1 1 1 1 3 1 4 7 1 
5 4 2 1 11 10 2 
/
10 7 11 17 
8 1 5 1 5 2 2 2 
3 5 1 7 1 2 4 2 1 1 1 
3 4 1 2 5 1 3 6 1 2 
4 5 5 16 3 5 1 
10 3 3 4 4 3 1 3 
10 1 3 1 1 5 1 3 1 1 
1 7 2 3 2 2 3 7 3 
1 7 3 1 2 1 1 2 2 2 1 1 1 
1 5 5 5 2 4 4 3 2 
1 5 1 4 1 7 2 5 1 
6 3 2 1 1 2 3 2 1 3 2 
5 2 9 4 2 3 2 1 1 1 
5 2 2 2 4 6 3 1 5 2 
5 1 3 4 2 5 1 2 1 1 4 
1 3 2 3 9 2 1 2 1 3 2 
2 3 5 4 2 3 2 2 1 1 2 
1 4 2 2 3 8 7 1 2 1 
5 6 3 4 2 1 5 1 1 
4 4 2 1 2 1 2 1 3 1 2 3 
3 1 1 1 2 2 3 4 2 2 1 2 2 1 
3 2 1 2 8 2 1 3 3 2 1 1 
2 2 1 1 1 1 4 1 4 2 2 2 
3 2 2 1 3 8 10 2 1 1 
2 3 2 3 10 1 6 2 2 1 
2 3 2 2 10 7 3 1 1 
1 3 3 5 1 2 5 1 3 
1 3 4 2 2 5 3 
2 1 3 4 4 3 
8 8 
5 5 1 
1 5 3 
3 5 4 4 1 
18 5 5 
17 5 5 
4 6 3 10 4 
3 5 3 14 4 
4 6 9 9 2 3 
15 8 4 2 
3 3 9 13 2 
3 3 4 1 2 5 6 1 
3 3 4 1 3 4 8 1 
7 4 1 3 14 
9 2 5 3 10 
1 7 2 5 4 2 12 
6 8 3 16 
1 16 3 4 11 1 
21 4 10 2 
