#7.161 
#nonogram 1496

3 3 4 
3 5 2 2 4 
5 5 1 3 4 
5 4 2 3 3 
12 4 4 
16 4 
2 11 4 1 2 
3 9 4 1 2 
5 13 1 2 
2 2 11 4 
2 4 10 3 
3 5 9 3 
3 2 3 8 3 
2 1 1 4 2 7 3 
4 1 3 2 8 2 3 
3 1 2 2 2 8 4 2 
2 2 1 3 3 14 2 
3 2 2 3 14 2 
3 1 1 1 3 4 12 2 
1 2 2 2 24 1 
3 1 1 1 9 12 3 
4 2 2 9 11 3 
3 1 2 22 3 
1 2 5 4 16 4 3 
2 8 2 1 9 6 4 4 
2 6 6 9 6 5 5 
7 4 23 6 1 
1 3 2 4 15 4 1 4 4 
2 4 2 5 17 4 2 2 3 
7 1 2 1 13 2 2 3 2 2 
2 4 3 1 11 2 2 4 3 3 
1 10 2 8 2 6 3 3 
2 6 1 2 2 4 1 7 3 
4 4 1 2 3 2 9 1 
2 4 1 2 3 1 11 2 
1 2 2 1 4 5 3 2 1 2 
1 2 2 1 5 5 2 2 2 
2 2 1 1 5 6 4 2 2 
2 1 2 2 6 6 9 2 2 
2 2 2 2 1 13 9 5 
2 2 2 1 12 3 5 1 3 
2 2 2 2 2 7 3 3 2 1 3 
4 2 2 3 1 3 
2 3 3 1 3 
3 1 3 
/
5 3 3 3 
9 3 3 3 
5 2 4 1 2 2 1 
3 1 2 3 3 2 2 3 3 
3 2 14 5 1 
5 2 14 3 
5 2 17 
6 4 8 1 
2 3 3 3 3 4 
3 3 2 2 1 6 
3 3 3 7 1 
3 6 4 4 
4 16 
4 5 3 1 
4 6 6 
5 1 2 8 
4 11 
1 4 9 
1 6 7 
1 8 3 
11 3 
13 4 
14 4 
14 4 
15 5 
15 4 
16 5 
5 2 6 5 4 
8 2 6 6 4 2 
9 2 4 8 1 3 4 
11 2 4 8 1 1 3 3 1 
10 1 16 2 3 2 
9 4 8 2 1 3 2 3 
28 2 3 7 
25 2 2 4 4 2 
24 5 4 3 1 
23 5 6 5 
2 3 19 8 7 
3 29 3 2 
3 6 3 11 6 2 1 
2 5 9 4 3 
1 6 7 5 4 
7 7 7 2 
4 2 2 4 3 
2 5 2 
2 4 2 1 9 
3 6 8 2 5 
6 6 4 2 2 6 
19 2 2 2 11 
20 3 1 12 
