#7.164 
#nonogram 1338

18 2 11 
16 3 11 
15 4 11 
13 1 3 9 
12 1 6 8 
11 1 3 1 4 
12 4 4 2 
1 1 3 2 
1 1 7 2 
1 1 3 1 6 
5 1 3 4 4 
8 1 11 3 
7 2 17 
5 3 1 14 
2 5 4 8 
12 9 3 
25 3 
8 2 2 13 3 
6 1 3 6 5 
3 2 1 2 3 5 
1 1 1 10 2 
1 16 
2 2 11 2 4 
2 1 13 2 3 
1 3 14 2 3 
1 15 2 2 
1 8 6 4 
1 6 11 
1 3 10 
1 1 2 7 
2 1 7 3 
3 1 1 6 5 
4 1 2 3 6 
5 1 6 
2 3 2 4 
3 3 4 2 
4 2 7 
3 1 1 3 
3 1 1 1 
3 5 1 
2 2 1 1 
6 1 
15 
4 
3 
/
2 12 
4 12 
1 5 3 5 2 
3 8 3 1 4 
5 8 3 5 
10 3 8 9 3 4 
7 4 3 1 1 3 4 
7 4 3 1 1 1 
7 3 3 2 1 1 
7 3 4 1 1 1 
7 2 6 1 1 1 
7 6 1 1 1 
7 7 1 3 3 1 
7 4 1 1 4 2 4 1 
7 1 2 8 2 2 1 
7 3 12 1 2 1 
4 4 6 8 2 2 2 1 
3 2 2 7 7 6 2 3 
2 1 1 5 8 10 
1 1 1 5 7 9 
13 4 7 4 
14 4 6 3 
14 3 11 
1 1 1 3 3 12 
3 1 1 3 2 10 1 
3 1 1 5 2 9 2 
4 1 1 5 2 2 6 1 
5 1 7 2 3 4 1 
5 1 6 1 4 2 1 
5 1 1 6 2 1 5 2 
5 1 1 4 1 2 2 3 1 
6 1 2 3 1 1 3 2 1 
6 8 1 2 5 1 
7 6 1 2 4 1 
7 4 1 1 
