#7.168 
#nonogram 1521

16 2 
4 9 5 2 
2 3 7 9 2 
2 5 4 2 3 9 2 
1 3 2 3 1 1 9 2 
1 1 1 2 2 2 6 2 1 
1 2 1 4 6 1 2 
2 3 1 4 6 2 
2 2 1 2 2 8 2 
4 3 1 6 8 2 
8 1 2 3 6 1 
4 1 1 4 1 5 2 
1 2 2 1 6 4 1 1 1 
2 1 3 1 2 11 
25 1 9 2 
9 4 3 1 1 7 
6 3 2 2 1 3 4 1 
2 4 2 2 5 3 2 3 
3 2 1 2 1 13 
4 1 3 4 2 2 3 7 1 1 
8 1 3 4 1 1 6 2 
8 3 4 2 9 3 
7 3 4 10 2 
16 1 7 1 2 
18 6 2 2 
17 8 2 2 
16 2 11 2 1 
6 12 12 3 1 
4 10 1 15 
3 10 17 
1 11 14 2 1 
1 13 15 2 
1 29 2 
28 3 
20 8 3 
18 9 
5 10 8 
4 8 2 2 
3 4 2 
1 
/
10 2 
4 4 3 3 
2 2 3 2 3 1 
2 2 4 2 1 3 
1 3 2 2 2 3 
1 2 2 3 2 5 
1 2 1 2 3 5 
2 2 3 2 8 
2 2 2 2 8 5 
4 3 2 15 
9 1 17 
8 3 19 
5 4 1 18 
3 1 2 20 
5 4 16 
4 1 3 15 
1 20 
1 20 
1 1 3 5 8 
1 1 1 7 7 
4 6 1 8 
14 7 
10 1 1 9 
1 2 1 10 
10 11 
3 1 4 12 
3 5 1 3 12 
1 7 1 3 1 12 
2 3 1 2 1 3 1 11 
1 8 1 2 2 12 
3 5 2 4 13 
5 9 14 
8 17 
23 11 
23 10 
22 11 
15 5 2 7 
2 6 3 6 4 5 
2 3 4 3 1 8 2 1 
2 2 3 1 1 4 1 2 
2 1 2 1 4 
3 1 2 5 
3 1 1 7 5 1 
5 4 4 3 5 3 
4 1 3 1 3 4 
