#7.166 
#nonogram 1410

13 3 
9 2 
1 2 7 2 1 
3 2 22 1 1 
2 2 3 7 10 
4 7 7 8 
3 3 7 21 1 
8 9 7 4 
9 9 4 4 
10 11 3 1 2 1 
2 2 16 5 2 1 
4 7 7 3 2 1 
2 3 9 2 2 4 
2 1 10 2 3 
1 1 2 13 2 3 
1 2 16 1 2 2 
3 18 2 2 2 
1 4 21 1 1 4 
5 5 17 3 6 
5 4 12 1 13 1 
4 4 3 3 4 2 2 1 1 
3 4 4 5 4 1 1 
4 4 6 2 7 3 
5 4 4 5 9 
3 3 6 4 9 7 
2 4 4 2 6 10 1 2 
6 4 2 2 8 7 2 
5 3 2 3 10 4 
4 2 9 15 1 1 
2 8 11 1 1 
/
6 3 2 
7 4 5 
2 7 5 6 
1 2 7 3 2 3 
2 4 9 2 2 1 
1 6 3 2 2 2 
5 3 2 2 2 
3 2 1 5 1 1 
3 2 2 1 1 
4 2 1 2 4 
3 3 1 1 1 2 
1 3 3 1 2 2 
2 4 4 1 2 1 
8 6 1 2 
7 8 1 2 
8 10 1 
7 13 1 
14 6 1 
15 5 
1 14 2 2 
1 13 2 1 
1 13 1 2 1 
3 11 2 2 
3 14 2 
3 12 1 
3 12 
3 4 4 
3 1 5 2 1 
3 1 4 1 1 
1 3 5 2 
1 3 2 2 2 
1 3 2 2 1 3 
1 3 1 3 1 3 
1 1 3 3 5 
1 1 3 3 5 
1 1 3 3 1 2 3 
1 1 1 3 2 2 3 
2 2 1 4 2 1 2 3 
2 2 1 3 2 1 2 3 
2 2 1 5 1 1 2 2 
2 4 3 1 1 2 2 2 
2 4 1 1 1 2 2 2 
2 3 1 1 2 2 2 
2 3 1 1 3 1 2 
2 3 4 2 1 2 
3 3 2 4 2 1 2 
18 6 
2 10 8 3 
4 2 7 6 
1 7 6 6 
