#7.165 
#nonogram 1805

32 3 
32 3 
31 4 
31 5 
30 1 4 
30 2 3 
29 1 3 
29 2 4 1 
28 1 4 1 
28 2 5 1 
27 1 5 2 
27 2 11 
26 1 7 2 
26 2 7 2 
25 1 6 2 
25 9 5 2 
5 11 3 4 2 
3 2 8 1 2 2 2 
2 3 5 1 2 1 2 
1 4 2 3 1 2 1 2 
2 5 3 2 1 2 1 2 
2 3 3 1 2 1 2 
2 1 1 3 3 1 2 1 2 
2 1 2 3 3 2 1 2 
2 4 3 3 3 2 1 2 
3 8 3 7 3 2 
4 5 1 1 3 1 7 2 2 
4 3 1 1 3 3 3 1 2 
4 1 2 1 3 15 4 2 
4 6 2 1 3 17 1 2 
5 8 2 5 13 2 3 
27 9 5 3 
27 4 8 3 
16 7 12 3 
8 1 14 1 3 
17 2 3 
14 4 3 
13 6 3 
19 3 
19 3 
18 3 
18 2 
17 2 
16 2 
14 2 
13 2 
11 2 
9 2 
6 
4 
/
20 9 
19 11 
18 2 8 
17 2 8 
17 1 4 
16 1 4 
16 2 4 
16 1 4 
16 1 4 
16 1 5 5 
16 1 2 4 6 
16 3 6 6 
16 1 5 6 
17 1 2 5 
17 1 5 
18 9 
18 2 4 
19 1 2 3 
19 1 8 
19 3 
19 1 2 2 
19 3 2 
18 6 3 
17 1 13 
16 2 12 
14 2 9 1 
12 1 4 3 
10 1 2 3 3 5 
8 3 1 5 2 7 
6 3 1 2 1 5 1 9 
4 3 1 1 1 5 12 
2 3 1 4 5 14 
3 1 3 5 16 
3 1 3 5 16 
4 8 2 4 17 
5 2 2 4 17 
6 2 1 4 16 
6 2 6 16 
6 2 4 16 
6 2 4 5 10 
7 2 3 4 10 
7 2 2 5 10 
7 2 1 4 10 
7 2 2 4 9 
6 2 1 4 9 
7 2 1 13 
19 
1 11 
38 
41 
