#7.17 
#nonogram 2316

3 4 2 
2 2 16 3 
4 18 
4 3 18 
3 4 14 
1 2 2 11 
1 4 8 
1 2 5 1 
2 2 3 4 2 
2 2 1 18 
1 4 19 
2 3 17 
2 14 
1 2 13 1 
7 12 1 
20 1 
20 1 
20 1 1 
20 1 1 
21 1 
23 
25 2 
27 2 
29 
28 
28 
26 
22 1 
20 2 1 
17 4 1 
16 5 1 
14 1 
12 1 1 
9 1 1 1 
7 2 1 1 1 
3 4 1 1 1 
4 3 1 1 
2 5 1 
1 4 2 1 
3 4 1 
1 4 3 
4 5 
4 5 
2 6 
5 
/
5 
10 
3 5 1 12 
5 2 2 13 
4 1 16 
2 18 
1 2 2 18 
1 3 4 19 
1 2 1 1 2 19 
1 4 3 20 
1 3 1 20 
1 2 23 
4 2 26 
6 27 
34 1 
34 2 
34 4 
33 3 
8 24 2 2 
7 23 1 4 
6 7 12 4 
5 6 10 3 2 
5 6 9 1 2 4 
5 5 8 1 1 5 
4 4 7 2 5 
4 4 7 2 3 3 2 
3 3 5 3 1 4 
2 3 5 2 5 
3 3 3 4 5 5 
4 3 5 5 
2 4 6 3 13 3 
