#7.172 
#nonogram 1097

1 1 15 
2 2 15 
4 8 15 
6 3 4 15 
11 4 6 8 
11 2 6 8 
4 5 2 5 7 
4 1 3 2 4 1 7 
5 2 4 2 4 1 1 5 
5 2 5 3 3 1 4 
4 4 6 3 1 1 4 
4 15 2 3 1 4 
4 16 1 3 2 4 
4 16 1 5 1 
4 1 11 3 5 
7 10 3 2 3 
7 9 6 1 3 2 1 
7 8 10 2 1 1 2 
8 8 14 2 3 
18 13 1 2 
29 1 1 1 
27 2 2 2 
26 3 5 
23 4 5 
21 8 1 
20 6 2 1 
18 8 3 2 
14 1 9 2 
12 11 3 
12 2 1 13 3 
32 4 
32 4 
32 4 
32 4 
7 23 4 
7 20 2 4 
7 20 1 5 
7 1 1 2 11 5 
7 2 1 2 1 3 6 
7 2 1 2 1 7 
11 2 9 
7 8 1 10 
9 4 10 
10 15 
10 15 
9 15 
7 15 
5 15 
4 15 
3 15 
/
2 
3 
7 
7 
9 8 
12 7 
16 6 
17 6 
10 6 6 
5 7 5 
4 3 9 5 
4 2 6 6 
4 6 7 
3 24 
4 22 
6 22 
8 23 
1 3 22 1 
1 4 22 2 
1 28 1 
1 26 1 
1 28 1 
2 26 1 
1 27 1 
1 7 17 1 
2 6 8 8 2 
1 6 10 7 2 
1 6 10 11 
2 6 10 10 
2 5 11 7 
2 5 12 9 
7 11 10 
6 11 9 
4 9 13 
3 8 12 
11 2 6 12 8 
12 6 1 13 8 
14 2 14 9 
9 2 17 8 
7 5 2 20 7 
6 7 18 9 
4 10 2 12 10 
6 6 13 10 
9 3 2 9 11 
8 2 2 2 5 12 
9 6 14 
13 8 1 20 
13 1 2 2 22 
14 2 2 24 
13 2 2 25 
