#7.179 
#nonogram 1640

1 3 7 
3 3 10 
5 2 8 3 
1 4 3 7 6 
3 4 2 7 2 3 
5 3 2 5 3 3 
6 2 2 2 6 
1 4 5 3 4 
4 3 5 3 4 
7 2 1 2 3 2 
2 3 1 2 3 5 
1 2 1 5 3 6 
5 3 3 3 5 
7 4 5 3 
8 8 
3 3 4 
2 4 7 
1 4 4 3 
7 6 
8 3 
9 
9 
11 
11 
12 1 
12 1 
13 1 
10 2 3 
11 5 
8 3 3 
8 2 
9 3 
9 7 
9 1 5 
11 2 
8 2 3 1 
7 3 3 2 
7 4 6 
8 1 3 3 
10 
11 
3 7 
2 5 2 
2 5 1 
1 6 1 
1 7 1 1 
1 3 1 1 2 2 
1 3 1 2 2 1 
1 3 2 2 2 2 
3 1 3 3 2 
2 2 4 4 2 
3 2 6 2 
3 2 3 
1 1 5 4 
1 1 6 
1 
1 
/
10 
3 5 8 18 
4 5 24 6 
2 2 5 24 9 
3 2 4 38 
4 2 3 33 
1 4 2 4 29 
3 3 2 4 18 11 
4 3 2 21 7 3 
5 3 2 2 10 12 3 2 
4 10 10 4 3 3 2 
2 4 5 2 5 5 3 2 3 2 
4 4 2 4 2 4 6 2 2 1 
5 6 3 2 3 2 2 1 2 2 
6 2 1 1 2 2 1 2 2 2 
2 6 3 3 2 2 3 1 2 
5 4 2 3 3 2 2 1 1 
7 2 2 2 2 2 2 2 2 
7 1 1 1 2 1 2 2 2 
6 2 2 1 2 2 1 
6 1 2 2 2 
6 1 2 2 1 
4 1 2 2 
2 3 2 2 
1 6 2 2 
9 2 
2 1 4 3 
3 2 4 2 
3 2 3 1 
3 2 4 
1 3 3 
2 3 
