#7.177 
#nonogram 2572

6 
10 
4 3 
3 3 2 
2 5 2 
3 2 1 2 
3 2 2 
7 3 3 3 
12 3 8 
14 3 5 
16 4 
21 4 
7 11 7 
6 12 3 2 
7 12 2 2 
8 10 2 1 2 
21 4 2 
5 14 2 3 
4 15 3 
3 16 4 
4 21 
25 
20 
18 
16 
14 
7 2 
5 2 5 
5 3 7 
5 2 3 2 
5 2 2 2 
4 2 2 1 2 
4 3 4 2 
3 2 2 2 
3 3 2 2 
3 5 2 3 
2 2 2 4 3 
2 1 2 9 
3 2 6 
4 3 
9 
7 
/
5 
9 
12 
14 
10 4 
9 4 
9 1 4 
6 2 2 5 6 
5 10 9 
5 1 10 6 4 
5 2 10 5 3 
20 5 2 
25 3 2 
24 3 2 
22 2 3 
21 8 
19 6 
17 
15 5 
25 
22 5 
9 7 3 
9 3 2 
5 3 2 3 3 
3 5 2 5 2 
2 3 2 2 3 2 2 
3 3 2 2 3 2 2 2 
2 5 2 2 2 2 2 2 
2 2 2 2 3 2 3 
2 2 2 2 3 3 3 
2 2 2 7 9 
2 2 2 4 6 
2 2 
2 3 
7 
5 
