#7.176 
#nonogram 2491

2 6 6 5 
3 6 5 4 
6 6 6 5 
7 6 6 5 
8 6 5 4 
6 2 6 6 5 
9 6 6 5 
9 6 6 5 
10 6 6 5 
9 6 6 5 
11 7 6 5 
12 7 7 5 
13 7 6 5 
13 7 6 5 
14 7 7 5 
11 2 7 6 6 
12 2 8 7 6 
12 1 7 7 5 
12 8 7 6 
12 7 7 5 
12 8 7 6 
2 10 8 7 5 
1 10 8 7 5 
1 10 9 7 5 
9 9 7 5 
10 9 7 4 
9 9 7 4 
9 9 7 3 
10 9 6 3 
9 10 7 3 
9 9 6 2 
9 9 6 2 
9 3 10 7 2 
11 10 6 2 
7 10 6 2 
3 10 6 1 
2 10 6 
3 10 6 
2 11 6 
2 10 5 
3 10 6 
3 11 6 
3 10 5 
4 12 5 
19 5 
18 5 
16 5 
15 4 
13 4 
8 
/
5 
6 
7 
13 
16 
19 
23 
25 
27 
28 
29 
31 
17 12 
3 9 9 
7 8 7 
5 5 6 
4 5 5 
2 4 8 
3 9 
4 1 6 
8 5 6 
15 6 6 
19 3 3 6 
21 2 1 7 
24 1 7 
26 9 
6 20 12 
2 36 
33 
7 31 
13 29 
17 27 
19 24 
21 22 1 
22 19 1 
4 13 13 2 
1 12 7 3 
5 12 3 
11 13 5 
16 14 7 
17 26 
19 24 
4 11 21 
1 9 17 
9 13 
9 7 
9 
10 
14 
11 
