#7.170 
#nonogram 1408

2 2 3 
2 2 1 2 
1 1 1 1 2 2 
2 1 5 2 
4 1 5 1 2 2 
3 1 8 1 2 1 
7 12 2 1 
3 3 15 2 
2 4 17 2 
2 2 19 2 
5 20 2 
5 21 2 
6 10 13 1 
7 11 4 7 1 
21 4 2 6 2 1 
18 4 4 6 4 
15 9 5 4 
10 12 4 4 
4 4 6 4 4 
3 2 4 3 5 
3 3 3 2 2 5 
2 1 3 2 2 3 3 1 
2 2 2 2 1 2 3 1 
1 2 3 2 3 3 1 
2 4 2 4 4 2 
4 3 3 1 2 3 2 
3 7 1 5 3 
4 2 2 2 1 5 3 
4 1 6 5 3 
3 2 2 5 1 5 3 1 
1 3 3 2 2 4 3 1 
3 4 2 4 5 1 1 
3 2 3 3 1 6 1 2 
4 2 2 8 2 2 
4 2 2 1 7 2 2 
4 2 1 1 6 2 2 
4 1 2 6 5 
1 1 1 1 5 6 5 
3 3 2 6 3 1 
2 4 2 7 3 
2 3 3 6 3 
1 1 1 3 7 4 1 
2 2 2 1 5 1 4 1 
6 1 5 1 2 1 2 
2 2 1 4 3 1 1 2 
2 3 4 4 2 
3 3 6 1 1 
5 4 3 2 1 
3 4 2 2 1 
1 4 1 2 1 
5 1 1 2 
3 1 1 2 2 
1 3 2 
3 1 
3 1 
/
6 
10 
4 6 
3 1 7 
1 11 
2 4 6 
1 3 5 
1 2 5 
1 2 5 
2 5 
5 
5 
4 
5 
5 
4 2 
5 3 2 4 
5 13 3 
5 7 13 
5 2 6 4 1 3 
5 1 2 1 3 1 3 
6 2 3 3 3 1 1 
5 11 2 2 2 2 
6 4 4 7 9 
5 4 2 2 2 2 3 6 2 
6 5 3 2 2 2 1 1 7 
5 4 2 3 3 1 5 2 2 
6 5 2 4 3 3 1 3 3 1 
9 4 8 4 6 4 2 
9 4 4 6 3 4 1 
17 4 4 5 1 
9 7 5 3 6 2 
9 5 1 2 2 2 7 2 
10 9 13 2 
12 1 19 3 
3 15 1 16 4 
2 42 3 
3 34 4 2 
1 1 15 7 5 4 5 4 
4 4 5 1 8 3 3 
4 1 5 5 10 2 
9 26 4 6 
1 25 2 3 
5 6 7 3 5 
7 10 8 12 
