#7.183 
#nonogram 1215

1 1 1 2 2 13 
1 2 2 1 1 16 
4 1 1 1 7 18 
3 1 1 2 1 33 
4 5 3 5 39 
14 13 39 
11 12 39 
1 9 11 39 
3 7 11 30 9 
4 5 10 30 9 
8 9 31 9 
1 11 8 30 9 
16 8 30 10 
16 7 30 11 
16 7 31 11 
1 15 5 30 11 
1 2 12 4 32 12 
1 1 10 3 33 12 
3 2 10 1 34 12 
3 4 5 36 12 
5 2 38 12 
8 8 37 12 
9 1 7 37 13 
9 4 6 37 13 
9 10 38 14 
8 8 38 12 1 
3 7 30 7 10 1 
5 29 5 8 1 
6 36 2 6 1 
4 2 31 3 2 
3 2 28 4 5 
7 3 5 15 2 5 5 
6 4 1 2 11 7 10 
5 7 1 9 5 12 
5 6 3 6 4 13 
5 6 1 2 3 3 3 14 
4 8 1 1 1 7 3 16 
4 11 1 1 7 3 17 
4 11 1 1 6 4 17 
4 1 8 1 1 6 4 17 
4 1 11 1 1 7 5 19 
5 5 1 2 7 5 19 
7 2 1 1 2 4 4 20 
7 1 1 3 2 6 6 15 
2 2 1 3 7 2 9 3 3 15 
3 6 14 1 10 3 3 14 
1 4 1 29 3 2 14 
1 7 13 5 2 14 
6 1 5 6 6 7 2 15 
9 8 10 9 1 15 
13 10 26 2 16 
25 26 2 9 
24 26 1 5 6 
22 28 12 
19 28 17 
/
10 3 14 9 
8 3 14 7 
8 3 13 1 7 
6 3 13 1 7 
3 2 6 2 5 3 1 7 
2 3 6 1 3 5 5 7 
2 2 2 6 2 6 4 6 
4 1 4 1 6 2 10 1 6 
2 2 4 1 3 2 14 6 
2 1 4 1 1 1 13 1 5 
2 3 1 4 5 1 12 1 5 
3 2 1 5 4 2 11 1 5 
2 6 4 3 2 5 3 5 
3 8 4 3 6 1 1 4 
3 9 3 3 4 1 1 4 
4 10 6 4 3 1 1 1 5 
5 10 5 4 1 1 1 6 
16 5 7 6 2 7 
16 4 6 1 7 
16 4 6 2 1 6 
15 3 5 1 2 6 
12 3 6 2 2 6 
2 8 2 7 2 2 4 
6 8 7 2 4 1 
15 12 2 2 2 1 
2 13 12 1 3 1 2 
3 13 13 1 3 7 
12 14 3 7 
11 16 3 7 
10 18 3 7 
11 19 3 7 
9 20 3 6 
7 22 3 6 
6 24 1 3 6 
4 25 1 2 6 
26 2 6 6 
31 9 2 5 
1 29 8 3 5 
3 28 7 3 5 
27 6 3 5 
26 6 4 5 
26 6 4 5 
26 1 2 5 5 
26 1 4 5 
25 1 4 6 
26 2 4 6 
25 2 4 7 
25 3 4 7 
25 3 4 7 
24 4 5 8 
24 3 5 8 
24 2 4 8 
1 24 1 3 6 1 
2 24 1 4 5 
25 2 4 3 3 
25 1 2 2 4 
25 1 2 9 
27 1 8 1 
27 2 9 1 1 
24 1 7 3 1 
22 3 1 9 5 1 
20 7 18 1 
15 8 18 1 
12 14 19 2 
11 16 19 2 
8 17 20 2 
28 20 2 
28 20 2 
27 19 2 
27 19 3 
26 21 3 
26 21 3 
26 21 3 
25 22 3 
51 3 
