#7.181 
#nonogram 2314

6 7 
12 7 
20 15 7 
20 19 7 
5 22 7 
6 25 7 
18 26 6 
18 5 17 3 
5 5 15 3 2 
16 4 8 3 12 2 
16 4 2 1 2 1 11 2 
4 8 2 3 8 2 
4 1 3 5 2 9 1 
16 3 2 1 3 2 17 1 
15 4 14 16 
15 3 5 5 1 10 
3 3 4 5 2 3 3 2 1 
3 5 4 3 2 5 3 1 
15 3 2 4 2 2 1 2 5 3 3 
15 3 3 2 2 3 3 5 2 4 
16 3 2 5 5 3 4 2 4 
3 1 2 4 1 2 5 3 5 
3 7 6 2 5 3 5 
16 3 1 1 3 3 2 5 3 5 
16 4 5 6 2 5 3 5 
14 4 2 6 3 3 5 3 5 
4 2 5 2 3 5 2 5 
4 4 6 2 4 3 5 
3 1 2 4 9 2 5 4 5 
2 10 5 2 2 5 5 4 
2 7 10 5 2 5 5 4 
2 2 10 6 1 5 4 5 
2 2 8 5 1 5 3 5 
3 1 2 2 5 5 3 6 
1 1 1 1 2 4 2 2 6 5 2 6 
1 1 2 1 2 7 2 1 4 3 5 
2 1 1 2 1 7 2 3 5 5 
1 1 2 2 1 2 2 1 14 4 
1 2 2 1 8 2 2 1 14 4 
3 4 1 8 1 3 10 2 4 
3 7 1 2 2 10 5 
3 7 1 2 13 7 
2 3 2 6 3 6 7 
2 4 2 5 4 3 
2 2 2 2 2 13 2 
5 2 3 2 1 6 3 
13 2 3 2 2 2 7 
4 2 1 2 3 1 7 
2 2 2 3 2 7 
5 2 4 2 9 2 7 
14 2 5 2 2 4 2 6 
12 9 1 1 4 4 5 1 
6 1 6 3 11 
10 12 3 8 
11 10 11 3 1 3 
14 10 2 6 3 2 7 
12 7 2 9 2 7 
10 2 9 1 7 
12 2 2 7 
15 11 2 1 7 
16 5 2 4 4 
7 11 3 
5 3 1 7 4 
23 4 7 
12 2 2 7 
/
2 3 2 3 3 3 2 3 2 2 2 2 
2 3 2 3 3 3 2 3 3 2 2 2 2 
2 3 2 3 3 3 1 1 9 2 2 2 2 
2 3 2 3 3 3 17 2 3 2 2 
2 3 2 3 3 3 6 2 3 3 2 2 
2 3 2 3 3 3 1 2 3 3 2 2 
2 2 2 3 3 3 1 1 2 3 3 2 2 
2 2 2 3 3 3 1 1 2 1 1 3 3 2 2 
2 2 2 3 3 3 1 1 1 2 1 1 3 3 2 2 
2 2 2 3 3 3 2 1 5 1 2 3 2 2 
2 2 2 3 3 3 2 8 2 2 3 2 2 
2 2 2 3 3 3 2 9 2 2 3 2 2 
2 2 2 3 3 3 2 4 3 2 1 2 2 1 
2 2 2 3 3 3 2 7 1 2 2 1 
3 2 2 3 3 2 17 2 1 
3 2 2 1 1 2 1 6 7 1 2 
3 2 1 2 2 1 9 2 
3 2 13 3 2 2 1 11 2 
3 19 3 2 2 2 9 2 
2 24 3 2 2 3 11 2 
10 8 3 2 2 3 12 1 
9 7 6 2 2 1 2 3 9 2 
8 8 5 4 8 2 4 3 5 2 
7 7 1 2 4 3 7 3 5 3 6 
7 2 2 2 3 1 2 3 3 3 3 3 
6 4 2 2 1 1 2 2 3 10 2 3 
7 2 6 3 7 3 19 2 
7 2 2 1 1 3 1 2 1 4 12 
7 2 1 2 1 2 1 2 1 9 2 
7 12 1 1 4 7 2 
10 5 3 8 2 2 2 
8 2 1 2 1 3 1 2 6 1 1 6 
7 4 5 1 1 2 2 5 3 1 2 6 
8 6 3 6 6 1 1 2 1 7 
9 2 2 2 6 6 1 2 2 1 7 
10 1 2 6 4 1 3 1 7 
8 2 4 6 1 6 1 7 
7 3 14 6 5 1 2 
6 1 2 11 6 8 6 
6 1 2 5 8 5 1 16 
7 2 15 5 3 9 3 
7 3 20 5 5 4 5 
11 20 5 2 3 4 2 
10 19 4 2 8 2 
11 10 6 2 3 2 
10 3 13 2 3 2 
9 18 1 3 1 
26 4 1 3 1 
6 17 4 4 2 1 4 2 5 1 2 
7 11 2 2 2 2 1 5 2 5 1 2 
7 3 3 8 6 3 1 5 2 5 2 
7 3 4 24 5 1 6 3 
8 4 26 6 1 11 
12 2 33 1 11 
14 36 11 
