#7.189 
#nonogram 1420

6 4 
12 5 
14 1 4 
17 1 5 
3 2 7 5 
1 11 2 
2 4 7 
1 8 3 
3 6 6 
3 8 3 
2 5 1 2 2 
3 3 1 3 
4 3 2 6 
6 2 2 7 
5 2 10 
2 3 10 
2 2 11 
2 3 2 1 6 
2 4 2 1 6 
2 4 2 4 
1 5 1 2 
2 4 5 2 
2 16 2 
4 16 2 1 
5 5 4 1 
7 2 4 1 1 1 
5 4 3 2 
4 3 1 5 3 
3 5 1 9 
3 5 2 9 
4 3 2 9 
2 2 12 
2 3 9 
2 3 8 
4 2 2 5 
3 2 1 4 
4 2 4 
4 2 2 
5 1 
3 1 
/
1 
3 
7 
4 4 
4 2 
6 1 2 
6 2 2 
7 7 4 2 
21 2 3 2 
3 2 9 4 2 4 
2 3 2 1 2 
3 2 1 2 
3 1 1 
3 2 
3 1 1 2 
4 1 2 1 2 2 
6 7 7 2 
6 3 11 4 
4 1 2 9 3 
4 2 2 6 1 
4 2 2 2 2 
6 2 4 
6 2 4 5 
5 3 4 6 
4 2 5 3 5 
3 2 8 3 4 
2 3 7 2 10 
1 2 5 3 15 
4 2 4 3 12 
2 3 9 4 11 
5 3 9 2 1 8 
5 1 1 9 1 3 5 
4 4 8 2 5 
4 4 11 6 
3 4 18 
