#7.180 
#nonogram 2274

18 12 3 
17 10 3 
14 8 3 
12 6 2 
9 1 4 1 2 
8 3 3 1 2 
6 3 3 1 1 
4 2 1 2 1 
3 3 1 1 1 
3 2 1 1 2 2 
2 6 2 1 1 2 
2 7 3 5 3 3 
8 4 2 3 5 
3 2 2 1 11 
2 2 3 3 3 8 
2 9 2 3 7 
2 3 1 2 4 2 6 
2 2 2 2 2 3 6 
1 2 2 1 1 2 5 
2 2 2 2 2 5 
2 1 3 2 3 5 
1 9 2 2 5 
1 2 2 2 4 
2 2 2 2 3 
4 3 3 2 5 
12 3 5 7 
5 12 1 9 
6 3 2 11 
7 4 7 
7 3 4 
4 1 1 2 3 2 
2 1 2 2 2 3 
1 2 2 13 2 
1 1 3 8 3 1 
2 7 2 
1 5 2 3 3 
1 4 1 6 6 
1 4 1 14 
1 5 2 13 
1 1 5 1 14 
3 8 2 13 
3 9 1 12 
4 10 13 
16 13 
18 12 
/
19 13 7 
18 9 5 
10 2 7 5 
8 1 7 3 3 
7 2 2 5 3 2 
7 9 1 6 4 
6 3 7 1 2 6 
6 2 2 4 2 1 1 5 
5 2 2 6 3 7 
4 2 4 1 3 14 
5 3 2 5 3 12 
4 1 2 1 2 1 2 11 
3 1 2 2 1 2 11 
3 2 2 1 2 2 3 5 
2 1 2 1 3 3 2 3 
2 3 3 5 3 3 2 
2 2 6 3 2 4 1 
1 2 2 4 2 1 2 3 1 
2 8 1 3 2 
1 2 4 1 5 
1 2 1 2 5 
2 1 1 3 1 3 1 
4 2 6 1 6 2 
5 2 3 1 1 9 
7 6 4 2 2 9 
14 8 1 3 9 
7 3 4 2 1 1 8 
4 2 2 2 1 1 8 
3 1 3 4 2 8 
3 3 5 4 1 9 
2 4 10 5 1 9 
11 6 9 
3 19 1 10 
6 24 10 
34 10 
