#7.18 
#nonogram 1639

1 
5 1 
13 2 
9 5 1 
2 5 2 1 1 
2 5 2 1 1 
2 5 2 1 1 
2 6 3 2 2 
2 4 13 2 
2 7 3 8 2 
6 6 7 2 
3 6 5 2 
3 6 5 2 
3 6 5 2 
3 6 6 2 
3 6 6 2 
3 9 6 3 
3 5 2 4 5 3 
5 2 4 5 3 
3 7 5 3 
3 7 5 2 
3 7 6 2 
1 1 8 5 1 2 
1 2 9 5 1 2 
1 1 1 9 7 2 
1 1 2 8 7 2 
1 1 11 6 2 
1 1 16 2 
1 1 4 11 2 
3 4 5 2 1 
3 7 5 1 
2 6 2 2 1 
2 6 2 2 1 
2 6 2 1 1 
2 6 2 2 
2 7 3 3 
1 18 
2 17 
1 16 
1 14 
2 14 
1 4 7 
2 4 7 
2 4 7 
6 7 1 
7 7 1 
7 7 2 
12 2 2 
10 4 1 
10 2 2 1 
4 2 2 1 1 
4 2 1 1 2 
4 2 1 2 2 
4 2 5 2 
6 5 2 
6 4 2 
1 7 1 
1 6 1 
6 1 
1 
/
19 
12 5 
28 
5 1 1 4 
2 1 2 1 2 
2 2 1 1 2 
2 2 1 2 3 
2 1 2 1 2 
1 2 2 2 2 4 
2 2 1 8 4 
46 
48 
6 7 35 
26 26 
39 13 
3 34 9 1 
2 1 14 6 3 3 1 
2 12 3 23 
2 26 27 
4 22 19 3 
2 21 2 15 3 
2 21 1 11 2 
1 3 15 1 22 
1 3 1 7 15 3 
1 3 4 3 3 1 3 
4 1 4 2 4 
3 2 4 6 
18 5 4 
22 10 
18 9 
