#7.185 
#nonogram 348

2 
4 
1 4 
6 
3 3 
4 1 
3 2 
3 3 
4 3 
5 3 
2 1 2 
2 1 4 8 
2 1 4 3 9 
11 7 9 
9 10 9 
9 4 4 9 8 
2 5 18 10 8 
6 6 5 4 10 6 
15 1 3 9 1 
5 7 6 2 3 
4 4 5 4 4 4 
3 7 6 9 4 
9 6 10 4 
7 17 4 
7 7 4 
10 
9 
8 
8 
7 
6 
5 
3 
3 
1 
/
1 
2 2 1 
2 2 2 
1 1 3 
2 3 3 
11 
1 7 
2 1 6 
2 6 
12 
3 4 1 
3 6 2 
3 5 6 
4 3 5 
1 3 2 5 
3 2 6 
7 6 
5 1 4 
3 1 4 
2 1 
2 3 
2 4 
3 4 
2 5 
1 5 
1 5 
4 4 
4 1 
4 4 
4 5 
1 4 
1 2 4 
6 4 
6 3 
7 1 
9 2 
9 3 
9 3 
1 7 4 
1 5 4 
1 4 5 
4 7 
6 10 
5 11 
6 11 
6 7 
6 12 
6 15 
6 15 
23 
