#7.19 
#nonogram 2455

6 4 
2 11 2 
2 4 3 14 1 
9 5 16 1 
8 26 
6 1 2 25 
1 4 1 9 15 
2 4 11 13 
1 5 13 12 
1 4 4 5 7 3 
1 2 2 3 3 4 1 2 
2 5 2 3 1 2 
1 1 2 4 4 1 1 
2 4 2 2 4 2 
1 4 1 2 1 1 
2 3 1 3 2 
2 3 2 2 2 
2 5 5 5 
2 3 1 4 3 9 
5 1 5 13 2 
4 2 5 3 
2 2 3 3 
2 2 4 
2 4 
2 3 
/
5 
3 3 
2 3 
6 2 
10 2 
12 2 
7 1 2 2 
3 9 2 2 
5 15 
4 9 
2 4 
4 5 
2 4 4 
2 5 
9 1 
8 2 1 
8 2 4 
6 2 5 
5 1 3 
6 5 
7 3 
7 1 
9 2 
5 3 1 
5 4 2 
7 4 1 
7 6 1 
8 3 1 
9 2 1 
10 2 1 
11 2 
10 3 
11 4 
1 9 6 
1 7 7 
2 6 3 5 2 
8 4 3 3 
5 1 5 
7 6 
7 4 
