#7.191 
#nonogram 2090

10 27 2 
10 22 3 7 1 
10 1 21 14 1 
9 1 17 3 2 5 1 
7 2 1 17 3 2 5 1 
6 3 3 1 14 2 12 2 
6 7 13 14 2 
5 6 2 6 4 4 5 3 
5 4 2 2 5 3 3 
4 3 3 2 5 2 5 8 3 
4 7 2 3 1 12 1 3 
3 5 3 3 2 1 12 1 2 1 1 
2 3 9 1 1 2 9 2 4 1 
1 3 4 9 1 1 2 9 1 6 1 
1 3 15 3 1 1 2 7 10 
5 16 2 2 2 4 4 3 
2 2 11 5 1 6 5 4 4 
4 3 16 1 2 4 4 3 2 3 
4 1 9 4 1 1 1 2 1 4 6 3 
5 3 5 3 3 1 10 3 7 2 
6 10 2 1 8 1 3 8 1 
6 12 2 3 2 2 8 
5 3 3 4 3 3 2 5 3 
5 2 2 1 7 2 4 2 1 
3 1 1 1 1 2 3 3 6 2 3 1 
3 1 1 1 6 3 1 13 1 3 1 
1 1 2 3 6 4 13 1 4 1 
1 2 5 4 4 12 1 4 1 
1 6 5 6 11 2 3 1 
1 2 4 7 5 10 1 3 1 
1 4 7 5 11 2 2 1 
2 4 8 6 9 1 1 
5 9 5 9 2 1 
3 10 6 10 1 1 
15 7 8 1 1 1 
2 12 7 7 2 1 1 
3 13 6 7 2 1 1 
7 8 6 7 1 2 1 
7 3 2 7 6 1 2 2 
6 2 1 6 8 2 2 
6 4 1 5 5 2 2 5 
3 3 1 2 5 3 3 5 
5 1 1 6 2 3 4 
3 3 1 4 3 4 2 1 
3 1 1 2 4 3 2 1 
3 1 10 3 3 1 
3 1 5 4 6 3 1 
1 5 10 5 
1 3 8 5 
1 3 5 1 3 
1 3 3 1 3 
1 4 2 1 3 
1 4 1 4 5 
1 9 5 
1 7 4 
1 4 4 
1 4 
1 4 
1 4 
1 4 
/
15 12 1 
13 10 1 2 1 
12 1 10 3 3 2 
11 3 7 5 4 
9 4 6 2 3 5 
7 4 3 2 6 6 
5 5 5 4 3 9 
4 6 3 1 1 6 6 2 
4 7 2 1 2 4 4 1 1 2 
3 4 2 7 6 5 7 
4 2 6 1 4 7 4 3 
1 3 2 2 9 4 9 2 4 
1 5 12 1 10 2 2 
3 2 1 12 4 10 2 
3 2 11 2 10 
3 10 14 
6 7 3 14 
5 11 41 
5 11 11 
6 5 1 3 7 
10 7 20 
11 26 
13 8 18 3 
12 6 2 16 6 
10 4 2 2 13 1 9 
8 3 2 2 1 2 1 2 1 7 4 
7 2 3 1 4 1 1 1 8 4 
7 1 4 2 2 19 3 3 
8 1 1 4 1 19 2 4 
8 1 4 3 1 18 1 3 
8 1 1 2 4 1 17 3 4 
8 3 2 1 3 1 15 6 4 
7 3 7 1 15 10 2 
3 4 6 2 12 12 1 
2 3 6 2 2 1 11 5 4 
1 12 3 2 10 1 3 
1 3 3 6 3 8 2 4 
1 2 3 8 5 1 4 3 
1 3 14 3 3 3 
2 3 13 1 3 3 
2 3 6 5 4 5 
2 3 1 4 1 1 3 6 
2 3 1 1 1 5 5 
2 3 1 1 8 4 
2 4 1 12 
7 4 9 
6 4 4 
6 4 6 
5 4 9 
4 4 9 
2 4 6 8 9 
4 5 12 8 
5 5 5 20 
6 4 5 13 
13 5 37 
