#7.194 
#nonogram 1310

28 
32 
35 
39 
42 
45 
47 
49 
50 
3 51 
1 39 13 
2 37 11 
4 37 11 
6 35 7 1 
7 35 1 5 
9 16 9 3 4 
11 11 2 2 7 4 5 1 
11 9 1 3 2 8 1 3 
12 6 1 4 1 7 2 2 
14 5 1 2 2 2 1 7 1 
14 4 2 2 1 1 3 5 2 
14 3 1 5 1 6 2 1 
15 2 4 2 2 8 1 1 
15 2 6 1 10 1 2 
15 1 4 1 1 14 1 
15 1 5 2 10 2 2 
15 1 5 5 1 8 2 2 
15 2 2 2 4 1 6 2 2 
15 1 2 3 2 2 1 4 2 4 1 
16 4 5 2 1 3 4 2 1 1 
11 1 7 1 3 6 1 1 
5 4 4 5 2 2 8 1 1 
9 1 2 3 2 9 10 1 2 1 
15 2 2 2 10 11 1 2 1 
15 1 5 4 2 11 2 2 2 
15 1 5 1 9 2 4 
15 1 4 1 1 9 3 2 1 
15 2 3 1 2 8 3 2 2 
14 2 7 1 7 5 3 
14 2 4 2 1 6 10 
14 4 7 2 6 11 
13 4 2 2 1 1 4 11 
12 5 1 2 2 1 4 12 
11 6 1 4 2 3 12 
11 9 1 4 1 2 12 
9 11 1 3 4 1 12 
8 17 7 2 12 
6 34 12 
5 34 10 
2 37 7 1 
2 39 5 1 
3 39 2 1 
40 2 
40 2 
40 3 
/
13 8 
14 10 
16 12 
17 13 
18 14 
18 15 
19 17 
19 17 
20 18 
22 19 
1 18 17 2 
2 15 15 1 
3 14 14 3 
6 11 11 4 
10 8 7 8 
14 3 13 
21 20 
18 3 3 17 
16 1 1 14 
15 1 1 13 
14 2 2 12 
13 2 1 2 11 
14 2 3 2 11 
13 1 5 1 10 
13 1 5 1 10 
13 1 5 1 9 
18 2 3 2 14 
14 3 2 1 2 4 9 
13 3 2 2 5 9 
25 3 21 
13 12 22 
13 2 1 6 5 1 1 3 8 
14 2 3 4 4 3 3 8 
14 9 2 8 8 
14 2 8 
14 2 8 
15 2 8 
15 2 8 
16 2 9 
16 4 9 
16 7 4 9 
17 4 1 4 10 
17 4 2 4 10 
20 3 2 12 
18 6 5 10 
17 8 9 8 
17 10 12 9 
15 2 8 16 6 
13 1 8 14 6 
11 2 6 13 5 
10 4 6 11 2 5 
11 6 5 10 4 4 
12 5 4 8 7 4 
13 5 3 7 9 3 
14 4 2 5 12 3 
15 4 1 14 2 
16 11 17 2 
17 3 6 19 1 
19 1 14 1 
17 13 13 
14 1 5 6 12 
13 2 4 1 11 1 
13 4 2 9 3 
11 2 3 7 8 6 
