#7.197 
#nonogram 1688

4 
2 8 
4 10 
5 2 4 
5 1 4 
6 3 3 
6 5 3 
6 5 3 
7 3 3 
1 10 4 
2 8 3 
3 7 5 
3 2 15 
3 1 3 3 7 4 
1 2 4 14 1 
4 2 16 1 
5 19 1 
11 3 5 2 
6 5 2 4 1 2 
3 8 1 3 1 2 
2 4 1 4 4 
3 2 2 1 4 
2 1 3 2 4 
2 1 2 2 4 
3 1 2 2 3 
2 4 1 2 2 3 
8 3 2 3 
4 7 1 4 
3 2 5 4 
3 5 4 4 
4 9 2 4 
5 2 1 3 
5 1 6 2 3 
5 1 8 2 3 
4 1 8 2 3 
3 1 9 1 3 
1 1 8 2 3 
1 1 8 3 2 
1 1 8 3 2 
1 1 8 5 1 
1 1 7 1 3 1 
4 7 1 3 1 
3 7 1 3 2 
3 7 3 2 
3 11 2 
3 6 3 2 
3 5 2 3 
2 4 2 
2 3 3 
1 3 
/
4 
2 4 
2 5 
1 8 
2 9 
1 2 5 
2 3 2 
1 2 2 4 
2 2 2 6 
2 2 2 9 
1 3 2 15 
1 3 1 8 3 
2 3 2 2 12 
1 3 2 2 4 6 
2 4 1 2 3 5 4 
2 4 1 2 3 10 3 
6 2 3 13 1 
5 4 2 2 16 
10 4 2 2 17 
15 1 5 2 1 18 
16 4 3 1 17 
17 7 1 15 
28 4 2 
15 4 4 3 
3 12 2 8 4 
3 2 2 7 8 1 4 10 
2 5 1 5 8 
3 4 2 4 2 
3 4 2 4 
3 2 3 10 8 
4 3 29 
4 4 19 
12 14 
10 10 
6 
