#7.195 
#nonogram 1504

4 
7 
8 
11 
1 8 
1 10 
11 1 
11 1 
12 1 
1 11 1 
3 2 8 1 
2 2 1 7 2 
1 2 1 1 7 2 
4 13 2 
1 7 9 2 
1 1 2 2 9 3 1 
5 2 2 8 3 2 
1 2 11 5 
1 9 7 7 
2 7 5 8 
8 4 7 
15 4 1 
21 1 
3 2 14 
2 1 12 
3 13 
3 1 13 
2 3 14 
2 4 5 4 
2 1 4 3 1 1 
3 2 3 2 
3 1 3 2 
1 1 1 2 3 3 
1 1 6 1 2 3 
2 12 2 
3 11 2 
3 1 3 2 1 3 
1 1 1 9 
2 2 4 3 
4 2 2 
5 3 2 2 1 
4 5 3 3 1 
3 5 2 1 2 
2 5 1 1 
2 3 2 2 1 
2 8 
2 1 8 
5 1 9 
5 5 3 
5 5 1 1 
13 2 3 
4 1 2 2 3 
2 2 4 
2 2 2 5 
2 4 7 
5 6 
8 
4 
2 
2 
1 
1 
/
5 
1 1 1 
1 2 2 14 
2 3 10 3 5 
16 2 2 7 
1 2 6 1 1 11 
1 1 1 1 5 2 5 5 
1 1 1 1 5 3 3 1 5 
3 3 6 5 2 6 
1 14 4 2 8 
8 1 8 2 4 3 3 2 
1 10 1 3 4 5 1 2 
2 5 6 2 1 5 5 1 1 
10 7 3 1 4 5 1 3 
28 4 3 3 4 
36 4 4 
31 2 1 3 1 1 
31 3 2 3 1 
19 8 1 7 6 3 
16 2 6 2 3 7 7 
11 10 3 2 4 6 
1 15 3 3 1 3 2 2 3 
23 1 3 3 2 3 3 
18 1 1 2 5 4 
4 11 3 13 
5 6 13 4 5 
2 2 1 1 2 7 4 5 
