#7.199 
#nonogram 1138

3 
1 1 
1 1 
1 1 
2 2 
1 1 
3 1 
4 2 
4 1 
3 4 1 
5 2 1 
6 4 2 
6 4 1 
6 1 2 2 
5 4 1 2 1 
5 3 7 4 3 1 
8 9 4 1 1 1 
3 3 9 4 5 
17 4 1 
12 1 2 3 
9 10 2 1 
9 14 2 
2 6 17 1 
2 4 7 4 2 
7 6 4 1 
4 3 6 8 2 1 
4 1 3 1 4 1 2 1 
5 7 1 2 4 3 
5 8 4 4 5 
6 7 2 5 5 
6 11 6 5 
5 5 3 2 5 
4 3 2 2 1 1 
2 1 4 1 1 
4 1 1 
2 
4 
4 
4 
3 
/
2 3 
4 5 
5 6 
6 6 
6 6 
5 6 
5 5 
4 5 4 
11 3 
6 2 6 
8 2 6 
2 8 7 
11 6 
9 6 
7 6 
5 5 1 
3 3 1 
4 9 
4 4 3 
4 4 1 
4 4 2 
5 4 2 
5 4 1 
5 3 2 
4 3 2 
2 3 1 
3 1 
3 1 
3 1 2 
3 1 4 
24 
2 4 4 4 2 
32 
34 
6 4 
5 4 3 4 4 
1 1 1 8 
5 5 5 9 
4 3 1 1 3 8 
5 3 4 
