#7.193 
#nonogram 1573

2 2 2 
1 2 2 1 2 2 
1 1 4 1 2 2 
2 2 5 1 1 2 
2 2 6 1 4 
2 1 2 4 1 5 
3 1 3 1 5 
2 1 3 2 4 
2 3 2 1 2 
1 2 2 1 2 
1 2 4 2 
1 2 4 1 
2 2 3 1 
1 2 2 1 1 
2 3 2 1 1 
4 2 1 1 
3 3 1 1 
2 3 1 1 
3 2 1 
2 3 2 1 
5 2 1 
5 3 
8 
8 
8 
8 
8 
8 
8 
8 
7 1 
9 
8 1 
10 
2 9 
1 7 2 
2 6 1 
2 7 1 
2 10 
2 8 1 1 
3 8 1 
4 8 1 
5 9 2 
5 10 2 
3 1 11 2 
2 2 11 1 
2 1 7 4 2 
1 2 6 4 2 
1 1 6 3 2 
1 1 5 3 3 
2 4 3 3 
2 3 2 2 
3 3 2 
3 3 
1 3 
/
4 6 
3 4 2 
3 3 6 
2 3 3 1 
4 5 5 
5 5 4 6 
2 4 3 3 8 
3 2 2 8 
3 3 2 8 
5 4 2 8 
8 6 2 8 
13 1 3 9 
7 2 3 9 
2 7 13 
35 
47 
54 
3 20 2 
2 18 
3 18 1 
7 17 1 2 3 2 
6 6 6 6 
8 3 9 
11 9 
16 6 
