#7.198 
#nonogram 1370

8 
4 4 
3 3 
9 13 3 
7 10 3 2 
1 2 7 5 2 
1 2 3 5 2 1 2 
1 2 1 2 1 3 1 2 
1 1 1 10 4 2 
3 1 5 7 2 
2 20 2 
2 20 2 
1 1 2 5 1 5 2 2 
1 3 1 1 3 3 1 1 3 2 2 
1 1 4 7 2 1 1 1 3 2 
2 3 3 3 4 1 2 3 2 
3 19 6 1 3 2 
2 20 6 1 5 2 
1 20 6 3 6 
1 3 3 3 3 3 3 6 
1 1 2 4 2 3 6 
2 1 3 4 6 
2 3 4 6 
3 1 5 2 
1 1 2 5 2 
1 2 1 5 2 
1 2 2 5 2 
1 2 2 5 2 
7 8 6 
5 3 3 5 6 
5 3 3 5 6 
5 4 5 5 6 
5 15 5 6 
1 5 5 5 5 2 
1 5 5 5 5 2 
1 5 5 5 5 2 
1 5 5 5 5 2 
1 5 5 5 5 2 
5 5 5 5 6 
5 5 5 5 6 
5 5 5 5 6 
5 5 5 5 6 
46 
/
12 25 
2 3 3 3 5 5 
2 3 3 3 5 5 
2 2 1 2 5 5 
4 2 2 7 5 
3 1 5 2 5 1 
2 2 6 2 5 1 
1 2 4 1 5 1 
2 1 3 2 5 1 
1 1 3 1 5 1 
2 1 3 3 5 
1 1 5 2 5 
1 1 6 2 5 
2 2 6 2 5 
1 1 3 1 5 
1 1 3 6 1 
1 1 3 6 1 
1 1 3 6 1 
1 1 3 6 1 
1 1 3 6 1 
2 2 4 2 5 
1 1 5 2 5 
1 1 5 2 5 
2 4 4 1 3 5 
1 1 3 2 3 5 
2 1 5 6 2 5 1 
1 1 6 5 1 1 5 1 
2 8 4 2 2 5 1 
3 6 8 2 5 1 
4 4 8 3 5 1 
6 2 7 3 5 5 
4 1 2 4 5 5 
4 1 13 5 5 
4 1 2 5 5 5 
3 1 2 5 5 5 
2 2 3 4 5 5 1 
2 1 4 3 5 5 1 
1 2 5 2 5 5 1 
2 6 1 5 5 1 
2 6 1 1 5 5 1 
2 4 2 5 5 5 
2 8 5 5 5 
10 5 5 5 
1 5 5 5 
40 
40 
