#7.20 
#nonogram 1678

2 6 
3 6 
3 4 
2 5 2 2 
3 6 4 
5 3 4 
6 4 2 
9 4 1 3 
12 5 2 3 
17 6 2 3 
20 3 3 3 
5 10 2 2 3 2 
6 5 5 1 3 2 
8 9 2 1 
6 11 2 1 
3 10 4 1 
11 6 
12 6 
15 7 
14 7 
8 2 7 
3 4 7 
3 5 7 
5 7 5 
5 2 5 
6 2 1 3 4 
7 4 4 
11 6 4 
18 2 
18 1 
9 1 
4 
/
4 1 
5 1 4 
6 2 7 
7 2 8 
9 3 8 
6 4 4 8 
8 3 4 7 
9 2 6 4 
8 7 1 3 
8 8 1 1 3 
7 7 1 1 3 
6 7 2 3 
6 6 2 1 3 
5 6 3 4 
4 5 3 5 
3 6 3 6 
3 6 2 7 
2 4 8 
1 3 5 5 
2 1 3 9 3 
4 3 12 2 
4 1 3 14 
1 3 2 2 16 
2 3 3 1 13 
2 3 5 8 
3 2 6 
3 1 4 
4 2 
3 2 3 
2 7 
2 9 
2 
1 9 
2 7 
1 4 
