#7.205 
#nonogram 1945

4 
6 1 
1 1 1 
1 1 1 
5 2 
1 3 2 
1 1 2 
4 2 2 
2 2 2 2 
2 4 6 
1 12 
1 2 3 1 
1 2 2 1 
1 1 1 1 
1 2 1 1 
4 1 1 
5 1 2 
7 6 
5 8 4 
1 1 16 
7 1 15 
32 
4 14 
3 12 
1 1 2 11 
1 2 10 
1 4 7 9 
2 2 1 2 2 1 7 
3 2 1 2 1 6 
3 1 1 1 5 
3 1 1 1 3 
2 2 2 2 2 2 
2 2 3 2 2 2 
1 4 1 3 2 2 
1 1 1 2 3 1 3 3 
1 1 2 1 3 2 9 
2 6 11 
4 4 12 
5 9 4 3 
15 6 
6 4 8 
7 7 
5 6 
4 4 
2 
/
15 
2 6 3 
2 3 2 
2 3 
3 2 
2 3 
2 2 
2 2 2 
2 3 1 2 
3 3 3 2 
1 2 1 3 3 1 2 
1 1 1 1 1 1 1 1 1 1 
1 1 1 1 
1 1 2 1 3 
1 1 2 1 1 2 7 
1 1 1 1 9 
2 2 2 9 
5 1 6 10 
2 2 1 1 7 
2 5 1 1 4 1 1 
1 7 2 1 2 1 
1 9 2 2 1 
4 3 7 2 1 
1 5 8 1 
1 3 8 2 
2 2 9 3 
2 1 2 10 5 
1 2 7 8 2 7 
1 1 3 9 12 
1 1 3 1 10 7 4 
2 5 1 11 3 4 
3 4 13 3 5 
1 1 2 14 5 4 
1 7 23 4 
38 4 
