#7.209 
#nonogram 1217

45 8 13 2 
44 2 7 11 4 
43 4 5 9 6 
11 28 6 3 9 7 
11 1 27 7 1 9 8 
11 1 26 7 9 10 
11 2 24 6 7 11 
11 3 22 6 1 2 5 12 
11 4 19 5 2 4 3 11 1 
12 5 18 6 3 5 1 10 1 
13 4 17 5 3 6 10 
13 3 16 6 4 5 10 
1 12 3 13 5 6 3 9 
3 11 5 12 6 9 9 
5 9 2 2 12 5 11 3 3 2 
1 3 8 1 1 11 5 12 4 2 4 
2 3 7 2 1 11 6 12 9 7 
1 4 6 1 1 4 5 8 11 5 
1 1 5 5 1 1 6 3 5 2 8 8 4 4 
1 1 5 1 2 3 2 2 5 3 8 1 3 2 
1 1 6 4 1 2 2 3 4 8 7 4 3 
1 1 10 1 1 1 1 1 6 8 7 6 4 
1 1 7 4 2 2 7 9 7 7 2 
1 1 10 1 1 3 8 9 7 9 
1 1 8 1 2 2 6 10 7 11 
1 7 1 1 6 2 1 6 10 7 11 
2 6 1 3 1 1 4 2 1 3 2 6 7 1 8 
1 7 1 1 2 2 7 2 1 1 3 6 7 1 6 
1 7 1 4 1 4 2 1 3 11 7 7 2 
2 7 4 2 6 2 2 6 10 7 6 4 
1 9 1 1 1 2 1 3 2 8 9 7 4 3 
1 9 1 2 2 3 1 9 8 8 1 3 2 
1 9 1 4 1 8 8 8 4 4 
1 10 2 1 1 7 8 11 5 
1 10 6 1 2 1 4 9 7 
1 11 5 3 1 2 4 2 8 4 2 9 
2 12 2 4 2 2 5 8 3 3 7 
1 12 9 1 2 5 8 9 4 
1 17 4 2 3 6 6 3 9 2 
2 1 6 1 4 3 3 5 3 5 10 
1 5 1 6 3 6 3 6 10 
1 2 6 4 1 5 4 3 5 2 5 1 10 1 
1 3 2 4 5 3 5 4 6 1 4 3 11 1 
2 1 3 2 6 3 4 4 6 2 5 12 
3 5 1 3 3 3 3 1 4 7 7 11 
4 5 1 3 5 2 2 3 4 7 3 10 
5 4 2 3 5 3 2 4 9 3 2 8 
5 2 2 4 4 2 4 2 5 10 5 3 7 
6 2 5 4 3 6 2 6 9 7 6 
7 2 5 3 2 6 1 7 8 7 4 4 
7 2 5 4 3 8 1 8 5 10 4 2 
7 2 3 4 2 8 10 3 8 2 
8 5 5 2 24 2 4 2 
9 2 6 2 28 2 6 3 
10 8 1 28 14 3 
/
11 3 7 8 14 
11 4 4 4 12 
12 2 11 3 11 
12 1 6 2 10 
13 2 13 2 9 
13 24 2 7 
14 24 1 3 6 
14 23 1 5 3 
15 22 1 5 2 2 
16 21 1 4 4 1 
17 19 2 2 2 2 
3 10 5 10 2 2 2 
3 4 10 1 2 3 8 4 2 2 
3 3 8 1 1 3 7 5 
5 3 8 4 2 7 6 1 
6 2 7 1 1 1 3 17 1 
7 3 5 1 1 4 1 1 13 2 
7 3 11 1 1 1 7 3 
8 5 4 2 4 1 5 
8 7 5 1 10 
9 3 1 4 2 10 
11 1 1 4 1 1 2 10 
12 2 6 9 1 5 
12 9 1 6 1 3 4 
13 1 8 6 2 1 7 
17 2 1 1 1 1 6 5 
17 1 1 1 3 12 3 
17 1 6 9 5 
17 1 6 5 7 
17 1 5 1 8 
17 2 3 2 4 8 
17 2 1 1 1 5 8 
18 3 5 2 4 8 
19 2 3 3 3 1 7 
21 1 7 2 3 5 
22 2 2 2 4 3 
15 6 11 4 3 
12 6 1 2 12 3 
10 8 4 4 15 
8 10 4 4 5 13 
6 11 6 6 6 11 
4 13 13 8 9 
3 12 7 6 10 8 
2 10 7 1 6 10 7 
1 9 2 6 3 5 9 6 
8 4 4 6 5 8 5 
7 6 4 3 3 2 7 4 
6 10 6 5 4 7 4 
1 4 11 14 7 6 3 
2 2 12 14 8 6 3 
3 7 14 4 5 2 
4 3 7 14 4 3 6 2 
5 4 6 14 3 4 6 2 
4 5 6 14 3 5 5 2 
3 1 4 5 6 6 2 4 3 
2 3 4 3 1 2 4 1 5 
5 3 15 3 2 9 
9 2 21 2 3 6 1 
10 25 4 6 1 
9 29 3 8 
8 31 3 8 
7 5 19 5 2 7 
6 6 19 6 2 7 
5 13 13 2 1 2 
4 12 11 12 1 2 2 
3 10 2 7 4 2 10 1 1 1 
2 10 2 6 3 2 1 10 1 1 
2 10 2 11 2 1 10 2 1 
1 9 1 2 9 2 3 9 1 1 
1 9 1 2 9 2 3 9 1 
8 2 2 7 2 4 8 1 2 
8 4 2 5 2 6 8 4 
8 4 2 5 2 6 8 4 
8 6 2 3 2 8 8 
3 5 6 2 3 2 8 5 3 
