#7.202 
#nonogram 2189

3 2 1 6 
2 1 3 3 3 3 
3 3 2 1 2 4 2 
2 1 2 1 2 1 2 1 2 1 
1 1 2 1 1 2 5 1 2 
2 1 2 1 4 1 1 1 
1 2 3 1 3 3 1 1 
1 2 3 1 4 3 5 1 
3 1 4 3 1 1 1 1 
5 2 3 3 1 1 1 1 2 
9 2 2 3 1 3 1 2 1 
14 6 2 1 2 2 
3 15 4 1 3 
2 15 2 3 
2 16 2 1 1 
2 3 6 4 3 1 1 1 
2 3 8 2 1 1 3 
2 3 14 4 2 1 1 1 
1 2 14 6 2 1 1 2 
1 3 4 8 10 1 1 2 1 
3 3 13 6 1 1 2 
2 3 14 5 1 4 
1 3 23 4 
1 2 5 10 1 3 
1 2 4 10 8 2 1 
2 4 3 5 1 1 1 3 
1 2 3 3 5 1 1 1 1 1 
1 1 2 3 2 4 1 3 1 1 2 
2 1 3 1 2 1 1 1 1 1 1 
2 4 1 3 2 1 1 1 
1 1 3 2 2 2 1 1 1 2 
1 2 2 5 1 4 
3 4 3 4 
5 5 5 3 
8 7 2 1 
1 17 7 1 
2 3 12 8 3 
2 3 5 6 9 1 3 
3 2 5 3 3 6 1 2 2 
1 1 9 2 10 3 1 2 1 
3 8 3 10 1 1 1 1 2 
2 2 3 1 3 7 1 1 1 1 1 1 
3 1 3 6 7 1 6 1 1 
1 1 2 7 6 1 1 6 1 
3 1 8 4 1 1 1 1 1 1 
2 1 2 6 3 2 1 1 1 2 
4 1 2 4 3 1 2 1 2 1 
4 1 2 3 2 2 4 2 
1 1 1 2 1 3 3 
1 1 6 
/
6 4 2 1 1 3 4 1 
4 2 4 1 2 1 14 
1 1 1 1 4 6 1 2 1 1 1 1 1 2 1 
1 1 1 4 6 2 1 4 
4 7 
4 5 7 4 
9 11 5 
9 7 6 3 
2 12 6 5 5 
2 10 10 5 5 
2 9 16 5 4 
2 2 16 12 4 
1 2 13 4 12 
2 2 12 4 6 7 
2 4 11 2 4 8 
3 6 9 2 3 8 
1 7 8 13 
7 4 8 4 6 
5 10 3 4 4 
6 3 11 11 1 
5 3 10 2 13 
2 1 2 10 16 
1 2 1 2 13 6 9 
1 1 2 2 3 2 7 7 3 
5 1 1 4 1 11 9 
2 2 6 1 7 
3 1 5 1 1 1 11 
5 4 4 1 1 1 1 6 3 
2 1 1 2 6 1 5 1 4 4 2 
1 3 4 1 6 1 2 3 2 1 2 1 
2 2 1 1 2 1 1 6 1 1 1 2 
1 1 1 27 9 1 1 
1 1 1 1 6 1 
1 42 1 1 
1 1 1 1 1 4 3 1 1 1 1 1 
2 1 1 1 2 5 4 2 1 1 1 2 
1 2 1 2 1 4 1 3 1 2 1 2 1 
2 4 2 1 1 1 2 4 2 
3 3 1 1 6 3 3 
6 5 6 
