#7.208 
#nonogram 1533

14 3 14 1 
4 3 9 4 4 11 2 
3 5 4 1 2 4 2 2 10 2 
3 6 4 10 3 1 2 
8 5 13 3 1 1 2 
6 2 4 10 4 1 1 2 
4 4 3 2 3 3 4 1 4 1 2 
3 12 2 5 2 1 1 2 
2 3 3 3 2 2 1 1 1 
1 6 8 4 1 1 1 
1 6 2 7 4 9 1 
1 6 4 3 3 1 2 4 1 
3 2 2 1 1 3 1 3 4 1 
6 2 1 4 1 5 1 
6 2 1 1 20 
4 2 3 1 6 4 2 
1 9 1 6 3 3 3 1 2 
4 2 3 1 4 2 1 3 3 3 2 
6 2 1 1 2 1 2 3 3 1 2 
8 2 1 3 2 1 6 1 1 1 3 
4 3 2 1 1 2 1 1 1 8 3 
9 4 1 1 3 9 3 
2 6 2 5 1 1 1 11 3 
2 6 6 1 1 3 9 4 
3 3 4 3 2 1 1 1 8 4 
16 2 2 1 6 1 1 1 4 
11 3 2 2 2 1 2 3 3 1 4 
4 5 2 2 3 2 1 3 3 3 4 
8 2 2 2 1 2 3 3 3 1 4 
14 2 3 4 4 
2 10 2 2 17 4 
1 10 1 3 2 3 
1 6 3 1 1 2 5 1 2 3 
1 6 3 1 3 6 1 2 3 
1 3 3 2 2 5 3 2 3 
2 5 2 3 3 2 3 
2 5 2 1 2 5 1 2 2 
4 8 2 3 6 3 3 2 
11 3 2 2 5 3 3 2 
16 3 1 3 1 
4 13 1 3 1 
12 23 3 1 
5 3 12 2 6 4 
4 11 2 4 2 4 
5 10 2 4 
13 2 2 4 
6 8 2 5 
11 5 2 1 2 5 
2 17 1 2 6 
15 12 17 
/
3 8 18 8 
9 12 15 
8 9 6 11 1 
2 4 4 5 9 13 
1 2 6 6 3 7 2 2 6 
2 3 8 3 14 4 5 
5 5 2 1 17 5 2 3 
5 9 1 6 9 13 
1 2 2 5 3 9 5 13 
4 7 5 11 7 7 
4 5 2 1 2 4 22 
2 2 3 1 3 2 9 8 2 
3 2 3 3 3 2 22 
3 1 2 2 3 2 5 6 3 4 
7 2 5 2 3 8 4 
6 2 2 7 6 2 
2 7 9 2 4 4 4 3 
11 3 3 3 4 2 
2 1 2 1 1 2 2 
1 2 1 3 1 2 2 3 
1 1 2 1 3 1 2 15 2 1 1 
2 1 2 1 3 1 2 3 3 3 3 2 1 
3 2 1 3 3 3 3 1 1 1 
5 3 2 7 1 1 1 1 2 
5 2 1 4 4 1 1 
1 4 2 3 3 1 1 2 1 
5 1 2 2 2 3 3 3 1 
7 3 3 3 3 1 1 1 
7 2 2 2 3 3 1 
6 3 2 11 2 3 3 1 
1 3 5 1 1 3 3 2 
4 1 3 1 1 3 1 1 2 1 
2 2 2 1 4 4 1 4 3 1 
2 5 1 1 3 3 3 1 2 3 2 
1 7 1 1 1 2 1 2 1 1 5 6 2 
1 4 2 1 1 4 3 4 1 2 7 1 
2 2 1 1 9 1 1 5 1 
3 5 2 1 3 5 3 1 1 1 1 1 
3 1 1 1 7 1 1 1 1 1 1 
3 1 1 1 3 5 3 1 1 
3 1 1 1 1 9 1 1 1 
3 1 1 1 3 5 3 1 1 
3 1 5 1 7 1 20 
3 5 3 5 3 20 
3 5 13 
3 21 8 
10 23 4 
20 2 
7 19 
14 
