#7.206 
#nonogram 1642

6 20 6 8 3 2 
4 1 1 3 5 7 5 7 5 2 
5 9 7 6 4 5 2 
3 7 14 1 4 6 2 
5 25 3 2 1 2 2 2 
4 1 1 24 6 2 1 2 1 
6 14 6 3 6 3 5 1 
2 12 5 3 1 2 9 5 1 
20 1 2 1 2 4 2 4 1 
10 9 2 2 4 4 2 4 
5 3 7 4 4 9 2 5 
10 7 2 8 9 3 4 
15 4 3 2 3 3 6 4 
14 1 2 1 2 2 2 2 6 4 
3 1 2 1 3 1 1 2 2 2 6 3 
2 2 2 3 6 2 3 3 3 6 4 
7 4 6 6 7 2 3 4 
13 1 2 3 4 1 7 1 2 1 1 
7 3 1 1 4 1 8 2 2 1 
2 2 4 1 2 3 2 3 3 3 1 
3 2 2 2 1 2 7 1 1 
4 2 1 2 1 8 5 
2 4 2 1 2 2 1 5 4 
4 3 1 4 1 3 3 
3 3 3 2 3 5 
2 4 3 5 4 5 
1 2 15 3 1 
1 7 5 5 1 
2 3 4 5 1 
5 2 5 1 
3 2 1 2 1 
2 1 2 1 2 
6 2 
5 2 
3 2 
/
16 1 
16 1 
7 7 1 
3 10 3 
1 1 1 8 5 
2 5 3 5 
8 3 
2 9 5 
1 1 1 8 5 
3 6 3 3 
3 5 3 1 
10 4 3 
1 12 3 
14 2 2 
13 3 1 
7 4 2 2 
12 1 4 
2 9 4 1 
1 7 4 1 
2 7 5 2 
8 2 3 4 
6 3 7 3 
7 3 6 5 
7 3 5 
8 4 6 
9 9 2 
1 7 2 4 1 
4 2 4 4 
1 4 4 1 4 4 
7 4 2 2 4 
8 9 1 1 
7 1 3 1 1 
6 3 5 2 
3 13 6 
3 10 7 
4 3 4 2 6 
1 3 2 4 2 3 3 
2 4 3 7 6 
2 8 6 6 
4 14 6 
5 9 2 2 
5 2 1 4 2 
4 2 10 3 
2 3 5 4 6 
5 5 12 
1 10 10 2 
4 17 4 
6 11 6 
4 2 3 3 
4 5 6 2 
13 2 12 
14 11 
11 5 2 
5 7 2 3 4 
9 3 2 8 
