#7.212 
#nonogram 1355

18 6 
1 15 1 6 
7 8 1 5 
12 1 1 
2 8 2 1 1 3 
2 8 1 2 1 1 1 2 
3 8 1 2 2 2 
3 8 1 1 4 4 6 
3 8 1 1 2 5 8 
8 3 1 1 3 5 6 
1 10 1 1 8 4 2 
1 10 1 4 3 14 
1 10 1 4 1 2 1 6 
2 11 1 1 1 2 2 
2 2 9 1 1 1 1 
2 13 1 6 1 2 
1 10 3 1 7 2 
1 11 3 5 1 2 
11 1 10 2 1 
3 1 1 9 1 2 2 
1 1 6 1 1 1 1 2 
4 1 1 1 3 1 
6 1 2 4 
4 1 5 4 
3 1 5 2 3 2 1 
2 1 1 1 1 3 2 1 
2 1 1 5 5 2 1 
2 1 3 1 3 3 3 3 1 
2 1 3 1 2 1 2 5 
3 1 1 3 2 2 7 
4 1 3 1 4 1 7 5 1 
6 1 3 1 2 2 6 1 
1 6 1 1 2 2 1 2 1 
10 1 1 2 3 
3 8 1 7 
/
18 15 
1 8 3 2 11 2 
4 6 9 6 
6 11 3 4 
19 1 1 4 
14 4 1 1 4 
19 1 3 
2 16 2 3 
9 9 1 2 
19 1 2 
20 1 
4 13 1 
3 1 4 1 
3 1 3 17 
3 3 
3 5 1 
2 4 2 2 1 
1 3 2 2 1 
16 2 2 2 2 1 
2 2 1 
3 1 5 2 1 
3 1 2 5 12 
3 2 5 3 
3 7 8 5 
7 8 8 
2 2 2 2 2 
3 1 1 
5 3 2 1 
5 1 6 
1 3 1 1 2 
1 1 1 1 1 2 
7 3 2 1 
8 8 
5 8 
8 4 2 
1 4 3 2 3 
2 1 2 3 3 
4 2 
4 2 2 
6 3 2 
3 2 3 4 
3 2 10 
3 2 1 10 
4 3 2 2 2 
4 3 13 
