#7.214 
#nonogram 2432

3 
4 
6 
6 
7 
7 
7 
7 3 
2 7 5 
11 6 
12 6 
14 6 
11 3 6 
9 11 5 
7 19 5 
11 27 
3 33 
2 31 
2 7 30 
3 7 28 
5 6 24 
2 3 5 27 
1 3 5 10 16 
2 1 4 8 15 
1 2 2 5 4 13 
1 2 3 5 4 12 
1 1 2 4 4 4 4 
3 4 4 4 4 
3 2 4 4 4 4 
4 2 2 5 4 5 4 
4 5 5 4 6 4 
1 4 5 4 7 4 
1 1 4 5 7 4 
1 1 3 5 7 3 
2 2 2 5 6 
2 3 2 6 4 
7 1 1 5 2 
9 2 4 
9 3 4 
13 4 
9 6 
5 7 
3 8 
2 9 
10 
12 
4 8 
4 8 
4 5 
5 
/
2 
3 
8 
3 8 
2 2 3 2 
3 2 2 2 2 
4 7 4 8 
4 6 4 7 
4 2 3 2 6 
6 1 3 3 7 
9 2 1 3 2 8 
12 1 2 1 9 
13 1 3 4 
16 3 4 
16 5 6 
16 8 7 1 
5 6 17 2 2 
6 15 2 3 
6 12 3 4 
6 8 2 7 
5 1 7 
6 14 
33 
34 
37 
24 10 
12 9 
12 7 
12 6 
11 3 
10 
10 
9 
10 
11 3 
10 5 
11 7 
12 8 
22 
21 
20 
18 
11 
4 11 
18 
13 12 
13 13 
13 13 
11 12 
