#7.211 
#nonogram 2397

6 
10 
6 2 
9 2 
12 2 
4 7 2 
6 5 2 
8 5 2 
8 4 2 
9 5 2 
11 4 2 
3 11 4 2 
7 12 4 2 
10 13 4 2 
13 14 5 2 
16 14 5 2 
4 1 3 6 14 5 2 
3 3 6 14 4 2 
7 7 13 4 2 
8 12 4 4 2 
9 7 5 4 2 
3 1 5 1 1 1 4 4 4 2 
3 6 2 1 1 3 5 2 
11 5 4 4 2 
10 2 4 4 4 2 
9 1 9 5 2 
8 2 3 5 2 
6 1 9 2 
4 1 7 2 
4 3 2 
1 4 3 
1 7 
1 6 
1 4 
3 4 
1 1 4 
1 4 
5 
4 
3 
3 
3 
2 
/
2 2 
4 4 
11 
8 4 
3 4 5 
5 3 7 
4 12 
19 
21 
6 9 1 1 3 
4 6 1 2 
5 3 1 1 
5 2 1 
5 3 
4 4 
4 2 
4 1 1 
3 2 
2 1 2 
3 1 
6 2 1 
12 2 
16 1 
17 1 
18 1 
18 1 
17 3 
3 14 1 4 
4 12 2 5 
4 19 3 
6 15 4 
6 14 5 
7 8 3 3 4 
2 5 5 4 9 2 
2 6 7 12 
2 25 12 
1 22 4 4 
2 19 4 
2 14 3 
4 3 5 
6 8 
17 
9 
