#7.218 
#nonogram 1413

8 
1 15 
20 
18 2 
18 3 
18 2 
2 16 1 
2 18 2 
2 20 2 
1 2 18 2 
2 1 3 16 2 
1 1 2 5 10 2 
3 2 3 5 10 2 
1 1 10 8 2 
1 7 5 8 2 
1 3 3 6 7 2 
1 1 3 5 6 1 
1 2 3 6 6 2 
2 2 3 5 5 5 1 
3 1 2 5 6 5 1 
2 1 1 1 3 6 4 1 
1 4 2 3 5 3 1 
2 2 2 3 5 3 1 
2 2 5 6 3 1 
2 2 5 5 4 
3 3 1 1 3 5 3 
2 5 2 3 3 4 2 
3 3 2 10 1 
2 2 1 5 4 
3 2 1 1 3 4 
2 3 2 3 6 
1 2 7 
2 2 8 
2 3 2 1 3 2 
3 6 3 3 3 2 
7 3 2 3 4 
4 2 3 2 1 2 
1 3 2 2 
2 3 1 
2 3 
/
3 5 5 5 
3 2 1 2 3 5 
3 2 2 3 4 3 
6 2 2 4 3 
5 5 1 2 2 1 3 
5 3 5 3 2 2 2 
9 1 5 2 1 2 
11 3 3 3 2 2 
11 3 1 4 4 2 
10 5 3 2 2 
11 5 3 3 2 
12 3 3 1 3 2 
14 5 2 2 
16 5 3 2 2 
15 3 3 1 2 2 
17 5 2 2 1 
10 8 5 2 2 2 
11 7 3 3 2 3 
1 9 7 3 1 2 
1 8 8 5 1 
1 9 8 5 2 
2 9 7 3 3 2 
1 8 8 3 1 1 
2 8 7 5 2 
1 8 12 1 
1 8 9 2 
1 8 6 1 
2 8 7 1 
2 7 6 1 
2 7 6 
2 7 1 
3 7 2 
4 6 2 1 
4 3 4 
8 2 
