#7.216 
#nonogram 1490

5 3 2 1 
4 2 2 3 2 2 1 
3 2 1 10 4 2 1 
2 2 2 2 9 5 1 2 
2 2 2 2 3 2 2 1 1 
3 3 3 2 2 2 4 1 
3 3 2 2 1 3 2 
4 3 4 3 1 
5 4 3 1 2 1 
6 4 3 2 2 4 
8 7 8 1 2 4 1 
9 19 3 1 
11 5 1 5 3 1 
9 4 3 3 1 
8 4 2 3 1 
7 1 3 3 1 
5 4 2 2 4 1 
4 9 1 4 1 
3 2 1 4 1 
3 9 3 1 
2 1 2 3 2 
1 8 5 4 2 
3 6 3 2 
8 3 2 3 2 
6 3 2 3 2 
5 4 4 2 3 2 
9 9 2 2 2 
11 6 2 2 2 
12 3 2 1 1 2 
14 1 2 1 2 
17 1 1 4 
17 1 2 4 
6 7 1 2 4 
4 5 1 2 4 
3 4 4 1 4 
2 4 4 1 4 
2 4 2 2 6 
1 3 1 1 6 
1 3 2 1 6 
1 3 1 1 1 6 
1 3 2 1 6 
1 3 2 8 
1 3 1 9 
2 4 1 9 
2 4 1 9 
/
22 1 20 
21 2 12 2 
3 15 2 10 
2 1 11 3 9 
1 3 9 1 1 1 8 
1 3 7 3 1 7 
2 3 6 1 1 1 2 6 
1 2 3 5 3 1 2 6 
1 3 2 3 4 1 1 6 
2 2 2 1 3 1 1 1 5 
3 2 3 1 1 2 1 1 2 6 
1 2 1 2 1 2 1 2 5 
2 2 2 2 1 1 2 5 
2 1 2 2 1 3 6 
2 4 2 2 7 2 
1 4 1 3 15 
2 3 3 15 
2 2 3 10 
2 3 3 
2 2 2 
2 2 3 
2 3 3 
2 3 3 
2 4 3 
2 2 2 4 
2 2 3 3 1 5 
3 2 4 4 3 
4 2 11 5 
7 5 5 
4 5 3 
3 8 3 
3 4 4 3 3 
3 4 6 
7 6 4 
10 10 11 
19 9 
5 13 17 
3 5 7 15 
4 25 
3 35 
