#7.217 
#nonogram 2405

6 1 1 2 
2 6 8 2 2 3 
3 15 1 1 2 
3 2 3 3 2 3 
4 2 3 4 2 1 3 
4 1 4 4 4 4 
5 2 4 4 4 
7 6 3 2 5 
5 13 2 4 
4 9 4 2 13 
2 9 4 2 15 
5 1 9 2 1 2 6 1 
1 8 5 5 1 2 5 1 
1 2 4 4 6 6 1 
2 2 4 4 3 4 1 
3 1 4 3 2 11 
3 1 4 5 2 3 1 
4 2 13 1 1 7 
4 2 13 2 12 
5 1 10 1 4 3 1 
6 2 9 1 11 7 
8 5 1 1 2 19 
8 1 2 
7 1 2 
6 2 
6 2 
5 4 
9 
/
5 
1 4 
3 1 4 
5 2 4 
1 5 2 4 
1 5 1 4 
2 5 1 4 
2 5 1 5 
1 5 1 4 
1 8 5 
2 3 7 5 
2 2 9 
1 3 4 7 
3 10 5 
2 13 4 
2 16 3 
2 9 5 2 
11 2 5 1 
11 2 5 1 
3 5 2 5 1 
2 2 4 2 5 1 
2 2 5 6 2 
2 2 1 9 2 
1 2 2 12 1 
2 12 2 
11 6 2 
10 1 2 
2 2 4 3 
6 5 
3 14 
2 8 2 
2 3 
3 2 
2 2 
3 2 
3 2 
3 2 
3 2 
3 6 
3 2 2 1 
2 2 2 1 
2 1 1 1 
2 1 1 1 
2 1 2 2 
3 2 1 2 2 
7 2 1 2 2 
11 1 2 2 
2 6 1 2 2 
5 1 2 2 
15 
