#7.210 
#nonogram 1473

2 2 10 
2 2 10 6 
2 2 10 8 
1 2 18 
1 2 16 
1 2 12 
2 2 11 
2 1 2 10 
3 2 4 9 
3 2 1 1 2 2 9 
2 2 4 1 5 2 8 
3 2 6 2 3 11 
3 2 8 3 10 1 
2 2 13 14 2 
2 2 33 
1 2 19 9 1 
1 2 15 4 5 2 
1 2 23 4 1 
2 2 27 2 
2 2 25 1 
3 2 23 2 
3 2 25 
2 2 5 15 
3 2 4 13 
3 2 5 1 14 
2 1 13 6 
2 2 14 5 
1 2 11 1 3 
1 2 10 2 2 
1 2 8 3 1 
2 2 5 3 1 
2 2 1 3 1 
3 3 1 2 3 
3 2 2 
2 2 2 4 3 
3 2 16 
3 2 7 2 2 
2 2 3 4 2 1 
2 2 5 2 1 2 1 5 
4 2 6 1 4 3 3 
10 7 1 8 2 
4 2 3 6 4 2 4 1 
2 2 5 12 3 2 1 
2 2 3 10 5 2 2 
2 2 6 5 
/
8 9 9 4 3 
3 4 4 4 4 4 5 4 
1 3 5 3 5 3 5 1 1 1 
5 3 5 3 5 3 3 2 
2 3 3 3 3 3 3 1 2 
2 6 6 6 1 2 
1 3 3 4 1 1 
1 
1 
1 
1 
4 3 
6 5 
9 2 1 2 
9 2 2 
9 3 3 
10 5 
10 3 
14 2 2 
1 14 3 3 
1 2 15 3 3 
1 2 16 2 3 
2 1 1 10 6 3 4 
4 2 1 9 5 3 3 
5 2 2 9 7 4 4 
5 1 1 1 8 6 4 3 
7 1 2 9 7 3 3 
8 1 20 2 3 
8 1 4 14 1 2 4 3 
9 2 3 13 1 4 4 
9 18 1 2 5 
14 11 4 2 6 
13 9 7 2 5 
12 10 3 1 2 2 1 
14 10 1 2 1 2 1 
14 14 2 2 1 
4 10 11 1 1 
5 20 2 2 
4 18 1 1 
4 14 2 2 1 
3 6 2 1 1 2 
2 2 2 1 4 
1 2 3 2 2 1 
2 3 3 2 
5 5 
