#7.224 
#nonogram 2086

2 10 5 
3 10 5 
3 10 5 
3 9 5 
2 9 5 
2 9 6 
1 8 6 
3 4 3 2 3 
4 4 3 2 3 
3 4 1 2 2 
3 4 2 2 
5 1 1 2 3 2 
2 1 1 2 3 2 
2 1 1 2 1 3 2 
5 1 4 4 2 
2 1 8 2 
10 2 8 2 
1 11 8 1 
1 2 8 1 
11 2 8 1 
3 2 6 1 
1 3 1 4 1 
8 3 1 4 1 
2 2 3 1 
5 2 1 2 1 
1 2 1 2 1 1 
12 2 1 2 1 
12 4 2 2 
17 4 3 2 
2 3 4 2 
3 2 3 4 2 
15 3 5 2 
3 3 1 2 3 
3 3 1 5 
2 2 1 1 5 
2 1 4 
19 4 4 
1 4 3 
11 11 3 3 
1 14 4 3 
1 1 4 2 
10 4 2 
15 5 2 
15 6 2 
14 6 1 
12 1 3 1 
4 1 3 1 
4 2 1 1 
5 3 1 1 
4 3 2 1 
4 2 3 2 
4 2 3 2 1 
27 5 1 
6 4 4 8 6 
1 2 2 2 3 4 4 
3 1 2 2 2 2 4 
1 1 1 1 2 2 3 1 
1 2 2 1 1 2 2 1 
3 2 2 1 12 2 
3 19 3 
3 18 3 
31 3 
14 2 
14 1 
12 
/
6 
1 3 
3 3 
3 2 
1 1 2 5 
1 1 10 
1 3 1 3 3 
1 1 1 1 2 3 
1 1 1 1 1 3 
1 1 1 1 1 3 
4 1 1 1 2 5 
4 6 1 1 3 10 
1 2 3 2 1 1 4 4 3 
2 2 3 1 1 7 2 3 
2 4 3 1 1 1 4 1 3 
2 2 1 1 3 1 1 2 4 1 3 
4 2 1 1 3 1 1 2 4 1 3 
1 1 2 1 1 5 1 1 2 4 2 3 
1 1 2 1 1 1 3 1 1 2 4 10 
3 2 1 4 1 1 1 3 1 1 2 7 4 3 
6 5 4 1 3 3 1 1 2 7 2 5 
11 1 1 3 3 1 1 2 7 1 7 
10 3 3 1 2 11 2 4 
3 7 5 1 2 4 6 1 4 
14 10 5 1 2 4 6 1 4 
11 8 2 4 8 1 4 
12 7 1 7 4 
20 13 3 2 1 4 
7 11 19 5 1 4 
9 7 2 9 7 1 4 
10 10 4 16 4 1 4 
9 10 6 10 2 5 4 
6 12 7 4 4 1 2 4 
13 3 7 3 
15 4 2 1 
15 4 7 
7 4 11 
9 8 5 3 
17 17 5 5 
47 8 
