#7.226 
#nonogram 242

4 2 
4 6 
5 15 
4 8 4 
4 5 3 
16 
15 
16 
15 
15 
16 
15 2 
24 
25 
21 4 
19 5 
2 17 4 
6 15 5 
5 13 4 
7 14 4 
4 15 
3 15 
3 15 
7 17 
4 18 
6 23 
2 6 25 
3 34 
3 36 
3 37 
8 29 7 
11 3 25 9 
4 6 24 3 6 
33 4 5 
5 6 17 5 5 
5 5 15 4 4 
2 2 3 13 6 4 
1 2 9 2 
6 
4 
/
1 1 1 2 
1 1 2 3 
3 2 3 
4 6 
5 1 4 
4 1 3 
4 1 2 
5 2 1 1 
4 2 4 
4 5 
4 7 
4 5 
11 
9 
9 
5 2 
5 3 
9 
11 
12 
13 
9 
10 
12 
13 
4 18 
1 27 
3 30 
37 
37 
36 
35 
32 
32 
34 
35 
35 
35 
30 3 
13 14 3 
13 10 2 
8 5 5 2 
6 5 5 3 
4 4 3 3 
3 3 4 3 
3 4 3 3 
2 3 7 
2 3 6 
2 3 5 
2 3 2 
2 3 3 
2 3 2 
3 3 3 
3 4 4 
3 3 4 
3 3 4 
3 2 4 
2 1 3 
3 
2 
