#7.220 
#nonogram 1090

3 1 
3 2 
5 3 3 
13 3 3 
24 4 4 
27 4 4 
17 9 3 4 
9 3 7 1 4 
8 1 1 1 3 3 
8 1 2 1 1 5 3 3 
8 2 2 4 3 2 2 
8 2 1 1 1 3 3 2 
7 3 1 4 2 2 3 1 
7 2 1 3 3 5 
6 1 3 1 2 2 2 5 
5 4 1 5 1 1 6 
5 3 1 11 1 1 6 
11 1 1 3 1 1 6 
5 1 1 1 2 1 1 6 
5 5 1 1 4 2 1 6 
5 3 1 1 1 3 1 2 4 
6 3 1 4 3 1 3 
6 4 1 1 1 2 2 2 3 
7 5 1 4 3 3 3 
7 3 2 1 1 3 1 3 3 
8 3 2 1 1 5 4 4 
8 2 1 1 1 3 1 4 
9 3 1 3 1 5 
10 2 1 4 2 2 4 
13 4 1 3 4 
13 7 2 4 4 
22 2 1 4 3 
19 3 1 6 2 
17 5 2 7 1 
14 6 2 8 
18 2 9 
15 3 10 
12 14 
12 11 
7 9 
/
8 
13 
17 
19 
21 
8 1 10 
9 3 9 
8 1 1 9 
8 2 2 9 
8 4 3 8 
7 3 5 8 
7 2 3 7 
6 4 4 3 8 
6 5 4 7 
11 5 5 7 
5 12 
5 8 6 10 
5 2 1 1 2 7 
5 3 1 3 4 7 
5 5 1 5 7 
8 2 1 2 4 7 
4 3 1 3 8 
4 3 2 4 8 
3 2 9 
2 2 4 2 4 4 
2 3 7 3 3 6 
2 3 5 3 2 7 
3 2 2 3 7 
3 1 1 2 8 
3 1 1 3 8 
4 1 2 2 2 2 4 2 
4 3 3 2 1 4 
4 9 3 6 
3 3 8 
3 4 3 3 2 
3 3 1 7 
2 3 4 10 
4 5 5 12 
6 5 3 14 
8 12 11 
3 15 8 
1 16 10 7 
10 7 9 6 
9 5 8 5 
8 3 7 4 
