#7.222 
#nonogram 2057

4 10 
4 11 
5 4 11 
1 8 6 10 
3 10 7 8 
4 11 9 5 
18 5 13 3 
4 5 3 8 15 
4 4 14 17 
4 4 16 19 
5 4 6 3 5 19 
6 3 7 3 1 5 19 
6 6 1 3 1 3 3 11 
6 4 2 3 1 7 4 7 
6 3 2 4 4 3 8 5 
5 3 2 12 3 3 7 4 
9 2 1 6 2 4 6 2 3 2 3 3 
5 4 1 2 1 1 2 3 6 3 4 1 3 3 
5 4 1 1 6 2 2 6 1 1 3 1 3 3 
5 4 1 1 4 1 1 2 5 1 2 3 1 2 3 
7 3 2 2 4 4 2 2 7 3 
7 3 12 4 4 1 2 7 3 
7 3 13 2 3 1 3 5 3 
7 3 14 3 2 3 1 3 3 
7 3 14 2 1 3 3 2 3 
7 3 14 3 2 3 5 1 3 
7 3 5 3 2 1 3 6 3 
7 3 3 2 2 4 7 2 4 
7 3 2 1 2 4 7 2 4 
7 3 1 1 5 1 3 5 7 4 
7 3 1 2 2 2 2 3 5 6 10 
7 3 1 2 1 1 1 6 4 4 
7 3 1 2 1 3 1 2 7 1 1 4 
7 3 1 2 1 1 1 1 4 8 6 5 
7 3 1 1 1 3 1 6 8 3 3 5 
7 3 2 7 20 3 3 5 
7 2 4 21 3 4 5 
7 2 5 21 4 3 5 
7 2 6 22 4 3 6 
5 3 32 7 6 
5 3 1 29 2 7 
3 3 3 30 7 
4 5 25 5 12 
4 30 21 
3 6 23 20 
3 5 2 18 20 
3 5 2 15 19 
3 5 4 12 19 
9 5 8 18 
3 6 6 1 14 
2 13 3 8 
1 12 5 
11 12 
9 13 
7 13 
/
19 
24 
25 
26 
26 
36 
7 19 9 
14 11 
40 1 
39 7 
32 11 
2 4 4 13 
5 40 
12 9 5 14 
12 3 7 4 5 3 6 
12 2 6 6 5 1 5 
6 2 6 6 5 
5 2 3 5 6 6 6 
5 2 1 2 5 2 1 7 6 
5 2 1 2 5 1 4 8 6 
5 2 1 2 5 1 1 2 6 7 
4 2 1 2 5 1 4 7 5 
5 3 3 6 2 1 8 3 
9 8 6 12 
5 6 6 11 
2 11 8 13 
2 2 3 18 
2 12 17 
4 9 16 
5 5 16 
5 3 1 15 
4 1 2 15 
4 1 2 14 
4 2 2 14 
5 5 2 14 
13 3 13 
4 13 13 
3 12 13 
3 9 13 
3 5 2 13 
3 3 12 
3 4 12 
8 13 
1 3 12 1 
1 20 3 
2 15 4 
4 8 6 
7 4 4 7 
9 6 6 8 9 
11 8 16 6 3 
12 2 15 7 6 4 
12 3 3 8 1 1 7 3 
12 11 7 4 1 7 4 
1 9 4 5 5 8 8 4 
2 9 2 8 3 5 9 3 
4 8 7 1 3 9 3 
4 8 4 1 9 3 
5 7 3 1 9 3 
5 8 2 1 11 3 
5 8 2 1 13 3 
6 8 1 18 3 
6 9 24 2 
7 42 2 
7 42 1 
7 41 1 
