#7.223 
#nonogram 1445

5 3 1 3 
2 1 2 2 2 5 
1 2 3 2 3 2 
1 2 2 2 2 2 
2 1 2 3 4 3 2 2 
2 1 3 4 1 3 1 4 2 1 
1 1 2 2 4 7 3 2 
1 2 1 2 6 4 5 2 
1 3 1 6 4 5 3 
2 1 1 9 4 8 3 
1 1 17 6 8 2 
1 3 6 15 3 4 8 2 
1 1 1 2 16 4 8 1 
2 3 2 2 15 3 10 1 
4 1 4 13 5 10 1 
2 1 5 14 1 10 1 
1 1 6 2 10 11 2 
1 2 1 7 3 10 12 2 
2 2 2 9 22 3 
1 2 1 9 26 1 1 
1 4 33 4 2 
18 6 3 3 1 2 
7 16 5 6 2 1 
8 27 4 4 2 1 
21 28 1 
5 13 18 2 
6 15 11 2 
24 3 2 4 2 
26 5 1 5 2 
6 28 2 6 3 
3 26 11 3 
26 2 7 2 1 
24 10 1 2 
2 23 2 7 1 2 
2 22 12 2 2 
2 1 21 1 10 1 1 
4 2 21 17 2 
8 21 1 14 2 
8 21 17 2 
1 6 21 2 13 1 3 
1 5 23 4 9 2 3 
2 36 5 1 1 1 
1 4 26 3 2 2 
2 5 24 3 3 3 
2 29 8 2 
2 6 23 3 2 2 1 2 
2 3 28 1 3 1 
2 27 1 3 1 
2 2 26 1 1 1 1 
2 4 23 1 2 2 1 1 
1 1 2 16 3 2 3 3 
2 2 2 16 2 2 2 
3 2 5 9 4 3 2 
2 2 2 12 2 3 
3 8 4 
/
10 3 1 2 
2 1 6 2 1 6 
4 2 8 2 7 
2 2 12 6 5 
1 1 13 10 2 
2 2 3 1 11 13 2 
1 5 10 1 10 3 
3 1 3 2 4 5 10 3 
3 3 6 2 1 3 3 1 4 2 
4 1 2 2 3 3 2 3 3 
1 1 13 2 3 2 5 
3 5 1 18 8 4 
8 1 31 1 
4 2 34 2 
2 36 1 
1 37 
3 1 39 
5 1 40 
5 4 35 
8 2 33 
7 1 1 31 
7 1 1 31 
7 1 1 2 28 
8 1 1 2 26 
8 2 3 26 
7 2 3 27 
8 2 2 26 
8 2 2 27 
8 2 2 27 
11 2 26 
10 2 26 
10 2 21 4 
10 2 8 10 3 
2 10 3 5 13 2 
1 1 10 3 5 8 6 3 
3 11 3 4 3 1 3 4 2 
3 3 1 6 2 2 2 1 4 4 3 
3 2 2 5 2 3 4 4 2 3 3 
5 1 5 2 2 3 6 2 6 
10 4 4 1 2 1 7 2 3 
1 10 4 5 2 9 3 
2 7 6 4 1 12 2 
4 3 5 1 5 12 1 
5 7 2 4 13 2 
7 7 1 3 13 2 
14 1 3 14 1 
34 7 
24 6 3 2 
3 22 2 4 2 1 
5 11 6 5 3 2 2 2 
3 1 10 2 3 2 2 5 4 
2 7 3 2 2 2 1 
3 2 3 2 1 3 3 1 3 2 
4 6 3 2 6 3 5 4 5 
51 
