#7.229 
#nonogram 1510

28 1 
27 1 
27 1 
26 2 
26 2 2 
26 2 4 
25 2 5 
25 2 2 3 
25 2 1 2 
23 4 2 
22 2 2 
21 2 
19 3 
17 2 
13 2 
9 6 3 
1 11 3 
2 15 3 
19 20 
1 21 
1 23 
1 11 10 
1 11 11 
5 12 6 5 
7 15 2 5 7 
3 4 7 8 1 6 6 1 
2 1 2 5 2 7 1 12 2 
2 2 1 2 4 1 5 6 14 1 
2 1 1 1 5 9 6 8 1 3 
2 4 7 9 5 2 3 1 2 
5 2 8 3 3 6 2 3 
1 4 2 11 3 7 6 
1 5 2 12 3 16 
2 17 7 1 1 3 3 5 
2 3 2 10 2 5 2 2 7 
4 2 10 1 5 3 8 
3 2 9 5 4 1 1 5 7 
1 4 9 3 5 1 4 4 4 
1 1 2 9 1 1 8 3 6 2 1 
2 3 11 10 8 1 2 
3 1 9 2 18 1 1 
5 19 3 2 1 
6 12 3 2 4 
14 6 3 
13 1 5 2 
3 1 5 1 4 
3 3 1 4 
1 1 3 1 4 
2 3 1 2 2 
1 3 1 1 2 
4 1 1 1 2 
2 1 3 2 
1 4 1 
1 1 3 
1 1 
/
9 1 4 6 
11 1 1 4 11 
12 1 4 1 12 1 2 
13 1 8 4 5 1 2 
13 1 3 7 3 5 2 
14 1 2 2 5 2 2 3 3 
14 1 2 3 3 4 3 3 
14 1 3 1 3 2 1 7 
15 1 3 4 5 9 
15 1 3 3 1 12 
15 1 3 1 2 10 
15 1 4 13 
16 1 2 13 
16 1 3 11 
16 1 4 10 
16 1 16 
16 1 14 2 
16 1 11 6 
16 6 3 7 4 11 
18 3 1 8 1 
16 6 2 3 2 
14 2 7 6 
12 2 10 4 
10 11 6 
9 3 4 5 10 
6 5 3 10 11 
3 7 4 10 6 2 
1 9 4 8 5 3 
11 4 7 3 3 2 
12 3 5 4 1 
15 1 6 5 
16 2 
17 1 3 
20 4 
9 5 7 
7 3 4 3 2 
6 2 1 3 6 
6 2 3 1 4 1 3 
5 15 1 1 1 2 
10 13 1 2 1 3 
3 15 2 4 
2 13 7 
4 6 6 2 4 
3 5 3 6 
3 9 3 9 
4 17 13 
23 9 3 
6 9 4 3 3 
5 6 
2 1 
2 1 
1 1 2 
5 
