#7.225 
#nonogram 2345

8 2 9 
9 4 8 
11 4 6 
15 2 5 4 
21 4 7 3 
16 5 5 4 1 
15 5 5 2 2 
15 9 3 7 
14 9 20 
13 7 22 
13 6 5 16 
12 6 5 11 
13 4 10 
13 2 8 
12 3 1 6 3 
12 2 1 3 7 2 
12 2 1 1 3 2 6 
11 2 1 2 3 5 4 
11 2 4 3 9 3 
11 2 2 2 2 5 7 1 
10 2 5 1 4 4 1 
10 1 4 2 2 4 
10 1 3 1 2 2 
10 3 2 1 1 
10 6 1 1 6 
11 8 1 2 3 5 1 
11 2 2 3 6 3 5 
10 14 5 4 1 
9 12 2 3 4 
23 3 3 6 
8 5 9 3 1 
6 4 8 5 
2 3 7 4 1 
2 5 4 4 
6 2 7 
4 10 
14 
14 
13 
13 
/
15 
21 
24 
27 
29 
29 
30 
31 
30 
31 
20 6 
17 5 1 
14 4 9 
11 6 10 
9 6 1 2 7 
8 6 1 2 7 
7 5 7 7 
6 6 2 4 5 
2 6 2 2 1 3 
8 6 6 
7 2 5 
7 1 5 
6 1 5 
2 2 1 5 
2 1 3 2 3 
2 2 3 5 4 
2 1 2 1 1 3 
2 1 1 6 3 
2 2 2 2 3 3 
2 2 1 2 3 3 
2 2 2 2 3 3 
2 2 1 2 1 1 3 
2 2 2 2 2 2 2 
2 2 1 2 1 1 2 
2 3 2 2 2 2 2 
2 4 1 2 1 1 2 
2 4 1 3 2 2 3 
2 1 4 1 3 1 1 1 4 
2 1 3 1 2 1 2 2 4 
2 2 4 2 2 1 1 1 4 
2 5 1 2 1 1 1 5 
1 2 5 1 1 2 2 2 5 
2 2 6 1 1 1 1 1 5 
2 1 7 1 1 1 1 1 6 
3 7 2 2 1 2 2 6 
3 8 2 2 2 1 1 6 
4 8 2 2 1 1 1 7 
5 8 3 2 1 1 1 7 
5 13 2 1 1 1 7 
24 3 2 8 
