#7.236 
#nonogram 1354

37 1 3 
31 3 
2 30 1 1 
4 23 3 1 1 
5 6 4 3 2 
7 4 3 1 1 6 
7 4 2 1 1 1 4 1 
2 7 1 1 1 1 1 1 1 1 1 
4 6 1 2 1 1 1 1 1 
2 5 1 4 1 1 1 1 2 
3 2 5 1 1 1 1 1 
5 2 5 1 1 1 1 1 
9 2 2 3 5 1 1 1 2 
6 2 3 3 1 4 1 1 2 
2 3 3 2 7 2 1 1 
2 2 2 4 1 3 
2 2 2 2 3 1 
2 5 2 2 1 2 
3 5 2 2 1 2 1 
1 6 2 2 2 2 
7 1 2 2 
6 1 1 2 3 
6 6 4 22 
3 1 1 12 20 
3 1 1 11 20 
3 1 1 8 1 3 16 
2 1 1 1 1 2 2 5 3 
2 1 7 2 3 19 
3 1 7 2 4 19 
6 6 2 5 19 
5 2 6 19 
2 3 7 19 
1 1 8 3 
1 2 2 2 
1 1 
/
2 2 1 6 
2 2 2 1 8 
1 3 2 2 2 4 2 
1 6 4 1 1 
1 3 3 2 1 1 
1 2 3 1 1 
1 1 2 3 1 1 3 1 
3 3 2 2 1 1 
2 4 3 4 4 
2 6 3 2 3 
2 4 2 4 7 
3 4 3 12 1 
3 9 7 4 
12 14 
7 2 12 3 
6 3 5 3 2 2 1 
5 2 4 6 2 1 
5 1 4 5 2 2 
5 1 1 5 2 4 
4 1 2 3 2 6 
4 5 2 4 5 
6 1 2 7 
6 2 2 7 
5 3 1 7 
5 2 5 
4 12 
4 2 10 
4 2 3 6 
4 2 4 5 
4 2 2 4 5 
4 4 2 4 5 
4 8 4 5 
4 1 4 1 4 5 
4 1 1 5 4 5 
4 1 1 1 5 4 5 
4 1 1 1 5 4 5 
3 1 1 1 1 4 4 5 
4 1 1 1 1 2 1 4 5 
1 4 1 1 1 1 2 4 5 
5 1 1 1 4 1 4 5 
3 4 1 1 1 1 2 4 5 
1 1 2 1 2 1 2 5 6 
3 4 1 3 7 7 
1 3 3 2 1 1 7 7 
1 1 2 1 4 2 
