#7.232 
#nonogram 1537

2 3 
2 2 
2 5 2 
2 8 1 
13 2 
14 1 
1 5 6 1 
2 4 5 3 
1 1 3 3 3 
2 2 2 4 5 
5 3 4 7 
5 7 3 5 
7 6 4 7 
8 3 4 10 
17 11 
8 7 14 
8 2 17 
7 3 8 12 
7 17 12 
8 11 4 14 
8 2 9 3 14 
2 5 6 4 3 2 7 
2 4 1 2 3 4 3 1 2 1 
3 4 6 7 4 3 1 3 
2 5 5 4 5 1 1 5 
2 4 3 9 5 3 1 4 
2 4 3 3 2 3 11 1 4 
2 4 2 4 2 4 9 1 5 
2 4 3 2 1 4 3 1 8 1 4 
2 3 2 1 3 3 1 8 1 4 
2 3 2 4 2 2 1 7 1 3 
2 4 3 2 2 4 6 6 1 4 
7 3 1 8 2 8 1 4 
11 2 10 1 1 6 1 4 
11 3 2 6 12 1 3 
12 1 2 4 2 1 5 1 4 
6 1 3 3 3 1 6 1 4 
6 1 4 6 3 6 1 3 
7 2 2 2 1 1 2 7 1 3 
11 3 4 5 6 1 4 
12 3 9 8 1 3 
7 4 3 4 11 1 3 
1 4 6 3 2 8 4 
1 3 2 4 3 4 6 5 
1 2 1 3 3 4 4 4 
1 5 7 4 3 4 
1 12 3 2 3 
14 3 1 2 
11 4 4 
6 7 
/
16 
19 2 
9 12 1 
8 15 1 
9 25 
34 4 
29 4 6 
3 19 5 2 2 5 
2 16 5 5 4 
19 8 6 4 
6 5 1 14 11 
2 7 3 1 1 6 1 1 10 
1 10 1 2 1 4 5 1 2 8 
1 4 1 6 3 3 5 5 3 4 
1 4 5 3 3 3 1 1 2 10 
5 6 2 1 3 1 1 2 8 
6 4 3 3 4 4 3 4 
11 3 3 2 9 2 
1 10 3 3 3 2 2 2 2 
1 7 4 4 3 2 4 2 2 
2 4 4 5 1 4 5 2 2 
2 5 6 1 4 5 1 2 
3 6 7 1 1 1 5 1 2 
7 9 1 2 1 4 5 
12 2 2 4 2 2 2 2 
11 2 1 6 2 6 
10 1 1 2 7 1 1 3 
7 3 1 2 1 2 1 3 1 3 
7 3 2 1 1 1 2 3 3 
6 3 2 3 1 2 3 3 
7 2 3 5 6 2 
7 3 5 1 1 9 2 
7 2 20 2 
7 1 24 
7 1 21 2 
8 18 1 
8 13 1 
5 2 10 3 2 
5 1 6 4 2 2 
5 3 4 7 1 
3 1 4 14 
4 4 17 
3 13 4 
4 13 
4 10 
2 7 
2 5 
4 
