#7.235 
#nonogram 1809

2 24 
2 8 14 
2 8 13 
2 8 2 12 
2 4 3 1 11 
3 5 2 2 10 
2 7 1 4 7 2 
2 15 1 2 7 1 
2 17 1 7 1 
2 17 8 
1 14 2 9 
1 5 4 5 
2 5 3 2 3 
1 5 2 2 2 
1 6 2 2 
1 5 3 2 
1 1 4 1 3 
1 1 3 1 6 
2 4 1 6 
2 3 1 6 
3 1 2 5 
2 1 2 4 
1 1 1 1 2 4 
2 3 4 6 
2 4 2 1 5 
1 4 1 1 4 
3 2 3 4 
5 2 3 
6 2 1 3 
6 1 1 3 
5 1 1 2 2 2 
7 3 3 2 3 2 
2 2 3 4 1 3 1 
1 2 1 1 2 1 
3 1 4 5 
/
18 
5 1 4 4 
3 1 3 
3 8 
3 1 3 4 
3 4 3 2 10 
1 9 2 8 
16 5 
13 4 
12 1 
8 3 1 
8 2 
9 2 1 
11 2 3 1 
4 8 2 1 1 
4 6 7 3 1 
5 18 1 2 1 
6 9 1 1 2 
11 1 2 1 
3 3 1 
2 2 
1 4 3 
1 1 3 1 2 
1 1 6 
2 2 2 1 
3 2 1 1 
3 1 
4 1 2 
5 1 6 
6 3 
12 3 
13 5 
16 4 
18 1 
11 4 1 1 
11 5 2 1 
10 10 
5 15 
4 17 
3 12 
