#7.237 
#nonogram 2282

6 1 8 
9 1 7 
10 1 7 
13 1 6 
13 1 6 
14 1 5 
15 1 5 
11 3 1 4 
10 2 1 4 
9 2 1 1 3 
9 1 1 1 1 3 
8 1 1 1 1 2 
7 1 1 1 1 2 
7 1 3 1 2 
6 1 5 1 2 
5 2 6 1 2 
4 1 4 2 1 2 
3 2 3 1 1 2 
3 1 3 3 1 2 
2 2 4 5 1 2 
2 1 4 6 1 2 
3 3 3 1 1 2 
1 4 3 3 3 
2 4 3 4 3 
1 3 3 1 4 2 
2 4 4 1 3 2 
1 3 4 1 3 1 
2 3 3 1 3 1 
1 3 3 1 3 1 
2 3 3 1 3 
1 5 1 3 
2 1 4 2 3 
3 1 3 2 3 
2 2 1 3 1 3 1 
7 2 1 2 1 
6 3 1 2 1 
6 2 1 3 
6 2 1 3 
6 1 3 3 
6 1 3 3 1 
6 2 2 3 1 
5 3 1 4 1 
5 3 2 4 2 
4 4 5 3 
4 5 2 5 
/
6 
8 
10 
12 
12 
8 4 7 
14 3 7 
18 3 4 
19 3 1 
15 3 2 
14 3 5 2 
13 3 8 
12 3 10 
11 2 6 4 
9 2 5 8 
8 2 5 11 7 
8 1 5 5 3 5 
7 2 6 4 3 4 
7 7 5 3 2 
6 4 6 12 1 
1 10 5 7 2 
2 3 4 2 2 
1 2 6 1 2 
3 2 3 3 2 
5 2 7 3 
7 2 7 2 4 1 
9 11 19 1 
11 2 8 7 2 
26 4 3 3 
29 3 6 
