#7.239 
#nonogram 2014

12 1 1 2 3 1 
1 1 1 2 1 1 1 2 1 
1 1 1 1 6 2 1 1 6 1 
1 1 6 2 1 2 1 1 1 
1 1 1 6 2 1 3 1 
1 1 1 1 6 2 1 4 2 
2 1 1 1 1 2 1 1 2 1 
1 1 1 1 1 1 2 1 1 2 2 
1 1 1 6 2 1 1 1 1 
1 1 1 2 1 2 4 1 
1 1 12 1 1 6 1 
1 1 1 1 7 1 1 1 2 3 1 
2 2 2 1 1 1 1 1 2 1 
1 1 2 2 1 1 1 1 6 1 
2 1 2 1 1 1 1 2 1 2 1 
3 3 1 1 1 3 1 
1 1 1 1 1 1 1 2 2 
2 1 6 1 2 1 1 2 2 
2 1 1 3 1 2 1 1 1 1 
1 1 1 1 2 1 2 1 2 4 1 
2 1 1 1 8 1 1 6 1 
1 1 1 7 1 1 1 2 3 1 
1 1 8 1 1 1 1 2 1 
1 9 1 1 1 6 1 
3 1 1 2 1 2 1 
1 3 1 1 3 1 1 
1 1 1 1 1 2 2 
1 1 1 1 1 1 2 2 
1 1 1 1 1 1 1 1 1 
2 1 1 1 1 2 4 1 
2 2 1 2 1 1 6 1 
1 8 1 2 1 1 2 3 1 
1 6 1 7 1 1 1 2 1 
1 2 11 1 6 1 
8 3 3 2 1 2 1 
3 6 1 1 
2 2 6 3 2 2 
3 1 1 9 2 4 
3 1 1 11 2 1 3 
1 2 5 3 2 2 2 
1 1 3 4 3 1 
2 1 4 3 4 1 
2 1 1 1 2 1 1 3 1 
3 1 3 4 1 1 3 1 
3 1 2 2 1 2 1 
3 1 1 1 2 1 
6 2 2 1 
5 1 2 1 
6 3 1 
5 2 
/
1 2 1 5 1 1 1 1 
1 1 1 3 2 3 1 3 
1 1 1 1 2 2 1 1 2 2 
1 1 1 2 1 1 
1 1 2 
5 2 1 5 4 
1 1 2 1 3 8 
7 2 1 11 
13 1 1 2 1 3 4 
1 4 2 1 5 7 
1 2 1 3 1 13 4 
11 15 2 3 2 
1 1 2 4 2 3 1 
1 7 3 14 3 1 
1 4 1 2 4 2 3 1 
1 4 1 13 2 3 3 
1 4 2 2 3 2 3 1 1 
1 4 1 2 3 2 3 1 1 
1 7 2 3 2 3 3 
1 2 2 2 3 1 
11 4 4 4 1 
35 3 1 
3 3 1 
37 3 
7 
44 
3 1 2 1 2 1 2 1 
3 5 4 4 4 4 4 2 8 
1 2 3 3 2 2 3 2 2 3 2 2 3 1 
1 2 1 2 1 2 1 2 8 
1 2 3 3 2 2 3 5 3 7 3 1 
3 1 1 6 2 6 2 6 5 7 
3 1 1 4 1 1 4 1 1 4 1 1 6 
1 1 1 1 1 1 1 2 1 
3 4 4 4 5 
