#7.243 
#nonogram 1214

6 13 
2 15 
1 17 
1 17 
19 1 17 
2 2 2 17 
3 2 3 18 
5 2 21 
6 1 1 1 20 
7 1 2 1 3 7 1 
8 5 4 5 8 1 
10 5 3 7 1 11 1 
12 5 13 2 12 1 
38 14 1 
38 1 15 1 
39 16 
39 16 
39 16 
16 15 15 
13 15 16 
14 14 15 1 
14 13 15 1 
10 13 2 13 
12 4 13 4 1 2 
13 7 13 3 8 1 
12 8 27 1 
11 8 8 14 2 
12 6 7 13 2 
14 7 12 1 
15 7 12 1 
19 5 1 13 2 
31 13 1 
31 14 1 
30 14 1 
29 1 3 9 2 
29 3 1 7 1 
27 1 2 3 1 
27 1 2 7 
24 1 1 1 5 1 
24 2 1 2 1 8 4 
23 4 1 2 12 1 
16 5 3 1 14 1 
15 5 1 3 15 1 
15 5 4 1 4 15 
14 7 3 21 
14 7 1 2 20 1 
8 5 4 2 18 2 
5 7 6 4 15 1 
4 23 4 13 1 
3 28 10 1 
2 4 2 19 8 2 
1 1 1 18 4 2 
2 1 1 1 11 2 1 
2 4 9 2 2 
13 2 1 1 5 
/
4 
5 1 
7 1 
8 1 
1 1 2 10 1 
8 2 3 5 2 11 1 
15 2 24 1 
43 1 
1 41 1 
1 39 2 1 
1 38 4 1 
1 44 1 
1 41 1 
1 39 1 
1 42 1 
1 39 1 
1 32 3 2 
1 9 16 3 1 
1 1 8 14 2 4 1 
1 2 7 12 3 4 1 
1 9 3 11 3 5 
1 10 5 11 3 4 
1 8 5 11 3 4 
1 7 5 11 3 4 
2 3 6 5 10 2 4 
2 3 5 4 10 5 
2 2 5 4 10 6 
11 2 9 2 9 
6 8 5 9 
7 7 6 9 
8 8 6 8 
9 9 4 7 
25 7 
25 5 
23 7 
20 2 2 8 
21 7 3 
5 23 1 1 3 
2 2 20 2 2 2 
1 1 17 2 2 2 
1 2 13 3 2 
1 1 14 4 
1 1 15 5 
1 1 2 11 5 
8 4 8 3 
9 3 5 
9 11 7 
9 16 8 
9 22 9 
9 10 1 11 10 
9 11 9 13 
9 12 10 11 
9 13 11 12 
23 11 12 
23 12 13 
23 12 13 
23 12 14 
23 12 15 
22 2 19 2 
21 1 16 2 
6 13 4 3 2 1 
1 10 1 1 1 
1 6 1 1 1 1 1 1 
1 3 2 2 3 2 3 2 2 2 
6 2 4 3 2 2 4 4 3 
