#7.242 
#nonogram 2349

1 1 1 1 
1 1 1 2 2 
1 1 1 1 4 
1 1 3 6 
1 1 2 8 
1 1 2 10 
6 12 
1 1 1 2 10 
1 1 6 8 
1 10 7 
2 10 6 
4 11 5 
1 2 12 4 
3 12 4 
6 12 3 
5 2 11 3 
5 3 10 3 
4 1 9 3 
2 4 8 3 
5 2 5 7 4 
12 7 6 4 
14 7 6 3 
16 8 4 3 1 
17 8 4 2 1 
18 8 4 1 1 
17 9 5 1 
17 8 5 1 
8 5 8 4 1 
6 3 3 5 4 1 
5 6 2 3 2 3 1 
4 1 7 3 3 3 1 
3 2 7 2 4 2 1 
3 5 3 2 2 2 1 
1 4 4 2 2 3 1 
7 2 4 1 2 1 
6 4 4 2 1 
7 4 2 1 3 1 
6 6 3 3 1 
6 3 2 3 4 1 
5 4 2 3 4 1 
5 4 2 3 4 1 
4 6 5 3 1 
3 3 2 1 3 2 1 
2 2 1 1 1 1 2 1 
2 6 2 1 
4 5 2 1 
3 5 2 1 
2 5 1 1 
2 5 1 1 
1 3 1 1 
/
6 
12 
3 18 
5 3 9 4 
11 7 4 
10 6 4 
10 5 4 3 
9 4 12 
14 7 6 
9 1 16 
8 2 1 4 2 5 
7 4 1 6 1 2 
8 4 2 6 
8 4 4 1 
9 3 10 
9 4 2 6 
3 10 4 9 
7 10 4 6 
1 6 10 12 
1 5 6 14 
13 4 1 10 6 
1 3 1 11 3 
10 3 11 1 
1 5 2 11 3 
15 1 11 4 
4 8 10 3 1 
3 10 10 1 2 
2 11 8 3 
1 12 4 4 
1 14 5 
3 21 
3 20 
5 18 
6 16 
8 10 1 
9 5 3 
12 5 
21 
21 
20 28 
