#7.241 
#nonogram 1581

1 
1 
2 
2 
2 
2 
3 
3 
4 4 
4 7 
14 2 
11 3 
11 1 4 
2 3 6 6 
4 1 9 1 
2 2 1 9 
1 1 1 2 7 
2 2 2 2 10 
2 2 1 2 10 
1 4 1 2 10 
1 4 1 3 9 
2 4 2 2 8 
2 1 2 2 3 9 
2 1 2 2 1 8 
1 2 2 2 4 6 
1 2 2 3 12 
1 2 2 2 1 3 4 
1 2 2 2 9 2 
1 2 2 1 12 2 
2 1 1 1 12 1 
2 3 2 13 
1 3 2 3 9 
2 1 2 5 7 
2 1 2 3 6 
2 2 5 9 
1 2 6 8 
1 1 6 7 
3 8 12 
5 3 16 1 
2 8 18 1 
2 2 23 
6 3 17 1 
7 9 9 
4 6 6 
5 8 5 
2 2 2 2 4 
2 2 1 2 3 
2 2 2 2 4 
5 1 2 3 
4 4 2 
3 3 
1 2 
2 
1 
1 
/
6 
6 
2 3 
1 4 
1 5 
2 2 1 
4 2 3 
3 3 3 1 
2 5 2 
2 5 3 
3 1 4 
1 1 2 
1 1 1 
1 2 1 
1 1 1 1 
2 10 3 2 
1 7 5 3 1 
2 4 5 3 4 2 
4 13 2 2 1 2 
3 6 4 2 4 
1 1 1 15 1 1 5 
3 2 10 4 1 4 
1 4 3 5 7 
1 5 15 6 
6 2 7 3 6 
6 5 1 8 5 
3 2 8 11 4 
3 2 3 1 6 3 4 
3 2 1 1 2 4 1 9 
2 2 3 2 4 1 8 
3 8 7 7 
3 8 1 7 1 8 
2 11 8 2 7 
3 12 1 6 11 
2 15 19 
8 12 20 
9 13 13 7 
6 11 12 7 
4 11 7 6 
5 2 7 5 
