#7.245 
#nonogram 2161

3 
5 3 
4 5 
5 22 
2 3 22 
2 3 2 4 14 
2 5 3 14 
3 4 2 15 
4 3 1 16 
5 2 1 17 
2 3 2 1 18 
2 3 2 5 14 
2 5 4 14 
3 4 3 3 7 1 
4 3 2 4 7 1 
5 2 1 5 6 1 1 
2 3 2 1 6 5 2 1 
2 3 2 1 7 4 3 1 
2 5 5 3 4 1 
3 4 4 14 
4 3 3 3 6 
5 2 2 8 6 
2 3 2 1 9 6 
2 3 2 1 10 6 
3 5 1 7 1 
3 4 5 14 
2 3 4 3 8 1 
2 2 3 3 1 
3 2 13 1 
1 1 16 
1 17 
1 18 
5 14 
4 14 
3 14 
2 14 
20 
20 
/
2 
4 
6 
2 2 
2 2 
10 
10 
10 
2 2 
2 2 
2 2 
10 
10 
10 
2 2 
2 2 
2 2 
10 
10 
10 
2 2 
2 2 
2 2 
10 
10 
9 
2 2 
2 2 
4 
4 
37 
7 4 4 4 6 
4 4 4 4 4 2 
3 4 4 4 4 2 
2 4 4 4 4 2 
2 4 4 4 4 2 
35 
35 
35 
10 1 3 1 10 
10 4 1 3 2 10 
15 1 3 2 10 
15 1 3 2 10 
15 1 2 10 
14 6 2 10 
13 7 2 10 
12 8 2 10 
11 9 2 10 
10 5 1 9 
35 
