#7.246 
#nonogram 1386

16 1 1 2 4 
5 8 1 2 2 1 1 3 6 1 
12 2 3 3 2 4 3 4 
10 1 1 1 4 3 7 4 2 
3 5 1 5 1 10 3 2 4 3 
8 10 6 1 3 7 3 
8 1 5 4 6 1 4 6 2 
6 3 2 15 2 8 3 
3 4 3 7 3 1 2 2 6 3 
2 6 8 1 1 2 1 2 3 6 4 
3 3 3 3 2 1 2 6 4 2 
5 1 2 2 1 2 1 2 1 1 2 5 1 
6 1 3 1 2 1 2 4 1 1 2 7 
3 5 6 4 4 3 1 2 3 
1 1 9 14 1 8 
14 14 2 4 3 
14 6 10 2 8 1 
2 5 1 5 3 7 1 5 2 
1 4 2 2 1 1 1 3 2 3 2 4 1 
3 2 7 2 2 2 2 3 4 7 
5 5 5 3 3 5 4 3 
8 1 2 2 4 5 2 2 2 1 1 1 1 
10 1 1 1 2 2 1 2 1 1 1 1 1 
12 2 1 2 5 1 2 3 2 1 
4 8 1 1 6 1 2 3 2 1 
13 1 7 3 2 4 
8 3 2 8 2 2 1 2 
11 2 8 5 1 2 
12 3 8 5 2 
12 4 2 1 1 2 3 2 
12 3 1 4 1 1 3 1 2 
6 6 3 3 1 1 2 5 2 
13 2 3 2 2 4 1 
14 4 4 2 1 4 
16 7 2 2 4 1 
2 2 5 16 3 2 5 
20 6 2 2 5 
8 11 5 3 3 1 4 
17 1 3 5 4 
12 4 1 2 5 3 
17 2 3 1 4 
3 2 10 1 4 3 4 
13 1 1 3 7 3 
10 2 1 1 5 9 5 
13 2 4 1 7 4 
1 11 1 3 2 5 2 2 
8 4 4 1 7 3 1 
4 8 2 4 6 4 
13 2 9 9 
13 1 3 1 5 1 2 3 
10 4 5 2 4 1 1 3 
15 6 1 3 1 3 2 
6 8 4 1 2 2 7 
15 5 2 2 1 2 1 2 
15 4 2 6 1 2 
1 13 3 2 2 2 2 2 2 
18 2 1 3 1 5 
9 7 1 8 1 2 2 
16 2 6 2 1 1 
4 10 2 3 2 
14 1 1 2 
12 2 1 6 
5 8 1 10 
3 11 1 9 
7 9 2 3 
/
1 13 9 33 3 
14 1 26 9 9 
9 4 1 16 29 
4 3 2 2 21 21 1 
8 1 2 3 4 22 11 5 
8 1 1 4 14 26 2 
1 5 1 2 1 10 9 10 12 
7 2 1 2 2 43 
5 3 8 4 10 8 18 
4 5 6 35 7 
3 2 1 6 2 20 6 14 
3 4 1 11 12 29 
2 2 2 1 7 2 8 25 
2 8 4 3 9 11 3 
2 8 10 10 11 2 
1 4 7 2 8 3 1 
2 2 4 3 10 5 1 
13 2 3 3 3 7 
1 13 2 5 10 
6 1 8 3 11 3 
3 5 7 2 2 5 5 3 
5 2 6 3 4 6 2 2 
14 2 2 8 3 2 3 
4 7 3 2 9 1 4 1 
9 3 4 13 1 4 2 
19 3 5 5 2 3 1 3 
7 10 3 3 1 1 2 1 3 
1 4 14 1 1 1 1 1 3 4 
3 10 5 1 1 1 1 1 3 2 2 4 
7 6 3 2 1 2 3 2 1 3 2 3 
2 16 5 3 1 3 4 1 4 2 4 4 
2 5 5 2 7 9 3 7 11 
6 4 5 9 9 23 
11 12 2 11 
13 7 6 1 1 1 1 11 
9 15 9 
2 1 1 2 8 
1 6 3 
1 1 5 2 
4 1 3 3 5 
1 6 1 1 11 
3 5 1 1 1 4 1 1 1 
10 6 3 5 1 1 2 
18 1 12 1 2 1 1 1 
2 2 7 6 17 2 2 2 1 3 
2 1 2 3 6 6 1 3 4 3 
1 1 1 4 4 7 9 2 2 3 3 3 
1 2 3 1 4 3 3 10 4 1 1 3 
9 3 1 3 7 12 3 3 3 1 
11 6 10 10 2 3 1 2 
