#7.240 
#nonogram 1373

18 10 19 
16 7 5 17 
15 4 4 16 
15 3 5 3 15 
14 2 9 2 14 
14 3 11 2 14 
13 1 12 3 13 
11 2 8 3 2 13 
9 2 8 4 1 3 13 
8 1 8 1 4 1 13 
8 1 8 3 1 13 
6 7 1 1 1 12 
5 1 1 5 1 12 
4 2 2 5 2 1 1 12 
4 1 2 6 2 4 1 12 
3 3 5 1 4 2 9 
2 1 2 7 1 3 3 6 
2 3 8 2 2 5 
2 4 8 2 1 4 3 
2 3 6 1 1 3 5 
1 1 11 2 1 2 3 5 6 
1 5 8 3 1 2 2 13 
3 15 3 2 2 2 13 
2 12 2 3 1 2 6 2 7 5 
5 8 1 1 1 1 2 2 3 8 2 
4 9 2 2 3 1 4 8 3 
1 2 10 1 2 3 4 2 7 4 
1 1 1 10 1 1 6 2 7 5 
5 11 1 2 1 2 2 7 6 
4 10 2 3 8 7 6 
1 1 11 2 8 2 8 6 
4 11 2 7 1 1 6 6 
4 2 7 2 2 1 2 1 3 8 
1 1 2 2 2 2 3 2 1 2 10 
1 2 2 3 2 1 3 2 1 2 10 
1 2 2 2 1 4 4 1 9 
2 2 3 3 3 1 1 2 1 1 1 2 2 9 
13 3 2 2 3 3 2 4 9 
6 2 2 1 3 8 6 7 
2 1 4 5 1 4 3 3 7 6 
6 3 2 11 10 4 
4 6 2 1 6 3 12 2 
7 1 6 15 
1 2 2 3 2 5 18 
5 2 2 1 6 24 
2 9 8 27 
5 5 8 29 
5 10 30 
4 8 31 
1 5 33 
/
22 5 1 4 
20 3 4 1 3 
16 2 2 2 2 2 1 2 
15 12 3 2 2 3 
13 6 2 2 6 5 
12 7 2 8 2 1 1 1 2 
11 5 2 2 8 1 3 
11 9 1 6 2 3 4 4 
9 2 2 1 1 10 2 2 1 6 
8 2 1 12 1 1 1 3 2 
8 2 17 2 4 3 
7 2 18 3 3 1 2 
7 18 2 2 2 1 2 3 
6 20 1 1 1 1 1 4 
4 22 1 3 1 5 
2 24 4 1 7 
1 2 8 3 8 3 1 2 5 
1 2 5 3 4 1 3 3 2 5 
3 4 3 2 2 1 4 7 
3 4 4 3 3 2 2 7 
4 5 2 2 5 2 3 9 
3 5 1 2 1 2 2 11 
2 6 2 1 2 3 2 1 8 1 
3 8 4 3 2 5 4 1 
2 7 6 2 2 2 2 2 2 2 
2 6 3 1 4 5 1 2 3 
2 6 1 2 3 8 4 
2 5 2 2 2 2 4 4 
1 4 4 4 1 2 2 5 
1 6 1 6 1 4 1 6 
2 7 1 7 2 4 6 
2 5 2 2 4 2 2 6 
3 2 3 1 2 1 3 2 1 3 7 
2 3 2 9 5 7 
3 3 4 1 2 4 8 
3 1 2 1 3 9 
1 4 1 3 1 1 10 
1 4 4 2 2 12 
2 3 6 1 1 3 14 
3 10 3 6 15 
4 3 1 7 13 
6 1 9 13 
11 2 11 1 12 
15 13 2 11 
15 12 4 10 
15 10 5 10 
16 8 7 9 
16 7 8 8 
16 5 10 8 
17 3 12 7 
17 5 13 6 
17 5 15 6 
17 4 6 7 6 
17 4 5 6 5 
17 4 4 5 5 
