#7.258 
#nonogram 2384

33 
35 
22 2 8 
19 4 8 
4 9 1 3 9 
2 5 5 1 1 1 9 
8 3 2 3 12 
12 1 2 1 9 
6 2 4 1 2 3 
3 4 2 2 
2 5 2 2 2 
1 8 3 1 
5 5 3 
4 2 
3 2 
3 4 1 
5 5 7 1 
7 2 4 2 5 1 
6 4 2 4 1 6 2 
5 1 4 1 6 6 1 
5 1 3 7 6 2 
5 1 1 7 6 2 
4 1 1 5 2 10 
3 2 1 5 1 7 
2 2 6 2 6 
3 2 2 6 
6 2 6 
3 6 
2 6 
7 
/
5 3 3 
6 3 1 4 
6 3 1 3 2 
5 4 1 3 1 
4 4 2 4 1 
4 4 1 4 1 
4 4 2 5 1 
4 3 4 5 2 
4 3 10 2 
5 2 10 2 
5 2 15 
6 5 2 
10 2 
8 1 
7 1 
6 2 
5 1 
5 1 
4 2 
3 1 
3 7 
3 2 1 
2 2 2 
7 1 3 2 
4 3 2 5 3 
2 2 1 9 1 1 
2 4 1 8 2 1 
2 1 3 6 2 2 
3 3 1 4 2 2 
5 2 6 3 
10 6 3 
7 2 4 
7 2 7 
6 13 
7 13 
6 12 
6 10 
5 9 
3 6 
2 1 1 
2 2 1 
3 1 2 
3 2 2 
3 3 3 
9 
