#7.256 
#nonogram 2504

4 
5 
5 
6 
5 
6 
5 
14 4 1 
6 14 1 
5 5 2 1 
4 1 4 4 1 
5 2 4 6 8 1 
3 9 7 7 20 1 
2 10 7 31 1 
3 10 11 31 
2 56 
1 45 8 
49 6 
1 9 34 9 
2 8 5 23 8 1 1 
5 6 21 10 1 
3 5 19 12 1 1 
3 19 6 6 1 1 
33 1 1 
32 1 1 
32 1 1 
11 15 3 
7 13 3 
4 13 3 
12 3 
12 3 
9 3 
4 7 1 2 
8 8 2 
4 7 6 2 
3 5 3 2 
3 7 1 1 
5 7 1 
4 7 
4 6 
5 2 
7 2 
7 2 
7 2 
10 2 
7 9 2 
1 33 2 
1 5 39 3 
12 44 
16 41 
14 1 43 
13 46 
8 49 
5 1 33 1 
3 1 12 11 3 
2 10 9 3 
14 3 
14 3 
13 3 
3 6 2 
10 2 
9 3 
1 2 7 3 
3 1 5 3 
1 6 4 2 
1 1 1 4 2 
3 3 1 2 
2 4 3 1 
3 1 1 2 1 
1 3 1 1 
/
1 
7 
13 
15 2 
12 2 3 5 
10 1 1 3 7 
6 2 6 2 1 8 
2 1 1 4 2 2 8 
1 1 9 6 
1 8 6 
1 11 8 
1 13 6 
2 11 5 
2 11 6 
1 10 5 
1 6 2 6 1 
1 3 4 5 1 3 
1 4 1 4 6 2 2 2 
1 5 4 9 2 3 
1 6 4 1 8 3 1 1 
1 7 5 8 1 6 
1 8 6 8 2 2 2 1 
2 8 7 13 3 1 
3 8 8 15 1 1 
12 23 4 
12 5 13 6 2 
10 5 9 10 
4 6 5 9 10 
7 2 6 8 7 1 
11 5 8 6 
13 7 8 4 
15 6 9 2 
16 6 9 
17 3 11 
17 2 11 
17 3 11 
16 2 11 
15 2 11 
15 1 11 
15 2 11 
14 2 11 
13 2 11 
14 1 8 
14 2 8 
15 1 8 
16 1 8 
16 1 8 
11 6 1 8 
10 9 2 7 
9 10 2 7 
7 11 1 6 
6 12 1 6 
6 14 1 6 
4 17 2 6 
6 4 11 2 6 
6 17 1 5 
25 1 5 
26 1 5 
27 2 5 
22 2 2 5 
12 6 3 1 5 
9 1 12 5 
15 13 11 
5 12 2 5 16 
13 2 6 
