#7.251 
#nonogram 1676

7 
10 
3 10 
11 9 
4 9 4 
2 2 3 
2 6 2 
2 7 2 3 
2 1 7 2 6 
2 1 9 2 3 1 1 
2 2 1 2 1 9 2 2 2 
4 7 13 2 2 3 
3 1 1 2 16 2 2 
1 2 4 1 1 17 2 2 3 
1 1 4 2 2 23 2 1 
2 1 1 28 3 2 
4 1 25 2 
26 3 1 
28 3 
30 4 
35 
3 33 2 
7 35 3 
23 18 1 1 
23 2 15 1 
21 5 9 3 2 2 
19 3 4 8 3 
17 6 3 7 2 
9 4 1 3 5 1 3 5 1 5 
9 4 5 4 6 7 3 
9 4 5 1 1 5 7 3 
10 4 4 5 3 6 4 
10 3 2 1 5 3 5 1 2 
11 4 5 4 2 2 2 1 1 
12 4 6 4 2 2 2 1 2 
11 3 5 3 2 2 7 
12 3 4 3 1 2 4 1 
13 3 3 2 2 4 
14 3 3 1 2 1 2 
14 3 2 2 2 
13 2 2 1 
13 1 5 
12 3 
13 2 
12 
11 
11 
10 
8 
5 
/
5 
5 9 
10 10 
3 2 2 12 
2 3 1 13 
1 1 4 14 
1 3 1 13 
2 2 14 
1 1 14 
1 2 6 8 
1 3 7 7 
1 1 3 8 8 
1 4 10 7 
1 5 10 7 
2 3 9 3 7 
3 14 2 7 
3 15 2 7 
1 2 13 2 3 7 
2 1 12 3 2 6 
3 1 13 3 2 6 
3 1 1 12 1 3 2 6 
5 1 1 3 10 2 4 2 6 
5 2 1 14 3 3 2 7 
24 4 1 1 2 6 
4 18 1 3 2 1 6 
3 17 2 4 3 2 6 
3 17 3 2 1 3 1 6 
3 17 3 1 3 2 5 
3 17 4 3 3 2 5 
3 17 2 1 2 3 2 5 
3 17 2 3 3 2 4 
3 17 3 3 3 1 5 
3 16 3 4 3 1 4 
3 16 3 4 2 4 
18 4 4 5 
18 4 3 4 
18 4 4 
19 3 3 
21 4 
11 9 3 
2 9 4 3 3 
2 8 5 3 3 
3 8 7 3 3 
3 2 6 1 2 2 3 
8 2 1 1 2 2 2 
2 2 2 1 2 1 2 4 1 2 
2 2 4 2 1 2 4 5 2 1 
5 3 4 1 1 5 3 5 
2 3 5 8 2 2 3 
2 3 3 3 1 2 4 1 
