#7.253 
#nonogram 1540

3 2 
4 1 6 2 
4 2 4 2 2 
2 2 1 4 3 2 1 
2 2 2 3 8 3 
2 4 4 5 4 2 
4 3 3 3 4 2 
10 8 4 1 
21 5 1 
17 5 4 1 
7 10 3 1 4 1 
2 9 6 1 4 4 1 
13 2 1 3 5 1 
3 8 7 5 1 
5 5 4 4 2 4 1 
8 6 2 1 4 4 1 
15 2 4 2 4 1 
23 2 6 5 4 1 
29 8 4 1 
34 2 1 3 1 
27 1 3 4 
39 2 4 
46 4 
26 7 4 
27 3 2 4 
27 1 4 4 
28 1 1 4 
28 6 4 
29 6 4 
29 2 2 4 
11 2 9 4 4 
8 3 2 5 1 4 
5 2 2 6 4 
4 2 2 3 1 4 
2 3 3 1 3 3 1 
1 2 2 1 1 3 1 
2 3 5 3 1 
2 2 6 3 1 
2 3 3 1 2 2 
3 2 2 3 2 2 
8 1 2 2 
5 4 3 2 
4 7 3 2 
17 4 2 
15 3 1 2 
8 9 2 1 
6 1 1 
3 1 1 
/
2 
3 1 
3 1 
5 1 
1 4 2 
1 6 2 
1 9 
1 8 
2 10 
2 12 
2 14 
2 15 
3 16 
2 18 
2 20 
2 20 
2 19 
2 18 
2 2 15 
1 1 2 15 
2 1 2 14 
6 2 15 
8 2 13 1 
2 5 1 13 2 
2 1 5 1 14 1 
11 1 14 1 
4 7 2 13 1 2 2 
2 11 12 2 1 4 
1 4 10 12 1 2 5 
2 1 4 16 1 1 4 
1 3 13 2 1 5 
2 3 12 1 2 5 
1 2 13 2 1 4 
1 3 3 10 2 1 5 
2 2 1 1 2 7 1 2 1 3 
1 2 1 1 2 6 2 1 1 2 
1 3 1 1 2 5 5 2 
1 3 2 1 2 4 1 2 2 
1 7 2 1 2 2 4 3 2 
1 1 4 5 1 2 3 2 4 
2 1 5 2 1 1 3 2 1 4 
1 2 2 1 3 2 6 2 3 1 2 4 
1 2 5 1 3 4 4 4 8 1 
2 1 5 4 4 4 2 4 4 1 
1 2 7 1 2 1 2 1 3 4 3 1 
1 2 10 4 1 1 2 1 2 1 
1 3 20 1 
1 5 2 
2 10 2 
1 14 4 
1 38 
2 38 
3 3 26 3 
12 14 7 
8 14 
