#7.254 
#nonogram 1651

2 13 5 5 6 5 
1 1 2 11 13 9 1 
1 1 7 4 16 1 6 
2 2 10 19 2 4 
2 2 3 3 9 6 2 2 
3 3 1 4 6 1 2 
2 1 1 5 3 21 1 
1 3 9 2 23 1 
3 11 2 1 24 
2 10 2 7 9 2 
2 10 6 3 1 1 2 
2 7 5 2 3 1 2 
1 8 9 2 4 1 2 
1 6 4 1 2 4 1 2 
1 6 6 1 2 4 1 2 2 
1 5 3 2 1 4 1 2 2 
1 3 4 4 4 2 2 3 
2 3 4 1 4 4 7 2 
2 2 2 2 2 4 3 4 1 
2 1 3 3 2 4 3 
2 2 2 2 1 1 4 3 
3 2 2 1 3 2 4 3 
3 2 1 4 2 5 3 
4 2 2 2 3 1 4 4 
1 2 2 4 2 1 5 3 1 1 1 
5 2 2 3 5 4 2 1 1 2 1 
2 1 2 7 3 4 2 2 4 1 
1 6 3 2 3 4 2 4 4 2 1 
1 1 4 2 2 6 2 2 2 
2 2 3 3 10 1 
1 8 2 3 3 3 2 
2 7 1 2 3 1 1 4 2 
1 1 3 3 9 19 
1 13 3 1 1 2 1 2 
2 5 4 3 3 2 4 5 
1 2 5 5 15 1 
2 8 10 12 6 
1 8 8 5 5 15 
2 5 4 34 
3 14 14 7 3 
/
2 1 13 19 
1 3 4 7 2 1 1 1 1 2 
2 2 1 4 6 2 1 2 1 1 1 
1 3 10 3 1 3 6 
3 15 1 1 3 2 3 
1 1 12 4 2 2 2 3 
1 1 9 3 2 2 2 3 
3 2 7 1 3 2 5 2 3 
6 6 8 1 6 3 
1 3 6 1 4 2 1 5 3 1 
5 5 4 2 5 1 
4 5 1 3 3 3 3 3 2 
4 5 1 2 3 2 4 4 3 
4 3 3 2 1 5 4 3 
2 2 3 1 3 7 3 4 
5 1 4 6 1 1 2 1 
6 2 4 2 3 2 5 4 
4 5 2 1 3 5 4 
2 3 4 5 1 1 3 5 
2 5 4 2 3 1 1 5 
2 4 2 4 2 1 3 2 
1 3 6 4 18 
1 3 8 11 3 1 6 
1 3 5 12 2 1 3 
3 4 2 9 3 3 3 
4 10 4 5 1 3 
4 4 7 7 2 2 
4 4 16 2 2 2 
3 4 13 2 1 2 
3 4 8 3 3 
3 4 1 1 2 3 
4 4 2 3 2 4 
4 4 2 4 2 5 
4 4 1 1 1 6 
5 3 2 1 5 2 
5 3 2 3 1 6 
4 3 2 4 1 6 
4 4 2 1 1 5 
1 2 4 2 1 4 
3 1 6 3 1 1 5 
2 1 4 4 3 1 5 
2 2 4 4 1 6 
2 6 1 1 6 
2 4 1 1 2 3 
2 3 3 8 
3 1 4 8 
4 4 1 1 4 
4 7 2 4 
1 4 2 3 3 4 
8 1 3 5 5 
