#7.269 
#nonogram 4532

5 
7 
9 
10 
5 5 
5 5 
5 4 
5 4 
4 4 5 
9 3 4 
9 1 1 4 
6 5 5 4 
5 4 5 5 
2 1 6 6 1 
2 1 5 6 2 
2 1 5 5 1 
2 2 1 2 2 2 
2 2 2 2 3 2 
1 3 1 3 2 4 
1 3 1 3 3 5 
1 1 2 3 4 
2 1 1 5 5 
3 9 4 
4 9 4 
11 4 
2 2 4 
1 2 4 
1 2 4 
2 2 1 3 
5 1 3 
6 1 4 
15 
13 
10 
8 
/
7 
9 
4 1 
10 1 
5 4 1 
4 2 2 
3 1 2 
3 1 2 
2 2 
3 1 2 
1 1 3 2 
1 4 5 
5 3 2 3 
17 3 
1 8 11 
2 4 3 6 
5 1 1 4 6 
6 3 4 5 
10 1 5 4 
6 5 5 4 
6 5 7 4 
5 8 1 4 
4 5 4 
4 4 5 
6 6 2 1 3 
13 8 1 3 
14 12 4 
11 14 
5 12 
8 
