#7.267 
#nonogram 10420

22 1 1 17 
22 2 16 
22 1 1 1 16 
21 2 2 16 
20 2 2 16 
19 4 16 
12 3 4 2 15 
6 3 6 15 
5 1 3 2 4 2 11 
4 1 6 2 4 3 3 3 
2 3 1 4 2 3 7 3 2 
1 6 2 3 12 1 1 
1 6 1 1 2 2 2 6 3 
1 7 3 2 1 9 1 1 2 
1 6 2 2 17 1 3 
1 4 1 2 4 5 2 
2 1 2 3 2 
2 1 3 1 1 2 1 
1 2 2 6 1 2 1 
1 1 2 1 1 1 7 1 
3 2 2 2 1 1 10 1 
2 4 13 13 1 
2 1 2 1 3 13 8 2 1 
3 1 1 13 3 1 1 
5 3 2 17 1 
5 2 1 20 
1 1 1 24 1 
1 1 2 26 2 
1 2 1 15 11 
1 2 1 3 3 7 
2 1 1 2 1 1 4 1 2 
2 2 2 2 3 1 1 13 1 
2 3 1 8 18 2 
3 3 1 32 
6 3 32 
/
19 4 9 
11 2 7 5 
10 3 1 3 2 
10 5 1 1 2 3 1 
9 5 1 2 1 2 1 
8 6 1 1 1 1 1 
7 7 2 1 2 3 
8 5 2 5 2 1 
9 1 1 8 2 2 
8 1 1 8 3 1 1 
7 1 2 4 6 
7 1 1 4 1 
6 2 1 4 1 2 
6 3 2 3 1 4 
6 3 1 1 2 1 4 
7 2 1 2 2 1 3 
7 1 1 1 2 4 
7 1 1 1 2 3 3 
6 3 2 8 4 
5 1 5 9 3 
4 1 2 1 9 2 
3 3 1 9 3 
7 1 3 8 3 
1 16 8 3 
1 1 7 2 1 1 7 4 
3 2 1 1 1 3 3 7 4 
2 1 1 1 5 1 1 6 4 
2 1 3 8 6 4 
1 3 3 2 1 6 5 
6 3 3 1 6 4 
8 2 2 1 5 5 
8 2 2 2 4 5 
8 2 1 3 4 5 
8 2 1 3 4 5 
10 2 1 3 5 4 
10 2 1 5 4 4 
10 2 1 5 4 4 
9 2 1 6 5 3 
9 3 1 4 4 3 
9 2 1 4 5 2 
9 1 1 1 4 4 2 
9 3 4 4 2 
10 1 2 3 3 2 
11 3 3 3 
12 2 8 3 4 
