#7.268 
#nonogram 1128

24 
6 20 
6 24 
5 19 
6 4 1 5 
4 3 3 8 4 
3 1 1 3 1 3 1 1 4 
2 2 4 1 2 1 1 8 
3 4 2 1 1 3 2 
12 11 4 
10 1 1 1 1 1 
10 2 2 1 1 1 
10 1 9 1 
10 1 2 5 
13 3 1 1 
1 7 2 1 
2 5 3 1 1 
1 3 4 3 2 1 
1 1 2 3 2 2 
1 1 3 2 2 1 2 1 
4 3 1 1 2 3 2 
3 5 1 
3 3 11 
2 4 12 
3 6 14 
/
3 
1 5 
1 1 
1 1 
4 7 
7 5 
9 6 
5 2 6 4 
4 8 6 
2 1 1 7 8 
2 2 7 1 1 
2 6 1 1 
1 1 6 2 2 
1 7 1 1 
1 10 2 1 
2 9 1 2 2 
12 3 2 
5 2 1 3 
4 4 4 7 
4 1 4 1 3 1 
4 2 1 2 1 
5 2 1 3 1 
4 8 2 
4 1 1 1 1 
4 1 1 1 2 
4 8 2 
4 1 1 1 2 1 
4 1 1 1 3 1 
4 1 1 4 2 
4 9 3 
5 1 1 5 
7 2 1 3 3 
8 10 3 
10 3 
10 3 
1 1 3 
1 1 3 
1 1 3 
1 1 3 
1 1 3 
