#7.266 
#nonogram 12144

1 4 4 1 
13 5 1 
1 2 10 4 1 
3 1 16 2 
24 2 
4 4 5 10 1 
2 8 3 1 1 1 10 3 
1 4 8 2 3 13 
1 2 6 1 1 1 12 
1 2 6 1 1 3 11 
1 1 1 7 3 12 
3 2 8 3 2 14 
5 7 4 18 
2 1 11 2 2 11 5 
2 1 2 5 3 2 2 2 5 
1 2 2 4 1 2 2 1 5 
1 1 1 8 1 2 1 1 4 1 
2 3 10 1 2 5 1 
2 2 2 3 1 1 5 1 
2 2 1 1 4 1 2 1 4 2 
2 2 1 1 1 4 1 2 2 
2 3 2 1 2 5 
2 3 6 4 6 
6 5 3 3 
1 2 2 3 
2 4 3 3 
3 7 3 2 
3 1 3 1 1 2 1 
3 4 3 
4 5 
/
13 
2 4 5 
2 3 2 3 
1 1 1 1 2 1 3 
10 5 1 1 
5 1 1 11 
3 2 2 3 4 3 
1 2 1 2 3 5 3 
2 11 1 2 
2 16 1 
18 2 1 
1 14 3 1 
2 1 2 10 2 
6 3 4 10 1 
8 1 1 4 5 1 
8 1 1 2 2 2 3 1 
6 1 1 2 2 
5 3 1 4 
4 2 1 1 4 3 
4 5 4 3 
1 3 2 5 3 2 1 
1 3 1 2 2 2 2 2 
1 7 2 1 
2 3 1 2 1 
1 4 1 1 
6 2 
7 1 1 2 
7 3 1 3 
2 4 4 2 
4 3 1 
12 
13 
8 
10 
11 
5 8 2 
12 
11 1 1 
6 4 1 
12 3 
11 4 
10 5 
8 3 3 
3 3 3 
4 
