#7.265 
#nonogram 9532

3 
4 
4 
5 
4 
4 
1 5 
2 1 5 
10 6 
8 5 
8 6 
8 5 
1 8 3 6 
14 8 
16 9 
14 9 
14 8 
14 9 
13 10 
24 
21 2 
20 8 
6 29 
38 
21 12 2 
20 8 1 
19 2 
18 
17 
8 8 
1 5 3 3 
3 3 
3 3 
3 4 3 
5 4 1 
1 2 4 1 
1 2 4 
2 5 
2 3 
9 
5 2 
4 2 
4 2 
4 3 
9 
/
1 1 
1 3 2 
1 2 3 2 
11 6 3 
12 9 1 2 
12 8 1 2 
12 9 1 2 
13 9 1 1 
12 9 1 2 
13 9 2 3 
11 8 6 
9 6 10 
31 
26 1 2 
25 2 2 
16 1 2 
14 1 1 2 
17 1 1 
17 1 1 
19 1 1 
14 2 
14 2 
1 13 2 
7 13 
22 
24 
25 
2 10 8 
2 6 7 
1 6 
6 
5 
4 
5 
5 
4 
4 
3 
3 
4 
5 
3 
