#7.260 
#nonogram 2151

5 5 1 
9 6 3 
10 6 4 
3 10 6 5 
4 8 5 7 
6 4 3 3 6 
7 6 2 5 
9 9 2 4 
10 9 5 3 
11 8 5 
11 9 5 
12 8 4 
12 
11 8 2 
11 10 4 
10 10 4 
6 11 4 
2 3 11 4 
8 10 
12 9 4 
12 9 4 
13 7 4 
13 2 
12 6 
11 8 5 
10 9 5 
4 9 5 
4 9 4 
9 8 2 
9 7 
10 5 3 
10 4 4 
9 2 5 
8 5 
3 5 4 
2 2 4 6 
3 4 2 8 
4 4 11 
3 4 10 
2 3 9 
2 2 3 8 
2 2 2 4 
1 2 
2 2 
3 
/
11 5 
13 7 
13 8 
14 9 3 
14 9 4 
14 9 5 
11 8 6 
2 10 9 8 
4 9 9 8 4 
5 8 9 8 6 
5 6 8 7 3 1 
6 2 6 6 3 2 2 
6 2 2 2 4 3 2 1 
5 4 5 3 3 2 
5 6 8 6 3 2 
5 6 9 8 8 
3 6 9 10 7 
7 9 10 5 
2 7 9 9 
3 7 9 8 2 
4 5 9 7 4 
5 2 9 6 5 
7 7 5 
6 3 4 5 
4 4 4 3 4 4 2 
2 5 4 3 5 3 4 
5 5 4 5 6 
4 5 4 3 7 
2 7 
4 8 
6 7 
7 6 
8 5 
7 4 
4 4 
