#7.27 
#nonogram 1703

11 4 8 
6 1 7 1 4 
3 2 3 6 4 
2 4 5 2 
3 4 5 1 3 
3 4 11 2 2 
2 9 12 3 1 
1 31 1 
1 11 19 1 
10 2 14 2 1 
8 1 3 8 9 
8 2 1 2 1 6 9 
6 2 2 4 3 5 
8 2 2 4 5 3 
9 1 1 2 3 13 
11 1 2 1 12 5 
12 1 3 4 1 7 
14 2 2 9 
14 2 1 2 5 1 
16 2 2 7 
16 1 2 2 6 
17 2 1 3 3 2 
22 2 6 
20 4 6 
26 5 1 
27 5 1 
26 2 2 1 
26 5 1 
25 4 1 
1 24 4 1 
1 27 2 
1 15 2 2 2 
2 9 1 2 1 3 
5 2 6 1 7 
14 4 9 
/
9 6 6 
7 10 3 
3 2 15 2 
2 17 2 
3 19 2 
3 21 1 
1 22 1 
2 23 2 
1 6 17 2 
1 6 17 1 
1 5 16 1 
5 15 1 
5 14 1 
7 19 1 
4 1 1 13 
5 17 
2 3 5 11 
1 1 1 1 11 
1 1 11 
1 2 1 11 
2 3 1 13 
7 15 
7 5 1 11 
1 8 3 2 12 
2 7 2 12 
3 7 3 11 
18 10 
17 1 8 
16 2 6 
13 2 1 4 
10 1 2 3 
5 1 2 3 
4 2 2 5 
7 2 2 11 
9 4 7 7 
10 14 
2 18 1 
1 4 8 4 1 
1 6 8 2 
2 12 3 
1 3 4 1 2 
3 8 2 
3 1 5 3 
6 3 5 
10 1 11 
