#7.270 
#nonogram 19758

5 9 
1 24 
28 
3 5 6 
1 1 4 1 5 
2 1 3 4 
4 5 2 6 4 
4 7 7 4 4 
3 9 6 2 4 3 
3 16 2 3 7 
13 6 2 1 9 
2 17 3 1 8 
2 10 6 4 1 8 
3 7 7 3 4 1 8 
2 15 4 1 2 3 8 
1 6 6 7 7 8 
4 7 6 4 1 8 
1 1 6 3 5 1 8 
2 1 5 2 2 1 8 
2 3 5 4 1 8 
2 4 3 3 1 1 9 
4 6 4 4 1 2 9 
5 5 3 1 1 10 
6 7 5 1 9 
9 11 11 
5 7 2 9 
6 4 4 8 
7 6 6 
1 15 3 
12 
/
5 
10 
7 2 
3 4 
7 1 
7 3 
9 3 
2 11 3 
3 11 1 4 
2 11 1 4 
2 12 2 3 
2 11 2 3 
2 6 1 1 2 2 
3 1 1 1 5 2 2 
3 2 11 1 2 
6 13 2 3 
5 13 2 3 
5 14 3 2 1 
3 15 2 3 
3 8 2 2 3 
2 1 2 2 2 3 
2 2 1 1 2 3 
2 1 1 1 2 3 
3 1 3 1 3 3 
3 1 3 1 2 3 
3 2 5 1 3 2 
3 1 5 2 3 2 
3 1 1 3 1 4 2 
3 2 1 1 2 4 2 
3 2 1 5 3 3 
3 12 2 4 
4 8 1 3 5 
3 3 6 5 
4 1 7 4 3 
4 3 2 2 2 1 
8 9 5 
6 1 8 
5 18 
2 20 
20 
20 
20 
19 
17 
14 
