#7.272 
#nonogram 16344

49 8 
1 13 9 
1 13 10 
1 13 11 
1 12 11 
1 13 12 
1 13 13 
1 12 14 
1 13 12 1 
1 12 12 1 
1 2 12 12 1 
1 4 13 12 1 
1 5 12 12 1 
1 7 12 12 1 
1 8 5 2 12 1 
1 10 6 2 11 1 
1 12 4 1 1 12 1 
1 15 1 1 11 1 
1 15 1 1 9 1 
1 15 1 1 7 1 
1 15 1 1 7 1 
1 16 1 1 5 1 
1 7 7 1 1 4 1 
1 3 3 6 1 1 2 1 
1 1 3 2 5 1 1 2 1 
1 1 1 3 3 4 1 1 1 1 
1 2 2 1 1 1 1 
1 2 2 10 2 1 1 1 
1 2 3 3 2 1 1 1 
1 1 4 3 2 1 1 1 
1 2 4 1 2 2 2 1 
1 3 4 1 2 4 4 1 
1 4 4 2 5 5 1 
1 4 4 2 6 6 1 
6 4 8 7 1 
6 17 6 8 1 
6 4 4 4 7 1 
6 3 6 2 6 1 
6 2 8 1 4 1 
5 1 20 7 1 
4 1 6 6 1 
3 9 7 1 
3 9 7 9 1 
2 9 5 2 4 1 
1 9 4 2 2 1 
1 8 3 2 3 1 
8 3 2 2 1 
7 3 13 1 
7 2 1 6 1 
8 7 1 
7 4 1 
6 1 
6 1 
5 1 
60 
/
46 6 
1 10 7 
1 11 9 
1 10 11 
1 10 12 
1 11 11 1 
1 3 1 10 1 
1 3 9 10 1 
1 2 12 7 1 
1 3 15 6 1 
1 5 11 1 5 1 
1 5 2 1 1 4 1 
1 10 1 1 1 3 1 
1 11 1 1 1 2 1 
1 11 1 1 1 1 1 
1 12 1 1 1 1 
1 12 2 1 1 1 1 
1 12 2 1 1 1 2 1 
1 12 1 1 1 1 4 1 
1 12 3 1 8 1 
1 12 3 1 10 1 
1 12 5 13 1 
1 11 8 3 1 
1 10 16 2 2 1 
1 18 6 4 1 
1 3 2 3 1 5 1 
1 3 4 2 1 1 2 1 
1 3 6 1 1 1 2 1 
1 4 8 1 1 2 1 
1 5 6 2 1 3 1 
1 6 6 2 1 3 1 
1 26 2 1 3 1 
1 8 2 1 2 1 
1 9 2 1 2 1 
1 11 3 2 2 1 
14 3 1 1 1 
14 4 1 1 1 
39 5 1 
16 8 3 1 
14 1 7 1 1 
13 2 7 1 
12 5 5 1 
10 8 4 1 
9 11 2 1 
7 15 1 
6 16 1 
4 16 1 
3 16 1 
1 16 1 
16 1 
16 1 
15 1 
15 1 
14 1 
13 1 
12 1 
11 1 
9 1 
8 1 
55 
