#7.28 
#nonogram 241

7 
3 6 
7 5 
9 5 
5 12 4 
7 13 4 
25 6 
1 4 16 7 
3 1 15 9 
1 1 15 11 
1 2 29 
5 11 21 7 
10 32 7 
11 31 6 
42 2 4 
11 30 4 
10 14 16 4 
10 14 14 6 
7 2 11 1 22 
6 1 6 2 22 
5 1 6 1 9 10 
3 1 1 2 2 8 7 
1 1 1 1 1 1 2 8 6 
3 1 2 2 2 7 6 
4 6 1 10 2 3 
6 1 1 6 2 4 
5 1 1 4 4 
9 1 2 5 
4 1 5 2 7 
1 5 10 10 
2 1 1 1 5 9 
1 4 1 4 7 
4 5 9 
1 2 2 1 12 
1 1 1 3 14 
/
5 
7 
11 
13 
11 1 
9 1 
9 1 1 
8 1 
7 1 
6 1 1 
5 1 
1 5 
1 1 
5 
9 3 
2 13 3 3 
1 10 1 1 2 
3 10 1 5 1 
1 10 2 3 1 1 
2 11 2 1 1 1 2 
17 8 1 
3 8 7 1 3 
4 8 4 5 
3 8 5 1 1 
3 8 8 
3 6 5 
4 9 5 
10 1 1 4 
10 3 2 1 2 
11 2 1 2 
13 2 1 2 
13 2 1 1 
14 1 1 1 
18 2 
25 
25 
25 
26 
25 
24 
23 
19 1 
4 5 1 
4 4 2 
4 4 2 
4 5 1 2 
4 4 2 3 
3 3 2 3 
1 6 1 4 1 7 
2 9 9 7 
4 8 8 8 
24 10 
35 
35 
35 
