#7.31 
#nonogram 2319

2 
3 
3 
4 
4 1 
5 2 
4 3 
5 3 
6 3 
5 2 
6 1 2 
6 1 2 2 
7 3 1 
6 4 1 
6 4 
5 2 
6 2 
10 
10 
11 
12 
13 
1 12 
1 12 
2 12 
1 12 
2 11 
2 11 
2 10 
2 10 
2 9 1 
3 9 1 
16 2 
4 8 2 
6 8 3 
2 10 3 
2 8 3 
3 8 3 
5 8 3 
1 14 2 
1 14 2 
2 14 2 
2 13 2 
2 13 3 
2 13 3 
1 13 3 
2 13 3 
2 13 3 
2 8 4 3 
1 9 4 2 
9 4 2 
10 4 2 
11 4 1 
13 4 
14 4 
15 4 
13 3 
8 3 4 
4 3 4 
3 4 1 
3 1 4 1 
2 2 4 2 
2 2 4 2 
2 2 4 2 
2 4 4 2 
2 4 4 2 
2 4 4 1 
1 4 3 1 
1 4 3 1 
4 3 
3 3 
3 3 
1 3 
1 2 
1 
/
4 
4 
5 
5 
5 
5 
6 
6 
6 6 
9 10 
9 3 17 
6 18 20 
9 2 26 
11 1 3 19 
12 1 1 1 18 
12 7 1 2 17 
23 1 1 15 6 
44 11 
41 14 
38 8 
2 32 
1 2 39 
5 50 
5 58 
3 58 
17 16 
8 
3 5 6 
8 21 5 
9 22 10 
