#7.32 
#nonogram 2313

1 2 1 1 2 
3 5 
1 4 5 
9 5 1 
10 4 1 
11 3 3 
6 3 3 
2 4 5 
2 2 2 4 4 
3 2 2 1 4 1 3 4 
3 5 3 2 2 8 
3 4 4 4 9 
8 3 5 9 
1 1 6 3 4 8 
1 6 5 5 8 
2 3 7 6 4 2 
4 1 9 3 4 
5 13 3 2 
5 12 6 
4 11 8 
3 12 10 2 
2 6 6 10 4 
1 4 2 1 10 3 
2 4 9 4 
3 3 8 4 
2 2 11 
1 3 3 2 9 
6 7 8 
6 4 4 
3 1 
/
6 
6 
2 3 7 
2 5 1 6 
2 3 8 3 2 
5 6 4 
6 3 4 6 2 
1 4 7 6 2 2 
4 4 7 1 3 
3 5 7 2 4 
4 4 7 1 4 
4 1 1 7 1 3 
3 3 8 2 3 
4 4 8 1 
3 2 10 2 
2 1 2 1 2 7 2 
3 4 1 6 2 
11 1 2 2 2 2 
9 5 1 2 2 
8 6 5 2 
1 3 8 6 2 
14 3 
10 2 
4 8 
7 8 
9 9 
9 9 
8 9 
5 8 
10 4 
12 4 
1 8 7 
1 3 8 
1 7 
1 1 1 
