#7.33 
#nonogram 263

1 2 1 1 3 
1 2 1 2 3 
2 3 3 3 3 
1 3 1 3 6 
1 2 2 3 4 
1 2 3 5 2 
4 4 1 5 1 1 
3 4 1 4 1 1 
3 4 2 3 1 1 
2 3 5 2 2 1 
1 3 6 1 3 2 
1 3 8 1 3 2 
2 10 1 3 2 
3 14 3 2 
2 9 2 2 1 
1 5 1 2 2 1 
4 1 1 3 2 
5 1 1 3 1 
2 1 1 1 4 1 
2 1 1 1 3 2 
1 1 1 1 3 3 
7 1 2 4 
5 14 3 
2 1 1 1 1 3 
2 1 1 1 2 3 
1 1 1 1 2 1 
1 1 1 3 1 
7 1 3 1 
14 2 
2 3 
/
1 
4 1 
3 3 4 
5 2 3 
4 10 
2 7 2 1 7 
9 1 1 1 1 
5 1 1 1 1 
2 2 1 1 
2 3 1 1 
14 1 
3 4 7 
3 4 1 1 
3 5 1 1 
10 1 1 
4 6 1 1 
4 15 1 
1 7 7 
4 1 5 1 1 
4 3 1 1 
6 1 1 1 
11 1 1 
5 10 1 
2 3 15 
4 1 4 5 6 
5 6 1 2 
3 9 4 1 
8 2 5 2 
4 4 13 
3 10 3 
