#7.35 
#nonogram 2032

4 3 3 3 7 
2 1 1 1 1 1 1 1 1 11 
2 1 1 1 1 1 3 13 
2 1 1 1 2 2 15 
3 1 1 6 6 
3 1 1 1 6 1 1 4 
4 1 7 1 2 2 3 
5 1 7 2 3 
2 4 6 3 1 2 
2 1 4 1 2 2 2 2 
2 1 4 1 2 3 2 
2 1 4 7 1 2 
2 1 4 3 3 2 2 
2 1 5 1 1 3 
2 1 5 1 2 3 
2 1 8 2 4 
2 2 10 6 
2 2 3 21 
2 3 1 19 
2 2 1 1 17 
2 2 1 1 1 15 
4 1 1 1 13 
4 1 1 11 
4 2 7 
6 
/
9 
14 
7 5 
2 3 4 
1 1 1 6 3 
1 1 1 1 4 2 
1 1 1 1 2 2 
1 1 7 
5 6 
2 1 3 
1 1 1 2 
4 1 1 1 1 
1 1 1 1 1 
2 1 1 1 
1 3 3 2 2 
4 3 3 3 
1 14 
3 14 
1 16 
3 16 
1 5 8 
2 3 2 1 6 
3 2 3 6 
3 1 3 6 
3 3 6 
3 2 2 2 2 6 
4 1 1 3 1 7 
4 5 7 
4 2 3 2 7 
5 1 1 8 
5 2 2 8 
6 1 1 9 
8 11 
22 
22 
