#7.37 
#nonogram 2089

4 1 3 
4 2 2 
5 2 2 
1 6 2 2 
2 6 2 2 
2 5 2 2 
1 2 5 3 2 
2 2 5 2 2 
4 3 5 2 3 
5 2 4 2 3 
5 3 3 3 3 
8 3 3 3 
7 2 2 3 
7 1 3 4 
6 3 4 
8 4 3 
9 4 3 
3 6 3 2 2 
2 6 3 4 2 
2 7 3 3 2 
1 7 4 1 2 
7 4 2 
7 4 1 2 
7 5 2 2 
14 2 2 
11 2 3 2 
11 4 3 2 
11 3 2 3 
11 1 2 3 
10 1 3 
10 3 2 3 
9 8 2 
10 8 1 
10 6 3 1 
11 5 6 
11 5 7 
12 5 7 
13 4 8 
13 5 9 
7 6 5 9 
5 3 4 3 9 
5 2 2 2 3 8 
5 4 2 15 
1 8 3 2 16 
7 2 1 3 16 
5 4 2 17 
3 3 3 17 
1 3 17 
/
3 
3 
3 
4 
3 
3 
4 
3 
4 1 
8 
3 4 5 
3 4 2 
3 5 
4 2 5 
4 3 7 1 
5 4 12 
8 11 5 
6 14 2 
31 
34 2 
36 4 
5 28 5 
3 25 3 
22 2 3 
16 2 5 
7 3 6 
6 6 6 
7 8 7 
8 6 9 7 
13 7 1 10 7 
14 11 7 6 
12 6 5 5 3 6 
9 5 2 3 13 
2 7 1 3 14 
2 14 4 3 14 
11 4 7 1 15 
5 2 2 5 15 
1 9 4 15 
32 14 
34 11 
