#7.39 
#nonogram 1102

59 14 
58 14 
57 15 
56 16 
55 17 
55 18 
54 19 
53 19 
52 20 
51 21 
50 22 
50 10 12 
49 10 11 
16 21 12 10 
11 19 14 8 
9 11 9 26 
8 17 4 27 
6 27 2 29 
4 32 1 30 
3 6 25 31 
2 6 5 21 32 
1 6 10 11 4 8 25 
4 17 2 23 
3 17 2 20 
4 17 2 17 
5 5 6 1 2 15 
9 9 1 1 2 13 
8 5 4 2 2 1 1 11 
6 3 4 3 2 2 2 7 
6 3 3 4 2 3 1 1 5 
3 3 2 7 4 1 1 2 2 3 
2 2 2 8 2 1 1 1 1 5 
2 2 2 9 5 2 1 1 11 
2 18 4 2 1 1 1 12 
2 19 1 1 2 1 1 14 
23 1 2 2 2 16 
23 2 1 2 19 
23 3 2 2 19 
1 18 17 3 19 
2 8 5 21 20 
1 6 2 1 4 13 21 
1 3 5 2 3 1 32 
2 2 3 3 4 31 
3 1 4 4 5 11 17 
3 5 5 1 2 10 16 
4 10 1 1 1 10 15 
4 9 2 2 10 15 
4 17 12 14 
6 19 13 13 
7 32 12 
36 11 
35 10 
33 10 
30 9 
15 8 8 
/
22 15 
21 14 6 
20 9 3 5 
19 9 3 5 
18 10 4 5 
18 3 4 6 6 
17 3 4 7 5 
17 3 5 7 5 
16 4 4 10 5 
15 4 4 13 6 
15 3 5 4 9 5 
14 4 4 3 12 5 
14 3 4 2 14 5 
14 3 5 2 2 8 5 
14 3 5 1 2 7 1 5 
14 3 5 4 8 2 5 
13 14 9 1 6 
13 14 10 1 7 
13 5 7 11 4 8 
13 5 6 12 14 
13 6 19 13 
13 11 14 12 
13 10 9 11 
13 9 10 
13 8 11 
13 8 12 
13 7 12 
14 6 13 
15 5 6 8 
15 5 3 8 
15 5 9 14 
15 5 5 4 9 
15 4 4 2 8 8 
15 4 1 6 3 3 9 
15 5 1 1 4 1 9 
15 5 2 2 1 7 
16 4 2 5 
16 4 2 6 
16 3 2 6 
16 3 2 6 
17 2 3 5 
18 1 2 3 3 
19 1 9 4 
17 2 6 5 
16 3 13 
15 4 12 
15 5 12 
14 5 1 2 13 
13 7 1 18 
12 6 1 10 
10 8 1 15 
9 9 2 12 
8 12 2 8 
7 13 2 4 
6 14 3 4 
4 16 3 4 
3 18 13 
2 19 8 
1 21 8 
22 10 
24 12 
26 14 
11 14 15 
12 13 17 
13 13 19 
14 13 21 
14 13 23 
28 25 
29 25 
29 24 
30 24 
30 23 
31 23 
31 23 
31 23 
