#7.4 
#nonogram 1535

9 2 
9 3 2 
3 2 4 4 
1 3 1 3 3 1 
1 3 3 3 1 
2 1 3 8 1 1 
1 3 4 1 2 2 
11 9 5 
2 23 
5 3 8 
1 3 1 4 6 
2 6 4 
4 9 2 
3 9 1 
2 9 2 
1 9 3 
1 9 4 
2 9 5 
3 9 6 
3 9 7 
3 9 8 
3 8 2 3 
3 7 1 2 2 
3 5 4 2 
3 3 1 3 3 2 2 
1 2 2 3 3 1 2 
2 2 3 7 1 2 
1 3 1 1 1 2 
6 3 8 1 2 
2 19 1 2 
1 5 3 5 2 2 
3 3 1 6 2 
3 2 4 2 
3 3 1 2 2 
3 4 2 3 
3 5 8 
3 6 7 
3 7 6 
/
2 8 2 8 
1 2 8 1 2 7 
4 9 4 7 
4 2 6 2 
3 4 4 4 
3 1 3 2 2 3 1 
2 1 4 1 2 3 2 
2 2 5 1 3 3 
2 8 2 3 4 
3 6 2 3 5 
3 4 4 6 
2 1 2 2 3 6 
3 4 11 2 3 
6 12 6 
1 2 14 1 2 
1 2 15 1 2 
1 1 2 15 1 2 
2 1 2 14 1 2 
3 1 2 13 1 2 
3 2 3 11 2 3 
3 1 3 9 1 3 
2 3 2 2 3 5 
1 5 2 1 3 4 
2 7 2 2 3 3 
2 6 3 2 3 3 
2 7 4 3 4 3 
10 5 10 3 
7 3 
22 
22 
