#7.40 
#nonogram 2400

5 
2 2 
7 1 
1 4 6 
2 4 1 2 
1 2 4 5 
4 2 1 4 6 
2 1 2 1 4 5 
6 1 3 4 5 5 
4 6 2 2 4 3 7 
3 10 1 1 4 5 8 
2 12 1 7 9 
7 5 2 12 5 2 
15 2 11 5 4 
15 1 11 2 5 
12 3 1 1 11 1 6 
9 3 2 1 11 12 
9 2 2 1 1 12 12 
9 3 1 1 12 11 
9 2 2 2 1 13 11 
9 3 2 1 1 14 2 3 
1 11 3 1 1 1 2 8 
2 14 2 16 9 
3 5 5 17 1 9 
4 10 2 13 2 9 
5 6 3 6 5 7 
2 3 3 3 3 3 
5 3 2 5 3 
2 3 5 4 
3 2 4 3 
2 2 5 2 
3 2 4 3 
2 1 3 3 
1 3 4 2 
5 3 3 
5 1 2 
5 9 
3 10 
10 
10 
8 
/
4 
4 6 
14 5 
5 11 2 1 
1 2 13 1 1 
1 1 15 2 
1 1 15 2 
1 18 
18 
3 10 2 
3 10 2 
7 5 
8 6 
8 6 
4 5 2 2 3 
4 5 1 3 
3 10 
4 2 7 
2 3 2 1 1 
1 3 1 1 1 1 2 2 
2 1 1 1 3 1 2 
3 1 2 3 1 1 3 
3 2 3 3 3 4 
2 3 6 4 5 
3 2 10 3 1 8 
3 3 10 3 3 2 4 
2 3 11 3 5 5 
3 3 11 4 4 5 
2 3 12 4 6 
2 4 12 4 
4 2 12 4 
1 2 2 9 4 2 
1 2 1 3 7 4 2 
1 3 6 6 3 5 3 
2 2 7 4 3 6 5 
3 9 3 2 9 5 
6 2 5 1 12 
6 3 3 5 5 5 
3 4 7 2 5 
2 4 8 5 
10 7 5 
9 3 10 
7 5 6 
7 5 
6 5 
5 5 
10 
9 
7 
4 
