#7.41 
#nonogram 1121

1 3 2 
11 1 3 
2 2 2 3 
16 4 2 
1 4 8 1 
2 5 12 
2 7 13 
4 6 14 
5 4 8 
3 4 6 3 4 
8 9 6 
3 1 3 3 1 3 
2 1 1 3 7 5 
2 1 3 7 1 3 
2 1 1 4 3 6 
3 1 9 7 
9 6 11 
3 5 4 13 
4 6 14 
3 1 4 8 1 
2 1 4 4 4 2 
1 2 8 3 3 
3 11 3 2 
1 3 9 2 1 
1 3 10 2 
1 4 6 2 
1 19 1 
1 2 2 1 
1 2 9 3 2 
1 2 4 2 2 
1 1 3 3 2 
1 2 4 3 
1 8 3 
1 4 
11 
/
1 5 
1 7 
1 1 3 3 
1 1 2 1 1 2 
1 1 2 2 
1 1 1 1 
1 1 4 3 4 
1 1 6 7 
1 1 6 3 5 1 
1 1 1 3 4 3 2 3 
1 1 1 1 6 1 6 7 
5 2 3 3 1 1 
3 2 2 2 2 1 1 
1 1 3 2 2 2 1 2 3 3 2 1 
1 5 2 2 2 1 13 1 
1 5 2 2 2 1 7 1 1 
7 8 1 3 2 2 1 1 
4 1 6 1 1 2 1 3 1 1 
1 6 1 1 2 1 3 1 1 
2 2 1 3 1 2 1 1 
10 1 4 1 1 1 1 
1 2 1 3 1 1 3 1 1 1 1 
3 9 1 3 1 1 1 1 
14 1 3 1 1 1 1 
14 1 3 1 1 1 1 
7 6 1 2 1 1 1 1 
6 5 1 4 1 1 
5 4 1 4 1 1 
6 5 1 3 1 1 
6 5 1 3 2 1 
5 4 1 2 1 1 
5 4 1 4 1 
2 4 3 1 2 2 2 
4 3 2 3 2 2 
8 7 4 
