#7.43 
#nonogram 1671

4 
7 
9 
3 1 2 10 
4 3 2 11 
3 4 3 13 
4 6 4 12 
4 7 5 11 
5 8 6 9 
6 10 16 
6 11 6 8 
7 2 11 5 5 
15 11 7 3 
32 9 1 
36 9 1 
23 3 9 10 
24 3 7 10 
21 2 2 6 4 
21 3 2 12 2 
21 2 13 
22 2 1 1 13 
25 1 1 1 1 11 
24 2 1 1 1 9 
23 1 1 1 2 2 5 
24 1 1 1 4 
22 2 3 8 
21 2 3 1 9 
18 3 1 1 8 
15 3 2 2 1 5 
1 16 3 8 
1 11 2 14 
1 39 
1 9 27 
1 7 27 
1 7 26 
2 5 26 
2 5 25 
2 4 9 15 
3 3 7 15 
3 1 7 14 
3 1 5 9 3 
5 1 4 7 
7 1 3 5 
10 1 2 2 3 
24 1 1 
/
13 13 
13 9 
13 6 
14 4 
15 5 
16 3 
16 4 
17 3 
18 2 
18 3 
19 2 
23 1 
2 31 2 
37 1 
36 2 
34 2 
31 1 
26 1 
22 1 
21 1 
17 3 1 
6 6 2 1 1 
2 7 4 3 1 1 
4 2 7 5 4 1 
10 4 3 6 1 
12 1 7 1 
13 1 9 1 
12 2 2 2 11 
12 1 3 1 14 
1 10 1 1 15 
3 10 1 7 13 
3 8 2 12 
3 8 5 11 
3 8 10 
4 8 9 
4 8 1 10 
5 5 6 12 
1 5 4 3 14 
2 6 3 2 1 15 
4 7 4 2 1 15 
5 8 4 1 1 14 
8 5 6 2 13 
9 5 5 3 11 
10 5 5 3 11 
10 4 5 2 10 
11 4 5 3 9 
12 5 5 3 9 
13 4 4 3 10 
13 4 4 3 10 
15 3 4 3 10 
