#7.45 
#nonogram 2054

47 1 1 1 21 
47 1 3 21 
46 2 3 21 
46 1 2 1 6 13 
46 1 1 1 5 2 12 
46 1 1 1 3 5 11 
45 2 1 1 1 4 2 10 
25 16 1 1 1 5 2 2 9 
11 3 4 14 1 1 6 5 2 4 
9 10 2 3 13 1 6 8 2 4 
8 16 2 2 10 7 2 4 11 
6 17 4 4 8 9 2 2 13 
5 20 2 2 6 11 2 15 
4 9 5 3 1 3 13 17 
3 8 5 33 
2 8 37 
1 9 2 32 
1 8 3 3 3 22 
9 4 3 3 17 
9 3 1 2 2 13 
10 2 1 2 2 2 8 
11 5 2 3 2 4 
11 5 1 1 2 2 2 
12 3 1 1 2 2 2 9 
12 5 2 2 1 2 4 11 
12 12 4 1 2 17 
12 8 2 4 1 20 
12 2 4 1 19 
12 1 3 1 20 
12 2 4 1 8 8 
11 8 2 4 1 2 3 2 3 
11 2 4 4 1 2 2 6 
10 3 2 2 2 2 2 10 
9 5 1 2 2 14 
9 2 1 1 2 2 15 
8 5 3 2 18 
7 5 3 2 21 
1 7 3 1 7 24 
1 7 4 35 
2 7 3 36 
3 7 1 5 12 18 
4 8 3 7 3 10 2 16 
5 23 3 8 8 2 2 14 
7 16 2 3 10 6 2 4 12 
9 8 2 3 12 1 5 8 2 5 
11 5 4 14 1 1 5 5 2 4 
25 16 1 1 1 5 2 2 10 
45 1 1 1 1 4 2 1 2 6 
45 2 1 1 2 5 2 2 2 
46 1 1 1 4 2 3 2 2 1 
46 1 1 1 6 4 2 2 
46 1 2 1 11 2 2 1 
46 2 3 11 2 2 
47 1 3 11 2 6 
47 1 1 1 21 
/
18 11 18 
16 19 16 
15 23 15 
14 25 14 
13 27 13 
12 29 12 
11 30 12 
11 31 11 
10 25 6 11 
9 25 5 10 
9 7 13 4 10 
8 6 7 4 9 
8 5 4 9 
8 5 3 9 
8 4 3 9 
8 4 3 9 
8 4 3 9 
8 4 3 9 
8 4 3 9 
8 4 2 10 
8 4 3 10 
9 3 3 10 
9 4 5 5 3 10 
9 4 9 9 2 10 
8 5 4 6 4 5 3 9 
7 2 2 3 2 3 1 2 2 3 1 2 8 
7 1 2 1 9 1 6 2 1 8 
7 1 2 3 1 2 1 8 
7 2 1 2 1 1 2 8 
8 1 2 2 1 2 1 9 
8 2 2 2 1 1 2 9 
9 2 1 2 2 1 1 10 
10 1 1 2 2 3 10 
10 1 4 4 2 11 
10 2 1 7 2 11 
11 3 2 12 
12 1 1 13 
13 1 1 13 
13 2 3 3 1 13 
14 1 13 2 13 
14 1 1 9 2 14 
14 1 1 7 2 14 
13 2 2 3 14 
12 4 1 4 13 
11 5 2 6 12 
6 7 2 8 6 
2 13 2 15 2 
5 9 3 4 7 5 
3 10 2 11 12 3 
4 8 2 2 7 4 
4 10 2 2 10 4 
2 3 9 1 2 9 3 2 
4 9 2 2 6 3 4 
6 7 2 2 5 1 6 
6 2 1 6 2 2 5 2 2 7 
6 2 2 5 3 3 4 2 1 2 6 
5 2 1 2 4 5 4 1 1 2 6 
5 2 1 1 4 4 6 4 2 5 
4 2 4 6 6 6 4 2 5 
4 2 4 6 8 7 4 2 4 
3 2 4 7 10 8 4 2 4 
3 2 4 7 8 11 2 2 5 
4 2 2 9 2 6 10 1 2 6 
5 2 1 11 4 11 2 7 
6 2 11 6 13 8 
7 12 6 13 1 1 
8 11 7 12 3 3 2 
9 11 8 12 3 3 2 
9 11 8 12 2 1 
9 11 8 13 5 4 
9 11 8 14 4 4 
8 13 7 14 2 2 
8 13 6 15 3 3 
8 13 6 15 3 1 3 
8 13 6 15 2 3 2 
