#7.5 
#nonogram 2038

36 
33 4 
35 5 
36 5 
37 5 
38 5 
21 9 4 
20 9 3 
6 7 2 1 2 2 2 
5 1 2 4 1 2 1 
5 1 1 2 2 1 1 1 1 
5 1 3 1 2 
5 1 2 2 
5 2 1 1 3 1 
5 1 1 2 3 2 
5 5 1 6 1 
5 4 1 6 1 
6 2 1 4 1 1 
6 1 2 4 1 
6 4 1 
6 4 1 
6 4 2 
6 2 3 2 2 
6 1 1 1 2 3 
1 4 3 2 4 
2 2 2 2 1 3 
2 2 2 1 3 
4 2 1 3 
3 2 3 
26 
/
24 
23 2 
24 2 
24 2 
26 2 
9 9 3 
8 1 
8 1 
8 1 
9 1 
9 1 
9 1 
9 1 
9 1 
11 1 
9 1 
8 1 
8 1 
14 1 
10 3 3 
7 2 5 
6 3 3 3 1 
6 11 2 1 
6 1 2 2 1 4 1 
6 2 1 2 1 
6 2 1 
6 2 1 
6 1 
6 1 
6 1 1 
7 4 1 2 
11 1 1 1 
9 2 1 1 2 
8 4 2 1 
1 6 8 2 
1 5 9 1 
1 4 14 2 
3 3 6 7 
4 2 3 2 
5 2 1 
5 2 2 
5 2 2 1 
5 6 2 
5 2 
6 2 
