#7.51 
#nonogram 1910

11 8 3 
10 2 2 6 
10 4 3 4 
10 8 2 2 
10 3 1 1 
2 1 5 3 1 
1 5 2 2 8 
2 2 2 5 2 
3 3 1 1 2 2 
4 1 2 6 1 1 
4 1 1 1 1 2 1 1 
2 1 1 3 2 3 1 4 
5 3 3 2 1 1 1 1 
4 3 1 3 1 1 1 
4 1 3 2 3 2 2 
4 4 1 2 3 
5 4 2 3 2 3 
4 3 2 2 1 2 3 
4 5 3 1 5 2 3 
4 4 4 2 3 2 3 
5 1 2 1 1 2 3 3 
5 3 1 7 3 
6 1 1 3 5 
5 2 3 1 1 
5 2 1 1 4 2 1 
4 1 2 6 2 1 2 
4 2 2 3 2 1 3 
4 1 2 3 6 
4 3 2 5 6 
4 2 3 3 2 
4 1 4 9 
/
7 2 20 
6 2 20 
5 3 19 
5 2 2 19 
5 1 1 1 1 5 
5 1 1 1 1 1 5 
5 1 3 2 3 3 2 
5 2 8 2 2 
5 1 11 1 2 1 
6 1 1 10 2 2 
1 3 1 3 3 
2 3 2 2 1 3 
3 2 3 3 3 
4 1 1 2 2 1 2 2 
1 2 1 3 3 2 1 2 3 
1 1 1 3 2 2 3 
1 1 2 2 3 2 1 1 
1 2 1 2 2 2 2 1 
1 3 1 1 2 2 2 1 2 1 
1 6 1 2 4 1 2 2 1 
2 3 1 1 2 1 2 2 2 1 
3 2 1 1 1 1 2 2 2 2 
8 2 2 2 1 2 
2 1 3 2 1 2 
2 1 13 4 
2 1 7 1 2 
3 2 3 1 2 
2 2 1 8 3 
3 1 1 9 3 
3 13 3 
