#7.52 
#nonogram 3930

11 
10 
2 3 4 
3 3 7 
5 2 3 6 
6 3 2 3 
9 3 3 2 
6 10 3 
6 15 
8 17 
2 5 19 
2 6 22 
10 23 
37 
39 
41 
3 38 
2 38 
2 40 
2 21 13 
2 3 14 5 12 
2 2 2 6 8 10 
1 3 2 11 9 
1 2 12 9 
1 2 13 8 
1 2 14 8 
2 2 7 5 8 
2 2 6 4 7 
1 2 6 4 6 
2 1 7 1 4 5 
1 2 9 4 5 
2 2 9 4 4 
1 2 1 8 4 2 
1 2 2 6 4 
2 4 5 
6 7 
18 
18 
10 
4 
/
9 
6 4 
4 3 
3 5 3 
3 10 
4 5 4 
11 2 
11 2 
1 8 2 
2 10 2 
14 1 
16 
17 
17 
20 
6 9 
4 10 
3 12 1 
1 12 2 
1 13 6 
13 5 
14 4 
14 5 4 
13 9 3 
3 13 11 4 
4 12 13 3 
6 12 13 3 
2 16 14 4 
2 14 7 5 4 
2 13 6 4 4 
2 12 6 4 5 
2 11 7 4 4 
2 14 7 5 
2 17 17 
1 19 16 
3 13 13 
2 14 8 
3 17 
2 22 
2 21 
2 19 
2 18 
2 16 
2 13 
1 9 
