#7.54 
#nonogram 1578

2 2 3 
2 1 4 2 2 3 
2 19 
18 4 
23 3 
25 1 1 
28 1 
1 27 1 
31 
26 7 
28 2 4 
25 3 1 3 
25 3 2 4 1 
24 1 1 3 7 
25 5 14 
25 1 4 7 
25 1 4 3 3 
23 4 3 5 2 
23 7 4 5 2 1 
22 4 1 5 9 2 
29 1 4 13 
26 2 1 3 6 5 
25 1 1 3 7 3 
28 1 2 5 7 
27 2 15 
21 3 4 4 1 10 
20 3 3 2 2 4 6 
25 2 2 1 2 4 2 4 
24 1 1 3 1 1 2 5 
16 8 1 1 5 13 
16 8 14 2 6 
1 24 6 2 1 4 1 1 
1 17 8 7 7 2 1 
12 5 7 3 2 10 3 2 
1 4 2 1 1 2 2 6 3 1 2 6 3 2 
12 3 5 3 5 3 3 3 3 
1 19 9 2 2 2 3 3 
10 3 5 10 2 4 3 
1 2 2 21 3 3 3 1 
7 8 12 2 4 2 
7 10 9 7 4 
2 1 4 6 1 2 3 5 3 
4 4 4 2 5 1 1 
5 2 1 5 1 
3 5 2 
/
1 21 3 
2 23 2 2 
31 1 2 
36 1 
36 2 
1 39 
41 
1 32 3 2 
1 36 3 1 
40 3 
32 4 1 3 
36 4 
32 3 5 
32 8 
33 6 
1 35 3 1 
28 7 6 
29 3 9 
1 33 7 
32 2 6 
2 22 6 4 3 
1 21 16 
17 16 2 2 
16 17 3 1 
12 3 10 13 
1 1 6 4 2 7 5 
1 3 3 2 4 4 11 
11 8 4 2 8 
1 4 2 1 2 2 4 7 
1 3 2 3 3 2 6 
6 1 1 3 1 9 
2 1 1 1 7 
2 1 3 2 3 
2 2 2 1 2 
1 1 1 1 4 2 
2 1 1 5 1 
2 1 2 6 2 
2 7 7 1 
11 2 3 2 1 1 
12 1 1 2 2 2 1 
4 7 1 5 1 2 
3 3 1 2 3 1 
8 2 1 2 3 1 1 2 
13 1 2 5 1 5 
12 4 5 2 5 
2 11 2 4 2 5 
2 14 3 2 6 
3 4 3 2 3 3 4 
3 7 1 4 3 3 
5 6 3 3 2 
4 4 4 2 2 1 2 
2 8 2 2 3 1 
13 3 2 
12 4 2 
12 5 3 1 
