#7.56 
#nonogram 1675

2 
5 
8 2 
10 1 2 
21 3 
14 11 3 
8 20 
7 19 
4 10 20 
28 2 
30 2 
4 9 15 2 
4 9 17 
4 5 14 3 
3 6 11 3 
10 2 10 3 
7 15 3 
25 3 
12 12 3 
6 10 3 
12 9 3 
2 7 8 2 
6 6 8 
12 7 9 
22 9 2 
5 18 9 2 
8 17 8 2 
8 16 7 
22 5 
17 4 
2 14 
2 4 16 
3 8 17 
3 11 15 1 
15 6 13 
33 
6 26 
4 25 
3 25 
2 2 24 
2 28 
1 29 
2 29 
2 30 
2 6 24 
2 4 13 10 
2 9 2 14 
2 3 5 4 9 
1 3 5 5 9 
3 2 5 5 8 
10 4 3 3 6 
10 12 3 
8 10 1 
4 9 
5 
/
6 5 
12 5 
5 9 5 
7 11 4 
10 5 7 4 
4 10 5 8 
6 1 8 5 4 5 
7 1 3 4 5 7 3 
8 1 3 4 6 7 2 
3 1 4 5 2 6 6 2 
5 7 3 3 8 6 
4 7 7 13 
5 8 7 12 
16 7 12 
16 7 14 
14 3 6 14 
10 4 9 13 
10 1 2 8 13 
9 2 8 13 4 
8 4 7 20 
5 3 2 4 7 20 
4 6 2 6 21 
5 5 3 5 16 4 
5 6 3 4 12 1 5 
6 11 4 12 5 
7 13 3 13 5 
20 2 13 2 3 
20 1 12 8 
19 21 
1 18 21 
21 19 
21 17 
22 17 
22 18 
5 3 6 5 11 
5 3 5 5 5 
5 3 5 5 5 
4 3 4 5 5 
4 3 4 4 4 
4 3 4 4 5 
4 3 4 4 5 
3 2 3 7 4 
8 3 2 6 4 
8 3 9 4 
7 2 8 5 
