#7.57 
#nonogram 1092

6 1 
7 1 
8 1 
8 
9 
9 2 
9 5 
8 5 12 8 
23 16 
26 12 
4 17 18 
19 19 
22 10 8 
23 9 5 
24 9 2 
23 8 
4 6 11 8 1 
5 10 9 1 
4 11 9 1 
4 11 9 1 
5 11 11 
4 5 6 1 8 3 
4 5 5 1 8 5 
3 4 5 11 8 
7 4 9 7 3 
6 4 8 7 
5 3 14 
4 3 12 
5 3 14 
6 4 10 6 
3 3 4 9 7 
3 4 8 7 
2 3 6 6 
2 3 4 3 
3 3 
2 2 
3 2 1 
2 2 1 
2 2 1 
2 1 1 
/
3 
5 
7 
7 
7 
7 
5 
9 
12 
13 
15 1 
10 5 2 
10 6 3 
9 5 4 
10 13 
28 
25 
23 
18 3 
16 2 
3 9 1 
3 10 
4 11 
4 12 
3 11 
3 14 
3 14 
2 12 
2 11 
2 4 
2 1 1 5 
3 1 10 
4 17 
1 3 20 
1 24 
30 
33 
32 
31 
25 4 
20 3 
15 5 
13 2 2 
11 2 3 
4 3 2 
4 2 2 
5 2 3 
2 3 3 2 
2 3 2 2 
2 2 2 3 
3 3 3 2 
2 3 2 2 
2 2 4 3 
3 3 4 2 
3 2 3 4 4 2 4 
