#7.59 
#nonogram 1645

6 15 
2 8 13 
3 2 6 12 
6 4 12 
1 4 3 11 
2 3 2 11 
3 4 3 10 
2 4 2 10 
3 2 1 2 10 
2 3 2 1 9 
2 4 1 2 9 
2 3 1 1 2 9 
2 3 1 1 2 9 
2 3 1 1 2 9 
2 2 4 2 9 
1 1 4 3 9 
2 2 4 3 10 
2 1 4 4 10 
1 2 9 10 
1 1 2 6 11 
3 5 2 11 
4 2 1 11 
4 1 1 10 
3 4 7 
3 8 5 
3 3 7 4 
3 3 8 3 
3 6 4 2 
3 6 3 2 
3 6 2 1 
2 5 2 1 
2 2 2 1 
2 1 2 2 
2 2 1 2 
3 1 2 1 
5 1 1 1 
5 1 1 1 
5 1 1 2 
3 4 2 
5 3 
9 4 
20 1 
8 4 5 1 
6 2 3 2 
6 10 4 
24 5 
7 6 
4 3 20 
12 19 
11 19 
/
15 
22 3 
6 10 5 4 
7 5 4 6 
6 3 4 6 
5 4 2 4 2 
2 2 4 4 2 
4 5 5 2 
12 4 2 
8 2 1 3 
8 2 2 1 3 
4 4 4 1 1 3 
2 3 6 2 1 2 
3 8 2 1 
3 5 1 2 1 1 
3 5 1 1 3 
3 3 3 1 1 3 
3 4 5 2 2 3 
3 15 2 2 3 
1 4 3 3 7 2 2 3 
1 5 6 2 4 3 3 2 3 
2 12 13 10 3 
4 7 3 6 8 3 
6 3 3 9 2 3 
9 7 3 4 2 3 
23 3 7 3 
23 3 5 3 
24 3 3 3 
24 3 3 4 
25 3 3 5 
26 3 3 6 
27 4 5 6 
29 8 7 
31 9 
