#7.60 
#nonogram 1987

6 
8 
9 
1 7 
5 1 9 
3 3 1 8 
3 6 1 10 
12 1 9 
2 2 1 2 12 
2 1 1 13 
1 1 3 1 8 
2 3 1 1 1 5 
1 1 1 1 1 1 1 
1 2 1 1 1 2 
1 1 1 3 1 4 
2 2 1 2 3 7 
3 2 2 1 10 
1 2 1 14 1 
1 3 1 13 1 
2 2 14 1 
8 15 1 
3 6 17 1 
4 14 5 3 
2 3 3 3 11 
2 5 2 2 9 
3 3 1 11 
7 1 9 
2 11 
1 9 
1 11 
/
9 
3 2 3 
2 3 3 
2 7 
2 3 3 
2 1 1 2 
4 4 2 1 1 
1 4 4 2 1 2 
1 1 1 1 2 2 1 
1 4 1 2 1 1 1 
1 2 1 2 1 1 
1 2 1 2 1 1 
4 1 1 1 1 
4 3 1 2 
3 3 1 
1 5 
6 5 
1 4 
1 2 6 
3 8 
17 
4 1 11 
4 10 3 
7 1 6 
1 14 1 1 1 1 
1 1 3 6 1 1 1 1 
1 1 5 14 
2 6 14 
9 15 
9 15 
9 15 
8 4 7 
8 3 8 
8 4 1 1 8 
8 4 1 1 9 
