#7.61 
#nonogram 2367

4 4 
4 5 1 
3 4 2 1 
3 2 1 1 1 
3 2 6 2 
3 2 6 1 1 
2 1 6 2 2 
6 3 1 5 4 1 
12 2 4 5 2 
8 1 10 3 
6 1 13 
3 1 6 5 
2 2 5 4 
2 1 6 5 
2 1 5 6 
3 2 1 2 7 
6 2 2 2 10 
13 2 3 11 
9 1 2 13 
3 9 1 1 2 14 
4 8 4 3 15 
3 11 2 1 15 
5 4 5 1 1 16 
11 3 6 2 17 
14 1 11 18 
7 8 2 21 
14 1 22 
1 10 1 24 
3 9 2 22 
6 7 3 12 6 
4 2 7 3 10 6 
4 2 8 3 8 8 
3 9 2 20 
3 7 1 23 
4 7 27 
3 7 29 
2 7 31 
7 31 
8 31 
9 31 
9 5 25 
3 6 5 3 21 
4 6 5 3 21 
4 6 6 2 21 
6 6 2 21 
1 3 5 3 20 
2 3 5 3 20 
2 2 5 3 20 
2 2 30 
1 2 30 
/
1 1 
1 1 1 2 
2 2 2 2 
1 2 2 2 2 1 
2 2 2 2 2 1 1 
1 2 2 5 2 2 2 
2 2 3 4 2 2 2 
2 2 3 3 2 2 2 2 
3 3 3 4 3 1 2 3 3 
3 3 3 4 4 2 3 4 
3 3 4 4 2 2 3 3 
3 3 4 6 2 14 
7 5 27 
7 8 23 
17 20 
7 6 18 
4 17 
2 16 
15 
9 9 
11 21 
2 7 5 16 
2 14 17 
4 2 4 18 
5 2 3 1 13 7 
4 5 3 19 2 
2 6 2 3 23 
2 9 4 24 
2 11 16 5 
1 13 25 2 
1 10 34 
2 4 3 36 
1 4 3 18 18 
2 2 24 18 
5 24 19 
2 25 19 
1 3 2 19 20 
2 3 3 14 20 
5 34 
2 33 
33 
32 
12 18 
11 17 
7 17 
6 16 
4 16 
3 15 
2 15 
14 
