#7.64 
#nonogram 1472

8 
12 3 
9 3 1 3 
4 5 2 1 1 3 
3 8 3 3 1 1 1 
2 11 2 2 1 1 1 3 
3 5 4 3 1 1 1 1 1 1 
7 2 2 1 1 1 1 1 2 
8 7 4 1 3 2 
3 3 2 6 13 
3 3 4 9 5 1 
3 3 1 1 9 3 
3 3 4 9 3 
3 3 2 9 3 5 
8 7 1 3 3 2 
7 2 3 2 3 2 1 
3 5 4 3 2 3 2 1 
2 2 11 3 1 3 1 3 
3 2 8 3 1 3 2 1 
3 4 5 1 3 1 3 2 1 
4 9 4 1 3 3 2 
4 11 1 3 5 
5 7 1 1 3 
1 6 2 1 3 
2 8 1 1 2 1 11 
3 8 1 3 2 13 
4 8 2 2 13 
5 8 1 
5 8 3 1 3 1 5 
6 7 2 1 3 7 
7 8 2 1 2 3 1 5 
7 7 1 2 2 2 5 
8 8 2 2 3 4 
8 7 2 2 4 
9 7 1 3 3 
/
9 
4 10 
7 5 11 
11 17 
14 3 8 
6 6 4 6 
3 9 3 4 5 
2 11 2 6 3 
3 13 3 6 1 
2 4 4 2 8 
3 3 3 2 10 
7 7 11 
6 3 6 11 
6 2 2 6 10 
6 2 2 6 9 
2 3 3 3 2 2 7 
2 3 3 3 5 
2 3 7 2 3 
2 4 4 2 2 1 1 
2 11 2 5 1 5 
3 7 2 2 1 2 
4 7 4 1 
15 2 
12 1 1 
8 2 2 
4 5 
4 4 2 1 
2 19 3 1 
1 2 2 4 1 
25 3 2 
1 18 2 2 
1 18 1 
10 3 2 
1 2 3 3 4 
8 3 3 3 1 
1 2 3 3 3 4 
7 2 1 2 3 6 
1 1 1 3 1 3 7 
5 2 1 2 3 7 
4 3 3 3 7 
