#7.65 
#nonogram 1709

3 7 3 3 
13 5 
7 6 6 
2 10 1 4 
12 1 3 
10 3 
3 3 3 3 
5 7 3 
3 9 2 
3 4 3 3 1 
2 3 2 3 2 
2 3 2 2 3 2 
1 4 6 2 1 2 
1 3 7 2 1 2 
4 4 2 1 2 2 
3 3 3 2 2 3 
3 2 3 2 1 3 
4 2 3 1 2 3 
4 2 4 2 2 4 
4 2 3 2 2 4 
5 2 3 1 2 4 
3 1 1 3 2 2 4 
2 3 3 1 2 3 
2 1 3 2 2 4 
3 3 1 2 4 
3 4 2 3 4 
6 2 1 2 4 
3 2 2 3 4 
5 1 3 3 
4 1 3 3 
1 1 4 2 
1 1 3 1 
2 4 
3 4 
3 4 
9 
8 
6 
5 
2 
/
1 6 5 5 
12 11 
3 6 15 
5 2 10 4 
8 5 3 4 5 
7 4 2 4 8 
7 2 6 1 2 7 
2 3 2 7 2 3 5 
6 2 4 2 3 1 4 
6 2 4 6 1 5 
5 2 3 9 1 5 
4 2 3 8 2 5 
4 3 3 7 3 6 
3 4 7 3 5 
1 1 10 3 6 
2 5 4 6 
2 5 6 1 
4 8 6 2 
14 6 4 
12 6 5 
7 4 6 
3 10 
17 
13 
7 
