#7.66 
#nonogram 2382

4 3 
1 1 4 4 6 
2 1 4 2 3 7 
6 2 1 5 2 8 
2 2 1 1 1 1 2 8 
3 3 2 2 1 1 2 9 
4 4 3 1 2 2 9 
4 5 1 3 12 
5 7 1 1 1 9 
17 1 3 1 8 
18 2 2 1 7 
18 2 1 2 7 
19 1 1 2 7 
18 2 8 
19 2 9 
21 2 10 
18 20 
19 11 
17 11 
17 10 
16 10 
16 10 
16 8 
6 10 8 
5 11 6 
4 11 5 
5 11 4 2 
1 1 12 1 
1 1 9 1 
4 4 
/
8 4 
12 1 1 
14 1 1 
4 10 7 
1 1 9 6 
1 1 8 7 
4 8 8 
16 
15 
14 
17 
18 
20 
21 
23 
24 
25 
2 19 
1 17 
2 15 
5 6 5 
1 2 4 5 4 
4 1 2 1 2 3 
2 2 1 2 
1 3 1 2 
1 1 2 4 
1 5 1 1 1 
2 1 1 1 1 
1 7 2 4 
2 2 2 3 
2 3 2 1 
2 2 1 
2 2 1 
6 1 
1 3 
7 7 
9 10 
10 13 
27 
26 
25 
24 
22 
19 
15 
