#7.67 
#nonogram 1597

3 2 
7 3 5 3 
6 1 3 8 7 
7 2 3 12 1 
8 2 2 1 2 9 2 3 
7 1 2 1 2 6 7 
9 1 2 3 4 3 1 
13 1 2 5 12 
9 2 1 3 3 6 6 
13 5 2 2 3 2 3 
9 5 2 5 9 5 
8 8 6 10 6 
8 4 4 2 9 6 
8 8 8 1 3 
8 7 10 9 
7 2 4 5 3 8 
5 2 13 7 2 1 
7 2 11 10 2 
9 1 1 8 1 9 3 
8 2 8 3 11 5 
9 2 8 14 4 
9 3 8 17 4 
1 5 4 5 18 1 2 
6 6 24 
7 1 5 24 
7 2 31 
3 7 31 
2 9 21 7 
2 5 4 23 4 
1 5 4 25 3 
1 7 3 26 1 
7 3 1 3 21 1 
6 4 3 13 5 
2 7 2 16 3 
1 3 2 17 2 
16 
15 
15 
8 
7 
/
3 
1 1 4 
1 1 4 5 
1 3 5 6 
2 15 5 
19 7 
26 
1 27 
30 
10 2 2 11 
10 2 2 2 2 
11 1 6 6 3 
11 1 3 5 9 
7 2 3 4 7 
8 4 2 4 5 
4 2 1 4 2 1 5 
3 14 1 5 
1 2 15 7 
4 3 10 7 
5 10 6 
5 3 16 
5 2 3 18 
3 4 22 
3 5 1 6 2 8 3 
1 2 5 2 10 1 
1 8 1 12 
5 4 1 1 13 
5 1 2 1 1 14 
1 2 2 2 15 
2 2 1 1 18 
4 2 1 1 19 
4 3 1 1 20 
5 1 3 21 
4 3 2 22 
5 3 3 23 
5 2 3 23 
4 3 3 24 
4 2 3 1 11 11 
4 2 2 1 2 8 4 6 
2 1 1 2 2 1 8 4 7 
3 2 2 3 8 3 7 
4 2 2 4 8 4 6 
2 1 2 1 6 1 1 5 3 6 
2 4 1 1 2 4 1 5 3 6 
2 2 2 2 2 4 4 3 3 1 
5 1 3 2 4 4 2 2 1 
1 1 4 1 3 3 2 1 
1 4 1 2 2 1 1 
3 1 1 
2 
