#7.70 
#nonogram 1441

2 5 3 
3 4 4 
8 3 5 
4 4 3 5 
1 1 3 2 2 6 
2 9 1 1 2 7 
5 5 1 1 2 2 4 
3 4 3 1 3 3 
2 7 2 8 3 
2 2 2 2 2 7 3 
2 3 2 4 6 2 
10 2 10 2 
4 3 1 12 2 
2 1 1 4 3 3 
2 1 4 5 2 3 
1 2 3 2 2 3 
1 2 3 1 3 2 3 
9 4 5 3 
3 1 3 9 4 
2 5 2 1 4 2 3 
1 11 1 2 1 2 3 
1 13 3 1 5 1 
4 5 3 10 1 
3 4 3 3 3 6 
2 2 3 2 3 2 6 2 
2 3 3 3 1 8 1 
4 2 4 3 2 10 1 
2 5 3 7 3 
3 2 3 5 4 2 
1 6 4 3 2 2 
5 2 2 2 2 
5 4 6 1 
3 6 3 1 
1 4 2 2 
2 3 
/
5 
2 4 
5 6 2 
7 2 3 1 
1 2 2 1 2 1 2 
2 2 2 1 3 2 3 
5 2 2 5 1 1 2 
2 1 3 7 3 1 4 
2 1 2 5 1 3 5 
3 2 2 2 3 3 1 1 
3 2 2 8 3 1 2 
5 2 2 2 3 2 
2 2 2 2 1 4 2 4 
1 1 3 2 2 6 5 
2 2 5 7 5 
2 6 6 
4 6 13 
7 2 4 10 
3 2 7 6 
5 3 2 
1 1 4 4 4 
4 3 1 2 8 
4 2 2 2 2 6 
6 1 4 2 4 2 
5 1 3 4 4 3 
5 5 1 4 1 3 2 2 
7 5 1 6 4 2 2 
6 5 2 3 3 2 3 
7 8 6 1 2 1 
7 5 6 1 5 
6 6 2 3 
14 5 1 2 
13 2 2 2 1 
8 2 4 2 
5 6 4 
