#7.72 
#nonogram 1141

2 3 
43 
9 20 
44 
43 
8 4 
6 3 8 4 
4 5 12 5 
4 8 16 5 
4 9 6 6 5 
4 11 5 2 10 
5 4 3 4 2 8 
3 4 5 1 4 1 1 7 
5 3 5 3 6 
10 3 4 6 
3 4 3 3 1 3 1 5 
3 6 5 4 3 4 5 
9 8 3 4 9 4 
11 9 2 21 4 
11 11 2 1 7 7 1 3 
8 1 7 3 1 1 6 7 1 3 
1 6 1 3 4 1 8 1 9 3 
3 5 2 4 7 3 8 3 
3 5 4 4 5 1 5 6 3 
4 3 6 5 2 1 7 2 2 4 
4 9 1 3 9 3 4 
5 1 7 2 15 2 4 
6 2 3 2 2 3 8 3 4 
11 1 4 3 6 6 4 
11 1 5 3 4 4 4 
12 1 5 6 1 3 
12 2 6 2 3 
13 4 8 4 3 
13 1 4 10 7 2 
14 3 29 2 
12 4 1 
11 38 
11 17 
12 
14 36 
/
1 19 
2 18 
3 18 
5 16 
8 14 
11 13 
4 8 12 
3 9 12 
3 9 12 
11 13 
6 14 
2 9 1 6 2 
4 9 1 2 3 1 
4 9 2 3 1 2 1 
13 4 4 2 
10 1 4 5 1 2 2 
7 1 4 6 2 1 2 1 
6 3 6 4 2 4 1 
6 5 6 3 1 3 1 
5 5 7 2 1 2 3 1 
1 3 5 6 2 1 2 3 1 
1 3 4 2 5 1 2 1 2 1 
1 2 4 2 1 5 2 2 2 1 
1 2 6 2 5 3 1 2 1 
1 2 6 2 5 2 1 2 1 
1 2 9 5 1 2 1 
1 2 1 4 5 5 2 1 
1 2 8 9 2 1 
1 2 6 7 2 1 
1 2 6 5 6 2 1 
1 2 5 1 4 5 1 1 
1 2 4 2 6 4 1 1 
1 2 4 1 7 3 3 1 1 
1 2 3 13 3 1 1 
1 2 4 8 3 2 1 1 
4 3 1 1 5 1 2 2 1 1 
4 4 4 1 5 1 1 1 
4 3 3 7 1 1 1 
4 3 3 8 1 1 1 
4 3 2 2 6 1 1 1 1 
4 3 2 3 7 1 1 1 1 
4 3 5 9 1 1 1 
4 3 7 8 1 1 1 
4 4 8 6 1 1 1 
4 3 1 1 7 2 2 2 1 1 
4 4 8 3 2 1 1 
4 3 9 2 3 1 1 
4 4 1 6 3 3 1 1 
4 4 1 6 4 1 1 
4 5 1 4 5 1 1 
4 10 4 2 1 1 
18 6 1 
33 
36 
35 
