#7.74 
#nonogram 2439

1 1 
2 2 
5 3 
7 4 
1 4 4 
1 9 
11 
11 
12 
14 
14 
14 
7 7 
6 8 1 1 
1 10 5 
13 4 
15 4 
15 2 2 
11 3 4 1 
10 10 
10 9 
10 9 
10 7 
11 3 
11 1 
16 
17 5 
17 8 
17 3 3 
16 1 2 2 
12 1 2 3 
11 6 3 2 2 2 
10 10 5 2 1 1 2 
10 13 4 2 2 2 
10 20 2 2 2 
10 17 2 3 3 
10 4 7 4 3 
16 3 
15 3 
16 3 
16 4 
17 6 
18 7 
21 10 
37 
34 
28 
24 
16 
/
9 
15 
20 
24 
26 
2 28 
5 29 
3 6 31 
1 8 31 
2 8 31 
30 12 
11 17 2 10 
19 5 17 
12 6 3 5 17 
13 4 5 17 
18 5 5 17 
22 5 5 12 
21 5 10 
20 4 9 
8 4 4 8 
1 3 5 7 
3 5 7 
3 4 6 
2 4 6 
3 3 6 
2 3 6 
2 3 5 
6 1 2 5 
4 5 5 
4 6 5 
1 1 4 5 
2 5 
4 
4 
5 
5 
4 
5 4 
7 3 
3 1 4 
2 2 4 
2 1 1 4 
2 1 2 4 
2 1 2 4 
2 4 3 
3 2 4 
2 5 
3 5 
10 
7 
