#7.75 
#nonogram 2131

10 
14 
18 
21 
9 8 
8 7 
7 6 
6 5 
4 5 
4 4 
5 5 
4 2 4 
5 4 5 
4 5 4 
5 4 7 5 
4 4 8 4 
4 4 7 4 
4 5 7 3 
4 7 7 3 
4 15 3 
5 13 3 
5 12 3 
6 13 3 
6 13 4 
6 11 4 
6 8 5 
7 4 4 
7 4 5 
8 4 4 
8 4 4 
9 2 4 
11 4 
12 5 
14 6 
16 7 
19 9 
31 
4 3 20 
3 3 18 
3 2 1 16 
4 3 12 
18 
16 
12 
7 
/
21 
26 
30 
26 4 
27 2 4 
8 18 4 
8 13 5 
7 10 5 
6 7 6 
5 6 6 4 
4 7 14 
5 7 12 
5 7 11 
5 5 11 
4 4 9 
5 5 9 
4 4 8 
5 4 7 
4 6 7 
4 6 5 
4 7 5 
4 8 5 
4 9 4 
4 5 4 4 
4 4 5 5 
5 4 4 5 
5 4 4 2 4 
5 4 9 5 
5 5 8 4 
5 4 7 5 
4 5 5 4 
5 4 2 4 
5 5 
6 6 
7 7 
8 8 
9 8 
19 
16 
12 
