#7.76 
#nonogram 2577

2 
3 
3 
2 4 
4 2 3 
8 4 
4 8 6 5 
5 28 
10 20 
8 18 
4 17 2 
8 10 4 
8 26 
8 2 22 
3 1 14 
2 1 2 9 
2 2 4 7 
2 2 1 10 
4 3 8 2 
2 1 9 4 
1 5 5 5 
11 4 
3 8 3 
1 16 
4 12 
1 3 8 
3 10 
8 4 2 
3 4 15 
5 13 
6 
5 
5 
/
2 
3 
4 
4 
3 5 
2 8 
4 3 2 
9 2 
10 2 
13 
5 3 
4 1 3 
1 9 
10 1 
8 3 
4 4 
4 4 
4 10 5 
4 4 1 3 3 4 
9 9 5 
7 4 3 5 
10 7 1 2 
14 8 
19 3 
23 
21 
21 
20 
12 5 
2 3 6 
3 3 7 
3 3 7 
2 2 2 3 
3 2 2 2 
2 2 2 2 
2 2 2 2 
3 2 3 2 
2 2 2 2 
2 2 3 2 
3 2 2 2 
3 2 3 2 
2 2 2 2 
3 3 
2 2 
3 
2 
