#7.77 
#nonogram 2398

9 
11 
8 3 2 3 
10 2 4 
3 7 3 
3 3 4 
2 5 3 4 
2 1 6 1 5 
5 10 3 2 
9 7 3 3 
5 13 3 2 
2 1 7 11 3 3 
2 1 9 14 2 
1 1 9 15 3 
2 26 2 
1 6 3 3 11 1 
2 1 3 4 5 1 
1 4 4 10 2 
2 3 10 3 
3 10 4 
3 10 3 
3 10 4 
3 4 4 3 
1 3 1 5 3 3 
7 3 4 7 1 4 
1 2 1 9 4 
2 3 2 11 2 
2 7 2 11 2 
3 3 3 11 
13 
3 11 1 
3 8 2 
5 3 3 
2 7 3 4 
4 2 9 
1 6 1 8 
5 3 
/
6 2 
2 1 1 1 3 
2 1 1 2 1 2 
1 1 4 1 2 
3 2 3 1 1 1 
4 1 6 1 2 
4 7 1 1 
2 6 3 
3 6 5 
3 11 7 
3 19 1 
3 1 16 2 
5 7 6 1 1 
5 3 1 2 1 2 
5 3 3 1 2 3 
8 3 6 
8 1 4 1 1 
2 5 4 4 1 1 
9 9 2 2 
24 1 2 
24 1 2 
5 3 20 1 1 
7 2 11 9 1 1 
3 3 2 11 8 1 1 
2 2 2 5 7 7 2 1 
2 1 4 7 7 3 
2 8 8 6 1 
3 10 6 7 
3 10 4 2 7 
2 2 5 6 
4 4 6 3 
3 5 1 5 2 
2 6 3 2 
1 5 3 2 
4 2 
3 3 
4 4 
3 
4 
