#7.8 
#nonogram 1980

2 
5 
2 4 
2 2 2 
4 2 
4 2 
5 2 
5 2 
6 1 
6 2 
7 2 
7 1 1 
7 1 2 
8 1 1 
7 1 2 
7 1 1 2 
8 1 2 2 
9 2 4 
2 5 2 1 2 
9 1 2 2 
8 2 1 2 
7 4 2 
8 4 
9 6 
6 14 
9 14 
8 17 
10 16 
10 18 
12 18 
12 19 
12 21 
26 1 4 
25 1 3 
22 1 1 
18 2 
12 1 
11 1 
11 1 
11 1 
10 1 
11 1 
11 1 
12 1 
13 1 
/
2 
3 
4 
6 
7 
8 
9 
11 
3 11 
11 5 12 
17 17 1 
3 14 17 2 
2 34 3 
3 25 8 4 
2 18 1 1 14 
1 14 2 1 15 
2 12 1 17 
2 23 
2 6 22 
2 2 2 2 21 
2 2 2 1 21 
4 2 1 1 21 
4 1 1 1 21 
1 1 2 19 
1 2 13 1 
3 11 5 
16 4 
18 
10 
8 
7 
7 
7 
5 
4 
