#7.82 
#nonogram 11081

5 
2 2 3 
2 3 2 7 
2 5 1 1 2 3 
1 1 7 1 2 2 
1 2 2 5 2 2 
1 4 1 2 2 2 1 
1 3 2 3 2 2 1 2 
1 1 3 7 2 1 
2 2 1 7 2 1 1 
3 2 4 3 1 2 2 2 
4 4 2 2 2 1 1 
10 2 2 1 2 1 
9 2 7 1 1 
5 2 7 2 1 
6 2 7 2 1 
6 2 7 2 1 
6 2 6 3 1 
6 1 7 3 1 
1 6 2 7 3 1 
1 4 1 7 3 1 
1 4 1 7 4 1 
2 11 5 1 
9 5 2 
11 2 3 1 
2 1 2 2 2 2 
2 1 2 2 2 2 
2 2 3 1 2 
2 3 2 4 
5 4 
/
9 
3 3 
1 4 3 
1 1 4 3 
1 3 2 1 3 
1 5 3 2 2 
1 4 2 1 2 2 
2 2 3 8 2 
2 3 11 6 
4 23 
2 18 1 
1 18 1 
2 3 5 3 2 
4 4 1 2 
4 2 4 2 
1 12 4 2 
1 8 3 3 
1 1 5 2 
2 1 1 10 1 2 
1 1 1 10 4 
3 2 11 4 1 
5 2 10 3 2 
2 3 2 8 2 4 
2 2 9 6 1 
2 2 4 6 2 
2 3 8 2 
2 11 2 
3 6 3 
4 3 
11 
