#7.83 
#nonogram 2246

15 4 
11 4 5 
4 5 3 5 
4 8 4 3 5 
4 13 3 2 5 
2 4 3 2 2 1 5 
2 4 2 3 2 1 3 8 
2 1 2 1 2 2 3 2 1 
2 1 1 1 1 5 1 2 
2 1 2 1 3 9 
2 1 1 1 1 4 1 2 
2 2 3 2 1 1 3 
4 5 2 1 3 9 
4 2 1 2 3 3 3 
2 4 1 4 4 2 
2 1 1 4 5 
2 6 2 5 
2 1 5 
2 7 
2 
2 5 
4 1 4 
4 2 4 3 
3 4 1 
2 10 1 
5 2 3 1 1 1 
8 1 2 1 1 1 
11 2 1 4 
6 1 2 2 6 1 
5 2 3 2 1 4 1 
6 3 3 8 1 1 
6 2 3 1 1 
5 5 2 1 1 
2 3 3 
1 3 2 6 
2 2 2 4 
5 1 1 1 4 
5 2 1 1 4 
7 1 2 1 4 
15 1 4 
/
2 2 2 
2 2 2 
20 
20 
6 
6 8 
2 2 8 
4 1 8 
5 1 8 
2 1 4 3 4 
1 8 2 1 4 
2 1 1 1 1 5 8 
3 3 2 1 2 1 5 
5 1 1 1 3 4 
6 2 1 8 2 
8 1 1 1 2 1 1 2 
2 2 5 1 2 2 1 1 
2 2 7 2 1 1 1 
2 8 1 1 2 1 1 
3 7 1 2 5 1 
4 2 4 14 1 
9 2 1 3 1 3 
6 2 1 2 4 1 1 
5 2 1 2 1 2 1 2 
1 1 6 3 1 3 3 
2 2 4 1 5 1 1 2 
5 8 2 5 3 6 
7 1 1 4 5 3 1 
4 1 1 7 2 2 6 
1 3 1 7 1 6 6 
6 1 7 1 1 10 
7 1 1 3 6 1 5 
7 1 3 7 
7 7 
4 9 
