#7.84 
#nonogram 19696

8 4 1 
3 2 1 1 2 
3 1 2 1 2 1 
2 3 2 5 1 2 
2 2 2 1 4 1 1 2 
1 3 3 1 5 2 4 
1 2 1 1 1 1 6 6 
1 3 1 1 6 3 3 
1 3 1 3 5 1 3 
1 3 2 5 2 4 2 
1 4 1 2 3 1 2 3 
1 4 1 4 3 4 1 
1 4 1 1 1 1 4 3 2 
2 5 1 2 1 2 1 2 
2 6 2 3 2 4 
2 7 5 1 5 
17 6 2 
2 13 1 1 
1 14 1 
2 15 2 1 
2 8 7 1 3 
2 8 3 3 2 
3 7 1 2 1 1 
13 3 4 1 
2 8 1 3 2 
1 7 5 2 4 
1 6 1 2 1 1 1 1 
1 5 2 1 1 1 1 
1 6 1 2 2 
2 6 2 1 2 2 
9 3 3 3 1 
4 3 2 1 5 1 
3 3 7 3 3 1 
4 3 3 3 2 
3 3 1 7 3 
3 1 3 2 6 3 
2 1 4 3 7 
2 2 5 1 11 
1 1 7 3 2 3 
1 1 5 3 2 3 
/
11 7 5 
2 3 6 2 5 
2 6 9 6 
1 10 2 2 5 3 
2 12 2 6 3 
2 2 7 9 
2 2 4 5 10 3 
1 1 30 
1 2 1 25 
1 2 2 1 24 
1 5 12 3 
1 1 3 1 10 1 2 2 
2 1 6 8 3 2 2 
3 3 1 7 2 1 2 1 
6 2 8 2 3 1 
14 1 2 2 2 
6 6 6 2 1 4 1 
4 6 3 1 5 1 1 
5 1 3 5 1 1 3 2 
5 4 1 3 3 2 
6 1 4 4 1 1 2 2 
1 2 1 2 1 4 3 2 2 1 
1 2 1 4 1 4 2 1 1 
2 2 1 1 1 2 2 1 1 1 2 5 
3 3 2 1 1 1 2 3 4 
3 3 2 2 2 1 3 2 2 
6 1 4 2 1 1 1 2 
4 2 2 1 2 1 6 
8 5 3 2 7 
17 8 10 
