#7.85 
#nonogram 21093

1 
2 
1 
2 
2 
1 
2 
1 
1 
1 
2 
4 
3 2 
7 2 
7 8 1 2 
3 6 8 3 
6 4 4 2 
14 13 
19 5 6 
16 20 
5 7 5 1 20 
3 2 7 1 3 12 
2 1 9 5 9 
1 2 11 1 1 3 7 
1 1 3 1 5 2 3 3 6 
2 4 1 4 1 4 6 
2 3 1 4 3 2 5 
2 4 1 5 2 2 2 1 4 
1 4 5 1 2 2 1 1 1 3 
2 4 3 1 1 1 1 1 2 3 
2 6 2 1 4 1 1 1 2 
2 2 4 1 1 1 1 1 2 
2 4 3 1 1 2 
2 12 4 8 4 5 
2 8 1 1 9 
2 2 6 2 1 12 
2 5 6 16 
1 2 4 6 16 
2 2 1 4 2 5 17 
4 1 1 4 2 4 18 
8 1 4 2 4 18 
10 7 5 18 
24 19 
23 19 
45 
/
7 7 
5 2 8 
5 4 6 
4 2 2 6 
4 2 1 2 5 
4 2 2 2 5 
4 3 3 7 
5 2 5 5 
5 2 5 2 4 
6 3 2 5 
9 9 3 
2 5 18 
1 4 20 
1 4 9 12 
1 3 9 1 2 6 
1 3 5 1 1 1 4 
1 1 4 7 
2 1 9 2 1 9 
1 1 4 3 1 3 3 
1 6 4 1 4 4 
1 11 1 9 
1 1 8 14 
2 1 6 2 9 
1 3 6 1 5 1 
1 2 1 1 
1 1 4 1 1 
1 1 3 1 3 
1 1 4 4 1 6 
1 1 6 3 1 7 
2 1 4 1 3 1 9 
1 1 2 3 1 1 1 9 
1 1 1 2 1 1 1 1 9 
1 1 1 2 4 3 1 9 
1 1 1 3 1 1 2 1 10 
1 1 1 3 5 1 10 
2 1 1 3 3 3 1 10 
2 3 4 1 1 11 
3 4 4 3 11 
6 3 5 2 11 
4 3 3 6 2 11 
4 3 2 7 3 12 
2 2 2 8 12 
1 1 10 12 
2 1 25 
1 1 25 
