#7.87 
#nonogram 1534

9 
5 5 
1 3 3 
2 2 3 3 
3 2 3 2 
1 3 1 2 4 3 
1 3 4 13 
2 2 3 4 5 
2 1 2 4 3 3 
2 1 2 3 3 2 
1 1 2 4 2 3 
1 2 2 4 2 
2 1 1 5 2 
2 2 1 4 1 2 
2 2 2 4 2 3 
2 1 1 5 4 3 
2 1 3 3 4 4 
4 3 5 5 
3 3 6 6 
3 4 16 
2 3 14 
3 4 11 
3 5 7 
2 12 
3 8 
/
2 
7 
1 7 
2 4 1 
1 1 3 4 
2 3 1 6 
1 4 5 
2 7 
3 2 
4 4 
5 2 
2 
5 2 
14 
18 
2 3 13 
2 2 2 4 
2 2 2 3 3 
2 1 3 6 2 
1 2 3 8 3 
2 1 2 6 2 
2 1 2 5 2 
1 2 4 2 
1 2 4 2 
1 2 6 
1 2 6 
2 2 6 
2 1 5 
2 1 6 
2 2 5 
3 2 6 
7 6 
8 7 
15 
8 
