#7.91 
#nonogram 2346

6 
12 
17 
20 1 
22 2 
24 3 
26 4 
28 5 
30 6 
32 7 
34 9 
20 8 11 
18 7 11 
5 8 8 11 
3 2 1 10 
3 2 1 9 
3 1 2 8 
2 2 2 7 
3 1 2 2 6 
3 1 1 2 2 5 
3 1 1 2 2 2 4 
2 1 1 3 2 2 3 
3 1 1 1 1 1 2 2 
3 8 1 2 2 1 
3 6 1 2 2 1 
6 2 1 1 2 2 
9 2 1 2 2 5 
10 4 2 2 2 6 
8 5 2 2 2 5 
10 3 5 4 2 8 
11 6 4 6 11 
12 2 6 11 4 5 
12 3 18 4 3 
34 4 1 
32 4 
14 14 6 
16 8 7 
19 9 
35 
33 
32 
2 25 
23 
4 2 9 
2 5 
/
15 
21 
25 
7 16 
5 17 
6 17 
5 15 
6 15 
7 2 13 
7 1 14 
8 14 
9 1 14 
11 2 12 
11 4 2 12 
12 6 4 7 
12 9 5 7 
13 1 2 2 3 7 
13 1 6 7 7 
14 3 2 7 6 
14 4 6 6 
13 1 7 5 
13 6 6 
12 6 6 
12 5 7 
11 5 7 
10 8 7 
10 11 7 
10 1 10 7 
9 2 7 7 
13 1 5 7 
14 4 7 
11 3 12 7 
10 2 8 7 
9 2 5 6 
11 2 4 6 
5 2 2 2 6 
4 2 3 2 6 
2 2 7 4 
1 2 5 3 
3 2 3 
4 2 2 
6 2 2 
7 2 2 
9 2 2 
11 3 2 
13 6 
15 6 
17 7 
19 7 
22 7 
