#7.92 
#nonogram 1921

13 6 17 
4 3 3 16 
4 7 3 3 16 
4 10 2 2 
4 2 4 1 8 6 1 
4 2 2 12 7 
4 2 1 3 3 3 1 3 
4 2 3 1 1 1 2 
4 2 4 2 4 1 3 2 
4 2 1 2 2 5 2 1 2 
3 2 2 1 2 1 5 
2 3 3 2 2 2 2 3 
1 3 5 4 2 2 2 1 1 
3 6 2 8 2 5 1 
3 6 1 8 2 2 
3 4 3 3 4 
2 4 4 2 1 5 
2 6 4 2 3 3 
3 6 4 2 2 3 
4 6 1 2 2 2 3 
4 4 3 2 2 3 
1 2 5 2 3 
4 3 2 7 4 
4 4 2 6 4 
4 3 3 2 9 
4 3 2 2 2 6 
4 3 2 3 2 3 
4 3 3 2 2 
4 3 5 2 1 
4 11 2 2 1 1 
4 11 1 8 1 
4 11 3 2 5 3 
4 3 4 3 3 
12 3 6 2 9 
12 3 8 2 10 
12 3 4 6 10 
12 7 5 10 
/
13 4 16 
12 6 15 
11 3 2 15 
10 3 2 15 
1 3 2 4 
1 11 2 9 4 
1 10 2 12 4 
1 2 4 3 10 4 
1 2 10 2 3 4 
1 2 10 3 4 
1 2 10 3 4 
1 3 3 5 4 4 
1 4 3 4 
4 10 
4 2 2 11 
3 2 2 3 2 11 
2 6 3 3 1 
1 8 6 2 
1 2 10 2 3 
2 3 4 6 4 
3 1 3 4 5 
5 2 2 2 5 
4 2 2 2 2 4 
1 3 4 2 2 4 
3 12 2 4 
3 3 2 3 2 3 
3 2 2 7 2 
3 2 6 4 5 
3 2 5 2 7 
3 2 3 4 
3 4 1 2 3 
3 3 3 3 2 4 
3 2 2 2 2 4 
3 5 2 3 1 2 4 
3 2 1 1 2 8 4 
3 2 3 2 2 8 4 
3 3 1 4 4 4 
3 9 12 8 
4 6 14 6 
5 20 6 
