#7.93 
#nonogram 1679

3 
5 
3 1 2 
3 2 2 
3 2 
3 2 
4 2 
4 3 
2 3 5 2 
3 9 4 2 
7 7 5 5 2 
9 22 1 
5 1 3 23 2 2 
1 5 1 23 4 2 
8 3 30 
6 2 2 34 
7 4 2 31 
5 2 22 4 2 
6 3 22 2 2 
6 1 5 21 3 1 
13 4 4 3 3 5 2 
10 4 4 5 2 
6 2 6 2 2 2 
7 2 2 3 
6 2 2 2 
4 7 2 
4 2 4 2 
4 2 3 2 
3 2 4 2 2 
2 3 2 2 
2 1 2 2 
4 2 2 
6 2 
3 3 
6 
/
2 
2 
3 
5 
7 
8 
9 
3 6 
3 1 4 
3 4 
3 2 3 
3 2 4 
4 1 3 
3 2 3 
2 2 4 
3 1 3 
2 3 4 
2 6 
1 3 
2 2 2 
11 
13 
13 
14 
15 
12 1 
2 10 
1 10 5 
10 8 
11 4 4 
10 4 5 
10 6 1 1 
10 3 5 1 
3 10 2 3 1 
6 10 3 3 2 
9 10 8 1 
2 4 11 2 1 2 2 
2 1 14 5 1 2 
3 21 3 
15 6 
13 5 
9 5 
3 4 
5 3 
10 1 
12 
2 5 3 2 
6 3 6 
1 6 7 6 1 
17 
