#7.96 
#nonogram 1819

3 5 
16 
19 
22 2 
25 3 
10 20 
9 20 
8 3 9 
3 2 2 10 3 
2 2 2 9 3 4 
1 2 2 9 2 1 2 
1 1 2 8 1 1 3 
2 2 5 1 2 4 
2 3 3 4 2 1 
2 3 3 3 2 2 
6 3 2 5 
5 3 5 3 1 2 
4 3 3 3 1 
5 2 2 2 1 
5 3 2 1 1 1 
4 5 1 1 1 
4 5 1 1 2 1 
4 4 2 1 1 1 
4 4 1 1 1 1 
4 3 1 1 1 
8 2 2 
8 1 2 1 
9 1 1 1 
11 1 1 2 
12 1 3 
6 8 1 3 
7 11 2 
1 6 9 3 
1 8 6 2 
2 17 2 2 
3 3 10 3 3 
4 28 
28 6 2 
27 9 2 
29 7 1 
28 2 
30 
31 
20 8 
18 8 
/
43 
9 20 11 
8 2 19 10 
8 2 20 9 
10 4 2 10 8 
9 4 12 8 
7 3 9 4 8 
7 2 12 4 8 
7 2 8 4 3 8 
6 3 9 3 3 8 
5 3 7 2 4 1 8 
8 6 2 3 1 8 
7 5 1 2 1 8 
6 4 2 2 8 
6 5 2 2 8 
6 4 1 11 
6 4 14 
5 4 20 
9 4 13 
12 2 13 
7 3 6 12 
6 7 2 2 8 
7 2 1 1 8 
6 1 1 7 
4 2 1 1 7 
3 1 7 
4 9 
2 1 3 5 
2 2 3 2 4 
3 1 1 3 4 
2 1 4 3 
2 2 1 5 2 
1 2 2 3 5 2 
2 4 4 2 
2 2 5 1 
1 2 2 1 
1 1 4 3 2 
1 6 2 1 
1 1 2 1 
1 1 1 1 
2 6 2 1 
1 2 1 
1 2 2 
3 3 2 
5 4 2 
