#7.97 
#nonogram 1937

3 9 2 1 7 
3 1 1 2 4 4 1 8 
8 2 2 4 2 2 1 1 1 
1 2 2 4 3 6 2 
2 8 7 4 1 4 
1 3 10 3 1 2 
1 3 2 1 1 1 4 
1 4 9 3 1 1 
1 5 5 3 2 1 
7 1 7 1 13 1 
4 1 6 13 1 
4 1 7 1 15 
4 5 3 7 
3 9 8 
2 2 10 1 
2 25 1 
5 23 1 
3 3 14 2 
8 2 2 7 
1 2 2 2 4 
2 4 2 2 2 2 
1 4 2 5 6 1 1 
1 1 4 2 5 6 1 3 1 
1 2 5 6 5 2 4 
1 1 3 3 2 3 
12 4 3 1 1 1 
4 3 5 2 1 2 1 1 2 
6 4 5 1 3 4 1 
8 3 4 1 2 1 3 
8 3 3 3 3 4 
4 3 3 5 3 2 3 
5 2 2 4 7 
3 2 3 2 1 1 3 
4 3 4 6 
5 1 10 
/
4 
6 
1 1 8 
1 8 
3 2 4 1 1 
1 4 1 5 2 
3 1 6 
3 8 3 3 4 
3 13 1 4 1 
1 15 1 
1 1 7 3 8 
1 1 1 1 1 1 3 11 
1 1 2 3 2 1 1 11 
1 4 2 2 1 1 4 1 4 
6 2 2 1 1 1 2 
1 1 3 3 3 4 5 
6 7 3 4 5 
6 7 3 6 
1 2 1 3 1 2 6 4 
6 7 2 6 1 
6 7 2 3 2 
7 5 3 6 2 
5 1 4 6 1 1 2 1 
1 1 1 5 2 1 2 1 
2 13 1 2 3 
1 1 16 1 1 2 2 
1 4 11 3 1 1 6 
6 11 3 8 
8 10 3 7 1 
10 2 1 
1 2 4 5 1 1 2 
1 2 3 3 3 1 2 
3 3 3 3 2 
2 1 1 3 3 1 1 2 1 
4 1 3 3 1 3 2 
2 1 3 3 3 1 1 1 5 
2 1 1 3 3 2 2 1 1 2 
3 2 3 2 4 8 
2 3 1 1 1 2 1 7 
5 4 4 13 
