#8.1 
#nonogram 2109

4 3 
6 3 
2 2 3 1 
1 2 2 2 1 
1 1 2 2 1 
2 2 2 3 1 
5 3 4 2 
11 7 
12 6 
12 6 
2 1 6 
4 1 6 
4 1 6 
1 3 1 6 
1 11 2 3 
1 2 4 1 3 
2 2 3 1 3 
2 1 1 4 1 3 
1 2 7 1 3 
1 3 6 2 3 
1 7 2 2 4 
2 3 2 8 
4 2 11 
3 1 2 4 4 
2 3 2 3 2 
1 4 2 3 4 2 
2 4 2 3 6 1 
1 4 2 3 6 1 
1 4 2 3 6 1 
1 4 3 3 4 2 
1 5 3 3 2 
1 5 4 5 4 
1 6 4 11 
1 6 6 5 4 
1 6 7 4 4 
1 6 8 3 4 
1 4 9 2 3 
1 10 1 4 
1 17 1 4 
1 18 1 4 
1 2 11 1 3 
1 1 10 2 3 
2 1 10 2 3 
2 1 10 2 3 
1 5 10 1 3 
1 17 1 3 
1 1 10 1 3 
1 1 10 1 3 
1 2 6 1 1 3 
1 1 4 1 2 
2 2 3 8 
1 2 3 5 4 
2 6 4 2 
2 5 3 3 2 
8 2 5 2 
1 2 5 2 
2 3 2 3 
2 3 3 
2 9 
2 7 
3 3 3 
2 3 3 
1 1 3 
2 1 3 
3 2 
/
18 
3 9 
2 3 
1 11 10 2 
2 12 3 2 3 2 
1 13 2 2 2 1 
2 13 2 2 2 1 
9 7 2 2 3 
7 4 2 1 3 
3 2 1 3 
6 22 
3 4 40 
3 39 3 
6 3 3 21 2 
2 5 1 1 1 18 5 2 
2 4 1 1 1 16 7 1 
2 1 4 1 3 4 14 3 3 2 
2 1 5 1 3 8 13 3 2 3 
2 2 3 2 3 10 12 2 2 2 2 
3 4 12 4 12 2 3 4 1 
9 10 4 3 1 4 4 2 
1 17 2 3 5 10 4 5 
3 2 5 12 2 2 2 
8 4 5 5 8 8 
22 5 1 16 9 
10 2 5 17 7 4 
8 4 3 13 4 
17 9 
20 7 
30 
