#8.104 
#nonogram 1391

14 3 19 
14 2 1 2 18 
13 1 4 2 3 17 
13 1 1 2 4 1 16 
13 1 2 1 2 2 2 14 
13 1 4 2 1 1 2 12 
14 4 2 1 2 2 1 10 
14 4 1 2 1 1 2 3 7 
14 4 2 1 2 1 9 5 
14 1 3 1 2 1 2 1 3 3 4 
14 1 4 2 2 3 2 1 4 2 3 
14 1 4 1 1 4 2 1 1 3 2 3 
14 1 4 2 3 1 1 1 1 1 1 2 
14 1 9 2 2 2 1 2 2 2 2 
14 2 4 4 1 1 1 1 2 3 1 2 
14 1 1 1 2 1 1 1 2 1 1 5 1 1 2 
15 5 2 4 1 2 7 1 2 
15 4 2 1 1 5 4 1 2 
16 5 2 1 2 1 3 3 1 2 2 
16 8 5 1 2 1 2 2 2 
16 9 4 2 1 1 2 3 3 
16 8 3 3 2 1 4 3 
16 6 1 3 3 2 4 4 
17 6 1 3 6 1 4 
17 6 2 2 1 3 1 1 4 
17 5 4 2 4 2 4 
17 4 4 1 6 1 1 4 
16 3 2 2 7 1 1 3 
12 2 1 2 4 3 1 1 3 
11 1 2 1 1 2 3 4 1 1 3 
11 2 3 1 2 6 5 1 1 2 
10 2 3 1 1 5 3 1 1 1 2 
10 2 2 2 2 3 3 2 3 1 2 
9 2 1 2 2 2 5 2 5 2 
9 2 5 2 3 2 3 3 4 2 
8 4 5 3 5 4 1 2 2 2 
8 4 5 1 1 3 4 1 2 4 2 
8 3 6 4 3 3 2 1 
8 5 3 4 3 4 2 1 2 1 
1 3 3 6 2 2 9 2 1 
3 2 4 3 1 2 16 3 1 
4 2 5 1 3 7 6 1 
1 2 2 1 2 1 4 5 10 1 
1 2 1 1 1 9 14 
2 2 8 20 1 
4 1 5 9 8 3 2 
5 3 2 11 1 3 3 6 
9 1 6 4 6 10 
2 2 3 5 6 3 9 2 
3 1 2 5 1 7 5 6 1 
5 2 1 1 3 2 2 1 1 2 1 3 2 
2 3 2 1 3 4 1 1 3 3 1 2 1 
6 2 1 3 5 2 5 1 1 2 2 
6 3 1 3 3 4 2 3 2 1 3 1 
4 4 2 2 4 2 5 3 1 
6 1 3 4 2 3 3 1 3 1 1 1 1 
2 2 2 1 2 2 3 3 1 3 1 1 1 1 
3 3 1 3 1 2 5 2 1 3 2 1 2 
5 2 2 3 5 1 3 10 2 2 
4 5 6 7 1 4 7 2 2 
2 8 3 7 7 2 3 3 
13 8 1 7 4 
29 15 
32 12 
34 8 
/
40 5 4 3 
39 2 3 5 3 
39 2 2 4 4 
39 8 2 2 4 
40 3 7 2 4 
41 5 2 1 5 
44 1 5 3 6 
39 2 3 7 6 
35 2 1 2 5 7 
33 2 4 1 3 4 7 
31 9 2 4 4 6 
29 7 2 4 2 3 5 
28 4 5 2 3 1 3 1 5 
2 22 3 8 4 4 2 4 
1 12 5 2 2 2 2 2 1 4 
2 3 6 10 2 7 2 2 2 1 1 3 
2 3 3 4 11 2 1 5 2 3 
1 7 5 13 6 6 3 
3 10 7 5 4 13 3 3 
2 1 8 12 4 23 3 
1 2 18 4 20 4 
2 3 4 9 2 6 8 1 6 
3 3 4 7 3 1 3 5 5 8 
3 4 10 3 2 8 7 8 
3 3 7 2 3 2 9 4 9 
2 4 2 5 3 1 10 2 10 
2 2 2 4 6 3 2 1 5 4 1 10 
5 1 1 1 2 2 5 3 4 2 4 1 6 
2 3 4 2 5 2 6 4 4 4 5 3 
2 7 8 2 4 6 3 1 9 2 
2 3 2 2 7 3 8 3 8 2 2 
2 2 3 1 1 6 9 5 1 1 3 2 
3 2 3 5 1 4 6 2 6 4 6 1 
1 2 2 3 3 3 2 1 2 7 3 1 4 1 
2 3 2 3 3 3 2 1 1 3 4 2 2 3 4 
3 2 3 4 3 2 2 4 4 3 4 1 3 4 
4 2 3 2 8 3 2 5 2 1 1 3 3 
4 2 2 2 3 5 4 4 2 3 1 1 3 4 
5 3 4 3 1 3 2 1 4 1 4 3 3 4 
5 5 2 5 3 1 3 1 3 1 3 2 3 
6 3 8 8 1 4 3 2 3 3 3 
6 1 1 6 6 12 4 1 3 3 3 
7 1 2 4 1 1 16 5 3 2 3 
7 2 2 3 1 2 5 1 1 3 3 
7 1 1 4 1 2 5 1 1 1 3 
8 2 2 1 1 2 5 2 1 2 
8 2 1 3 1 3 2 1 3 
9 3 3 2 5 2 2 
10 6 5 1 3 2 3 
12 10 2 4 3 
37 3 4 
43 7 
