#8.106 
#nonogram 2403

1 11 
2 19 
3 6 9 
2 2 
3 2 
3 2 2 5 
2 5 3 2 10 
5 2 3 2 2 
3 5 2 2 2 2 
8 2 2 7 16 
3 2 4 23 
5 3 4 2 2 
2 4 2 4 
6 2 4 2 2 
4 3 2 10 2 
5 12 5 
8 5 5 12 
4 3 7 6 
2 1 3 8 2 
4 2 7 1 6 2 
4 2 4 3 1 7 3 
4 3 2 2 2 11 5 
6 3 2 1 15 2 
2 1 2 2 1 13 2 
2 3 2 1 2 6 2 
2 3 2 7 2 
5 8 2 
4 10 4 
4 1 14 
2 1 9 2 
1 1 8 2 
3 2 4 2 
5 4 6 
10 2 
9 6 
3 3 7 
1 4 2 
7 2 
6 6 
5 4 
5 2 
5 4 
4 6 
4 2 
3 2 
4 5 
3 4 
3 2 
3 4 
2 2 
/
2 
2 4 
4 5 2 
4 5 3 
3 5 4 
1 1 1 1 6 
4 3 1 1 3 
4 3 4 2 
4 1 2 5 
3 2 1 1 2 2 
4 1 2 2 
2 1 2 2 
3 2 
4 3 
3 2 2 
2 2 2 
7 3 
10 2 
6 5 3 
4 5 3 
3 1 4 4 
1 3 3 
2 3 4 
1 2 3 4 
1 2 2 9 
1 2 2 5 6 
2 2 5 5 2 
2 1 5 5 5 
2 1 9 3 3 
1 3 9 3 6 
1 4 12 8 
1 2 2 14 3 2 
1 2 2 13 2 3 
1 1 2 1 16 6 
2 2 1 24 
2 1 3 1 25 
3 1 4 1 3 21 
3 1 2 2 1 3 3 9 
3 1 2 1 1 2 2 1 5 
3 1 2 2 2 2 1 2 1 1 2 
3 2 2 3 2 1 1 2 1 1 1 
3 2 2 1 3 2 2 1 2 2 2 2 1 
3 2 2 1 3 2 2 1 2 2 2 2 1 
50 
50 
