#8.102 
#nonogram 2107

9 
1 4 3 
3 2 2 
1 3 2 1 
1 4 2 4 2 
2 5 2 3 8 
2 1 3 5 12 
3 1 3 5 6 3 
3 1 1 2 10 3 2 
1 1 2 2 9 7 2 
2 1 1 2 3 4 8 2 
4 2 1 2 5 7 2 
4 3 1 2 6 2 6 2 
2 1 1 2 2 11 9 
2 1 1 2 1 2 9 9 
5 2 2 1 3 13 
2 1 2 2 4 16 
2 1 2 2 3 4 13 
4 3 2 2 3 13 
2 2 12 11 
2 2 2 8 
2 11 4 2 
3 5 3 3 
2 3 2 2 5 
3 4 9 
2 5 7 
1 5 6 
12 
10 
6 
/
7 
8 4 
1 3 5 
4 3 3 
6 2 3 
3 2 2 2 
6 1 2 1 2 
3 4 3 5 
7 2 2 2 
3 5 2 2 
10 1 
2 2 
2 1 
2 1 1 
2 3 1 
3 3 2 
2 2 1 1 
4 2 4 1 1 
9 2 1 1 1 
3 5 1 1 2 1 
2 6 2 1 2 1 
2 6 5 1 1 1 
2 2 8 3 5 
2 1 8 3 7 
1 1 8 7 5 
1 9 1 3 5 
1 4 2 3 5 
1 3 8 4 
2 3 1 9 2 3 
2 2 2 7 3 3 
2 2 3 7 6 
5 14 6 
3 14 6 
2 14 6 
2 12 6 
2 18 
2 9 4 
3 7 
11 
7 
