#8.100 
#nonogram 1091

28 11 
29 5 4 
23 3 3 
6 16 5 3 
1 4 18 4 
2 2 6 4 6 1 
3 5 1 1 3 
4 1 1 1 4 
4 1 2 1 3 
1 1 1 1 2 1 1 
1 1 1 1 1 
2 2 1 3 
1 1 2 3 
1 2 1 3 1 
2 1 2 3 1 
4 4 1 2 2 
8 4 6 3 2 
5 3 1 2 3 4 2 3 
5 1 3 1 1 4 4 2 4 
6 1 1 1 1 1 4 3 5 1 
6 3 2 1 4 4 1 2 3 1 
6 5 2 1 1 4 3 1 6 2 
5 3 2 3 1 3 3 3 2 
5 1 2 1 3 4 3 3 2 
5 1 1 3 1 2 1 6 3 2 
5 3 2 3 8 2 2 1 
5 2 1 2 1 6 5 2 
3 2 2 2 2 4 5 3 
4 2 2 1 1 2 2 4 4 
4 3 2 2 7 1 4 
5 1 1 3 2 2 1 1 4 
4 1 3 4 1 2 1 1 5 
4 1 4 4 1 1 6 
10 5 1 1 1 4 
5 6 1 1 2 
4 6 1 1 1 2 
3 7 1 1 1 3 
2 8 1 1 4 
4 8 1 2 2 1 4 
1 1 10 1 1 5 
1 4 8 1 7 5 
3 1 4 2 9 1 6 
3 1 4 1 10 8 
2 1 1 2 11 6 
2 1 2 1 10 4 
1 2 5 10 4 
2 2 9 6 9 
3 6 5 
5 4 
3 
/
2 12 
2 14 3 
2 16 2 2 
2 2 11 5 2 1 
2 1 2 12 4 4 2 
5 1 7 3 2 1 6 
7 3 3 4 1 1 1 1 
6 2 3 1 2 1 2 3 1 
5 2 1 2 2 1 6 1 1 
4 2 3 2 5 1 2 
3 3 1 1 1 4 3 3 
3 2 1 1 2 4 1 5 
3 1 6 4 11 
4 1 5 3 5 6 
4 2 1 3 3 7 4 
4 3 1 3 3 11 
10 1 4 6 
9 1 3 1 9 
8 7 2 10 1 
7 3 1 2 9 3 
6 2 5 2 1 8 4 
6 1 7 2 7 7 
5 8 1 1 2 2 2 6 
5 6 3 2 3 6 
5 3 2 5 4 6 
5 3 2 7 1 7 
6 17 1 1 7 
6 4 13 1 6 
1 5 8 1 3 1 1 6 
1 2 3 3 1 3 2 1 2 1 
2 2 4 3 1 3 2 1 2 2 1 1 
5 2 3 3 3 5 1 
6 4 3 13 1 1 
10 4 5 1 1 2 
2 1 1 4 4 2 3 3 3 
1 3 5 5 2 7 10 
2 4 6 5 2 8 12 
15 4 2 8 13 
5 2 2 4 3 7 12 
4 1 3 10 9 
