#8.105 
#nonogram 1572

19 3 3 
19 2 2 
19 2 2 3 
19 1 5 2 
20 3 3 1 
20 4 5 2 
20 1 2 6 1 
21 1 1 4 2 
21 2 1 1 6 
21 3 1 1 5 
21 3 1 2 4 
21 1 1 1 1 4 
21 2 2 1 4 
22 1 1 2 3 
22 1 1 1 1 3 
21 1 1 4 3 
21 2 5 2 
18 2 2 2 2 
12 2 3 1 2 
9 7 2 3 2 1 
7 11 6 2 1 
5 4 9 3 1 
4 3 5 1 2 2 
3 2 1 6 
2 2 4 2 3 3 
2 2 2 3 1 3 3 
2 1 2 4 2 2 4 3 
1 1 2 4 4 2 4 5 
1 2 3 3 3 1 5 
1 3 2 2 1 4 1 
1 3 3 3 3 6 
1 2 1 3 5 4 1 1 2 
1 1 5 2 3 4 1 1 
4 2 1 6 
3 1 3 2 5 1 
3 2 6 1 
2 3 6 2 
2 3 8 2 
1 1 4 9 3 
1 5 12 2 
3 21 4 
4 3 15 5 
5 4 9 4 1 
5 4 8 2 2 1 
6 11 3 1 
/
33 4 4 
27 4 5 
24 5 2 7 
23 7 2 5 
22 2 2 2 4 3 
21 2 10 1 
21 2 2 7 
20 1 2 6 
20 2 2 5 
19 1 1 2 2 3 
19 2 2 1 2 2 
19 2 2 1 1 1 2 1 
18 1 1 2 2 2 1 
18 2 3 2 2 1 
18 2 1 2 1 2 2 
18 2 1 2 1 1 1 6 
18 2 1 1 2 2 6 
18 2 2 1 3 1 6 
17 2 1 2 3 1 7 
13 4 1 1 2 1 7 
2 10 1 2 1 7 
6 2 1 2 2 7 
1 9 3 2 1 7 
1 2 3 3 1 4 8 1 
2 3 1 3 3 8 2 
1 3 4 1 8 3 
1 5 4 1 9 2 
1 3 3 11 5 
2 7 8 6 
3 4 2 2 2 4 6 
9 7 1 6 4 
4 3 6 
4 3 1 
2 3 3 4 
1 4 8 
2 4 4 6 
1 6 5 7 
2 14 6 
14 8 
9 6 
