#8.115 
#nonogram 2028

6 
7 5 1 
4 12 
2 1 2 1 1 
2 9 4 1 
2 2 5 7 
1 13 
2 7 3 
1 1 5 2 3 5 
2 3 4 2 3 
1 2 3 2 4 3 
1 1 2 3 5 7 3 
1 1 5 3 1 12 
1 1 2 1 1 4 11 
1 1 4 3 4 11 
1 1 3 1 1 1 1 1 11 
1 1 6 1 3 11 
1 1 3 1 1 1 3 12 
1 1 4 3 2 1 12 
1 1 2 1 1 3 8 3 
1 1 5 2 3 6 3 
1 1 2 2 7 4 1 3 
1 2 6 3 5 
2 3 2 3 5 2 
1 5 6 5 1 
10 1 1 3 
2 1 1 
1 2 
11 2 3 
12 2 5 
13 2 1 4 
14 2 1 4 
8 2 1 4 
8 7 5 1 4 
10 1 2 1 1 4 
9 5 1 4 
8 1 4 
1 8 1 4 
2 14 1 4 
3 13 1 4 
3 12 1 4 
3 11 1 4 
3 1 5 
3 9 3 1 
2 9 1 3 
1 9 2 2 4 
1 1 1 4 7 
7 3 4 6 
1 1 8 5 
7 14 
/
7 
5 5 
1 3 3 1 2 3 
1 1 1 1 1 4 3 
2 3 3 2 6 3 
3 4 4 1 8 3 
3 1 2 5 2 1 10 3 
2 1 4 1 4 1 12 3 
2 1 1 3 1 1 14 3 
2 1 2 1 2 1 16 1 
1 1 1 1 2 1 14 3 
1 1 1 2 5 1 1 5 1 5 3 1 1 
1 2 3 1 1 3 4 1 4 7 
1 1 6 6 1 4 1 4 3 1 1 
1 1 1 2 3 3 1 4 1 4 3 1 1 
1 1 6 2 2 1 4 1 4 7 
1 1 2 9 1 4 1 4 3 1 1 
1 1 4 2 3 1 4 1 4 3 1 1 
1 1 6 3 1 4 1 4 3 
2 2 3 1 1 
1 2 1 4 1 2 
1 2 2 1 5 1 1 3 
1 2 2 3 12 2 2 
1 3 3 5 1 8 6 
2 2 12 1 1 1 4 
3 2 11 3 3 4 
3 3 10 1 3 
9 10 4 14 1 2 
9 9 2 2 2 2 1 
3 4 9 1 3 16 2 1 
1 1 3 1 7 1 3 16 4 
1 1 2 1 7 1 2 14 5 
20 12 6 
1 20 6 
16 7 
