#8.119 
#nonogram 2299

65 4 2 
64 3 
64 2 6 
63 1 7 
63 2 3 
6 55 4 
4 22 24 2 6 
3 2 20 3 4 4 1 4 
3 4 17 7 2 3 3 3 3 4 4 
2 2 2 16 3 4 2 3 4 2 2 3 4 1 
2 1 2 13 2 2 3 2 3 3 4 9 2 
1 2 2 1 13 1 17 2 2 3 2 2 2 2 
1 1 5 1 7 6 2 1 5 4 5 3 3 1 
1 2 1 2 5 3 4 1 1 5 2 1 2 2 3 3 
1 2 3 3 3 2 2 2 2 4 2 3 3 2 1 
1 3 6 2 2 2 5 1 4 4 2 2 1 1 
2 2 2 2 2 1 2 2 2 1 1 5 6 1 2 
1 2 4 2 2 1 2 11 1 1 9 2 2 
1 3 2 4 2 4 12 1 1 1 1 2 
1 1 2 2 2 2 1 3 2 1 1 2 1 2 1 2 
2 3 3 2 3 3 2 1 3 4 1 3 
1 1 2 1 3 1 3 1 1 1 1 2 1 1 3 
1 2 4 4 1 1 1 1 1 1 2 2 
1 4 1 3 6 1 2 2 3 2 1 
4 6 4 1 2 1 2 6 2 5 1 2 
5 2 6 1 4 5 4 2 1 3 4 2 3 
3 8 6 2 4 13 4 4 1 2 
4 3 6 3 2 4 1 22 2 2 
13 4 5 1 3 1 12 6 2 3 
3 1 4 1 2 1 1 2 3 7 3 1 5 1 2 1 
14 4 2 1 1 2 2 1 2 6 1 1 4 2 2 2 
3 4 5 2 2 3 2 4 3 6 2 1 2 2 1 
3 6 2 5 2 6 1 2 5 2 4 5 2 1 
6 6 7 5 1 3 2 4 6 2 3 2 
4 5 2 3 2 3 2 1 7 3 1 3 2 
3 3 7 1 4 1 3 4 2 3 3 3 
1 2 2 5 7 5 1 1 2 2 1 4 1 3 2 
2 4 3 10 7 2 1 2 5 1 2 3 
2 3 3 4 2 5 15 11 2 1 2 2 
3 5 3 2 1 6 1 19 6 2 3 2 1 
4 4 3 3 1 2 1 18 2 2 6 2 1 
5 5 2 2 2 1 2 11 15 1 1 1 
6 3 3 2 2 1 2 12 6 2 1 2 
8 6 2 1 2 1 2 15 1 2 1 2 
11 5 2 1 3 1 10 2 4 3 1 
13 11 2 4 14 3 4 
16 25 1 4 2 
22 6 3 5 
26 9 1 2 5 
61 1 4 
61 2 6 
62 1 3 4 
62 1 4 
63 2 6 
63 4 2 
/
14 11 19 
11 5 11 18 
9 4 14 16 
7 3 6 2 8 15 
6 3 1 1 1 1 2 1 1 6 14 
6 2 1 8 2 1 1 1 2 3 13 
5 2 5 2 1 1 1 1 1 2 5 12 
5 6 2 1 1 1 1 1 1 1 2 2 12 
6 3 3 2 2 1 1 1 1 1 1 2 4 11 
6 4 1 1 1 1 1 1 1 1 2 5 11 
8 2 12 1 1 1 2 2 11 
12 5 4 2 2 2 3 10 
13 3 5 2 1 5 10 
12 2 8 2 1 2 3 1 9 
12 14 3 2 2 2 9 
13 4 9 2 2 1 3 9 
14 2 1 8 3 2 5 8 
16 2 8 2 1 6 8 
17 1 8 3 2 2 8 
15 4 2 4 3 1 2 1 8 
14 3 1 2 3 3 4 1 8 
13 3 1 2 3 3 3 8 
12 2 1 2 1 5 3 2 7 
12 2 2 5 2 3 3 1 7 
10 1 3 3 2 4 2 1 7 
10 2 3 3 5 2 7 
10 1 5 2 1 2 6 
9 1 4 3 3 1 2 6 
8 3 8 3 3 2 1 6 
8 2 3 1 4 7 4 1 1 6 
7 7 2 7 2 1 1 3 6 
7 2 1 1 3 1 5 1 3 1 2 6 
6 1 2 1 5 1 2 2 1 1 6 
6 1 3 3 4 1 2 4 1 2 6 
6 2 4 2 6 4 1 4 1 2 6 
6 3 1 2 2 1 5 3 1 5 2 6 
6 3 1 1 3 5 1 2 2 5 2 6 
6 5 2 2 4 2 2 5 5 1 6 
7 3 3 2 2 3 3 5 1 1 6 
7 1 2 1 2 4 2 1 6 1 1 6 
7 2 1 2 4 2 1 7 1 1 6 
7 1 1 3 3 1 1 6 1 1 6 
7 1 2 2 1 4 1 2 4 1 1 1 6 
7 1 2 1 5 4 4 4 1 1 1 6 
7 2 1 5 4 1 1 5 1 1 1 6 
8 1 2 1 7 1 3 1 1 1 6 
8 4 4 4 1 2 2 1 1 6 
8 1 2 2 2 4 3 1 2 1 2 1 6 
8 2 2 2 4 2 2 1 1 1 2 6 
7 1 3 4 4 1 1 2 1 1 1 1 2 6 
7 2 1 3 5 1 2 1 2 1 1 2 6 
7 4 3 3 1 2 2 2 2 1 1 1 7 
7 1 1 3 3 2 2 2 1 1 1 1 1 7 
7 2 1 6 4 3 3 3 1 1 1 7 
7 2 3 2 8 2 2 2 1 1 1 8 
7 1 3 3 8 2 3 2 1 1 1 8 
7 2 1 4 3 2 3 2 3 1 1 1 8 
7 3 3 1 1 1 1 2 3 1 1 1 8 
8 3 3 2 1 2 1 4 1 1 8 
9 4 2 3 2 2 1 2 1 1 8 
9 1 2 2 1 2 2 2 3 1 6 
9 2 2 2 2 2 2 4 4 
6 3 3 2 4 1 1 1 1 3 2 
3 3 4 2 2 2 2 1 3 
1 11 3 5 1 1 2 2 1 2 
5 5 2 1 1 4 2 1 2 
2 1 2 1 2 5 1 3 3 1 2 1 
2 2 1 2 2 3 1 6 3 2 4 1 
2 2 1 3 2 2 6 2 2 2 2 1 1 
1 3 2 2 1 2 3 2 3 2 2 1 2 1 2 
1 2 1 2 2 3 3 2 2 2 3 2 1 1 
2 1 2 3 3 2 3 2 2 2 2 2 2 1 
2 1 1 2 4 4 4 2 4 2 2 1 1 2 1 
1 2 1 1 2 3 2 3 3 3 2 2 2 1 1 2 
1 2 1 2 1 2 2 2 3 4 4 3 1 1 2 
