#8.114 
#nonogram 1339

8 
13 8 
1 2 5 
11 1 2 4 
1 1 3 4 
2 6 1 1 3 1 1 3 
2 6 1 1 4 4 3 1 2 
2 6 1 1 1 2 1 1 1 1 2 
1 1 2 4 3 1 1 1 
2 6 1 1 3 1 1 2 1 
2 6 1 1 3 1 1 
2 6 1 1 1 1 2 1 
1 1 2 3 1 1 
11 1 1 2 2 2 1 1 
1 1 2 2 3 2 1 
13 1 3 1 1 2 2 1 
1 4 1 1 1 1 
2 3 2 2 
2 3 1 2 
3 3 2 1 2 
3 1 10 3 3 
3 2 4 5 1 1 
3 6 8 1 1 
2 1 1 14 2 1 
2 1 2 3 8 1 1 
1 1 5 5 4 3 1 
2 3 1 1 6 2 1 2 1 
1 3 1 1 1 1 2 2 1 1 1 
1 1 2 1 4 2 1 1 1 
1 1 4 1 2 3 2 2 
2 4 2 2 8 1 2 
4 1 7 10 1 2 
5 1 8 8 1 2 
2 3 4 4 5 3 2 
1 4 3 2 4 1 2 
1 1 3 5 4 5 4 
1 1 5 12 2 3 
1 1 1 3 2 3 5 
1 1 2 1 2 2 1 2 
1 1 2 1 1 1 1 
1 2 3 1 1 1 
1 1 4 1 2 
2 2 3 2 2 1 
1 2 4 5 2 
2 29 
2 6 
2 4 1 1 12 
2 20 
22 
10 
/
1 1 3 3 1 1 10 
1 1 3 3 1 1 2 3 
1 1 1 1 7 2 
1 1 3 3 1 1 3 3 6 2 
1 1 3 3 1 1 2 3 3 2 
1 1 3 3 1 1 2 6 2 2 
1 1 3 3 1 1 1 1 2 2 1 
1 1 3 3 1 1 2 1 1 2 2 1 1 2 
1 1 3 3 1 1 1 3 2 4 1 1 2 
1 1 1 1 2 1 4 1 1 2 1 1 2 
1 11 1 1 2 3 2 3 1 1 2 
1 1 2 4 10 2 1 2 
15 1 2 2 1 2 3 2 1 1 2 
1 2 1 3 2 1 1 2 
1 5 1 2 2 3 1 2 1 1 2 
2 1 2 3 6 2 1 1 3 
1 1 1 2 5 2 1 3 2 1 1 3 
3 2 4 3 1 1 2 2 1 2 
1 2 3 6 2 2 2 1 1 2 
1 1 1 2 2 2 3 4 1 3 2 
1 1 2 1 2 7 3 2 2 
1 1 1 1 2 2 1 3 2 2 2 
5 2 1 3 3 3 1 2 2 
1 1 4 5 3 4 1 3 1 3 
5 2 2 6 6 3 1 1 3 
1 1 2 1 1 18 1 1 3 
3 3 1 1 1 2 19 3 3 
5 6 1 1 1 3 6 2 2 
11 6 1 1 3 1 1 2 2 
2 1 2 1 2 6 
3 3 2 2 5 1 2 7 
5 3 2 4 7 1 3 4 
6 2 2 4 4 4 
8 4 10 5 
38 6 
