#8.112 
#nonogram 2541

3 2 
3 2 
3 8 2 
3 11 3 
4 15 5 
24 5 
35 
35 
35 
35 
35 
33 
34 
34 4 
11 16 3 1 
9 12 3 1 
8 5 2 1 
7 2 1 
6 2 1 
6 2 1 
6 2 1 
4 2 2 
4 5 2 3 
4 8 2 4 
13 3 2 1 
13 3 3 1 
14 3 1 4 
15 2 1 2 
17 2 2 1 
20 4 2 1 
18 2 1 2 2 1 
20 2 4 1 
20 6 3 1 
14 3 2 1 
10 1 3 1 
11 3 2 1 
11 3 2 1 
1 9 3 1 1 
1 9 2 2 1 1 
1 11 2 1 2 1 
13 2 1 8 1 
14 2 2 5 2 
16 1 1 2 7 2 
1 16 2 2 1 3 1 
14 1 1 3 2 1 
18 1 3 3 2 
12 3 2 2 3 
3 2 2 1 2 1 
2 3 2 2 1 
1 12 
/
5 
4 
13 
4 13 
13 14 
17 16 
21 18 
43 
45 
20 24 
2 13 23 
2 11 11 8 
1 11 12 9 
1 13 12 2 7 
12 12 1 7 
12 11 2 6 
12 11 1 2 5 
12 10 2 2 5 
12 10 1 5 
12 8 2 6 
13 8 3 3 1 3 
12 3 3 4 1 
12 1 2 3 
13 2 2 2 
12 2 2 
12 2 5 
12 1 6 
12 1 4 
12 1 1 
12 1 1 
11 2 1 
11 1 1 
10 7 1 
10 6 2 3 
10 4 1 1 4 
10 3 2 2 2 2 
10 2 1 2 2 3 
7 1 2 1 3 4 
8 2 2 3 3 
8 2 1 4 2 
5 2 1 1 
2 2 1 
2 4 
1 3 2 
2 1 2 1 
1 2 2 2 
2 4 1 3 
1 2 1 2 1 
1 3 2 2 2 1 
37 
