#8.117 
#nonogram 1368

11 
13 2 1 1 
16 4 2 2 
17 2 2 2 
22 2 2 1 2 
18 2 1 3 1 
11 8 3 2 4 1 
14 8 2 1 3 1 
11 2 6 1 1 4 
13 2 4 2 3 
11 2 1 1 1 2 1 1 4 
12 2 2 1 1 1 2 2 1 2 
13 1 1 1 2 5 1 2 
14 2 1 2 1 2 2 2 
15 1 2 1 2 2 2 1 2 
16 2 1 2 2 1 1 4 2 
13 3 1 2 1 4 1 5 2 
14 2 2 1 2 4 4 2 
14 2 1 1 2 2 1 2 2 1 
16 1 1 1 4 1 2 1 
19 1 3 3 1 
15 3 3 1 2 
16 1 1 3 3 
18 1 3 2 
18 2 2 2 
18 1 3 2 3 
19 2 3 2 3 
19 2 4 2 2 
19 3 3 1 2 2 
20 2 2 2 1 
21 4 2 2 1 
21 3 3 2 2 
22 1 3 1 2 2 
9 8 2 5 2 2 
6 6 2 1 3 3 
4 5 3 1 2 1 3 
4 4 3 2 2 1 2 2 
2 8 3 2 2 2 2 
2 10 3 1 2 2 
2 1 9 2 2 2 
1 2 9 3 3 2 
2 4 10 3 2 2 
1 1 2 9 3 3 3 
2 3 9 5 1 2 
3 2 10 5 2 
9 10 4 2 
22 1 2 1 
23 3 1 
24 3 
20 3 4 1 
18 6 2 
17 2 
15 7 
13 7 
9 3 
/
10 
18 
24 
28 
25 3 
25 2 
26 3 3 
27 2 4 
27 2 2 4 
28 3 1 1 5 
28 3 2 5 
29 4 9 
29 6 8 
30 5 7 
31 6 8 
14 17 7 7 
8 6 2 12 7 8 
10 5 1 12 16 
7 3 4 2 9 15 
9 3 5 7 15 
6 3 3 1 6 15 
7 3 3 5 14 
8 4 3 5 13 
10 3 4 12 
14 2 2 11 
10 3 2 11 
13 3 2 10 
9 3 2 2 9 
5 4 3 2 2 8 
5 1 2 5 3 2 2 2 
1 2 3 4 3 2 1 
1 1 1 3 2 4 3 2 2 
2 3 3 4 2 4 3 2 1 
3 3 4 2 4 5 1 2 2 
3 2 5 4 5 2 2 3 1 
3 3 4 6 2 2 2 1 1 
2 3 6 4 1 2 3 2 2 1 2 
3 6 3 1 2 3 2 2 3 
4 5 6 2 2 3 
4 4 4 2 3 3 2 3 
9 5 7 7 3 2 
2 5 5 3 3 4 3 
3 6 7 2 6 3 
5 8 7 14 2 
7 18 2 
