#8.11 
#nonogram 2049

10 
2 1 1 5 
3 4 1 4 6 3 2 
8 4 16 1 
7 8 5 1 11 2 
1 6 15 1 7 1 
1 4 15 1 1 1 5 2 
2 3 18 1 1 1 4 2 
2 2 21 1 1 7 1 
3 1 24 1 3 1 1 
6 2 24 2 1 3 
6 1 2 3 17 4 2 
6 1 2 3 3 16 1 3 2 
7 1 2 3 3 3 10 2 4 
7 1 1 3 3 3 9 1 2 
9 1 4 4 2 3 5 4 2 
11 5 4 3 4 6 3 1 3 
11 2 2 3 3 2 2 1 4 
10 5 2 2 3 3 2 1 3 
10 5 3 3 2 2 1 3 3 
10 3 3 1 2 2 2 1 3 
8 1 3 1 3 3 3 1 4 
8 2 6 4 1 2 3 1 4 
6 2 5 3 1 7 1 3 4 
6 4 5 5 1 1 3 2 5 
6 4 3 3 2 2 4 2 4 
2 1 5 2 6 2 3 1 4 
1 2 7 3 2 2 8 1 4 
1 3 16 2 2 3 1 3 5 
1 3 16 2 1 1 3 2 6 
4 20 1 1 2 2 5 
1 21 2 2 1 5 
1 2 13 2 2 1 5 
2 1 10 2 2 2 5 
1 1 7 2 1 10 
1 1 6 1 1 6 
1 1 5 1 1 6 
2 1 1 4 1 1 6 
1 1 1 5 2 6 
1 2 1 4 1 1 7 
1 1 1 5 1 2 5 
3 2 4 1 5 
6 4 2 5 
4 3 5 
3 1 3 3 
3 1 3 
3 1 3 
3 2 3 
9 
4 
/
3 10 
2 23 
4 19 1 
5 17 3 
6 16 4 
6 24 
23 5 
4 8 1 3 3 
2 15 13 1 
1 7 16 3 1 
1 6 5 10 3 
1 11 3 8 2 
12 7 6 1 
1 8 10 5 1 
1 9 3 2 4 4 1 
1 1 13 2 4 5 1 
1 1 13 11 2 
1 1 9 1 11 3 
2 6 5 6 2 
1 6 4 1 2 6 
1 13 1 11 
1 13 12 
2 10 3 3 6 
3 5 3 1 1 1 1 6 
2 13 1 1 1 4 
2 1 11 11 
3 1 7 4 1 9 
2 6 4 1 5 
3 1 5 5 1 4 4 
3 1 11 3 2 4 
3 9 3 1 1 8 
2 1 6 8 1 2 9 
2 1 5 6 1 1 7 
3 10 1 1 8 6 
3 7 24 
3 6 11 7 
4 16 5 
4 7 4 
6 3 14 2 
1 4 3 6 1 1 4 1 
2 6 10 1 1 1 1 4 
1 3 6 1 1 1 1 1 1 3 
1 3 1 2 1 1 1 1 1 1 2 
1 1 1 1 1 1 1 1 1 1 2 
2 1 1 1 1 1 1 10 2 
3 1 1 1 1 1 21 
3 1 1 1 27 
2 1 1 31 
37 
30 
