#8.118 
#nonogram 1996

5 6 
2 4 12 
2 6 11 
2 1 13 
2 6 3 2 
2 1 2 8 
5 11 
2 2 11 
5 1 1 2 
2 2 2 
5 1 1 
2 2 2 
7 2 8 
7 2 12 
8 2 2 11 
1 5 5 2 1 2 
9 2 2 1 8 
2 1 2 1 15 
4 1 1 14 
2 1 1 5 2 
1 1 9 
2 1 2 
4 1 2 
5 2 2 
3 2 5 
1 1 4 
1 1 2 2 
1 1 2 3 
2 10 8 
3 1 1 1 16 
2 1 2 2 2 1 8 
6 2 1 1 2 4 
1 5 2 1 2 7 3 
11 1 3 2 10 
8 1 3 2 11 
5 1 3 2 10 
9 3 2 
5 3 2 
1 2 3 
4 4 
2 2 3 
1 4 3 
1 4 5 
1 4 3 3 2 
5 3 2 10 
3 3 4 9 
1 4 2 3 6 
5 2 1 4 1 
2 2 1 1 9 
22 
/
3 
3 6 1 
5 2 1 1 
4 1 1 3 
2 5 
2 4 
2 4 
4 2 6 
1 1 6 3 1 2 4 
3 1 1 2 5 3 4 
3 3 1 1 3 1 5 
2 5 2 1 3 2 5 
2 4 2 1 3 7 2 2 
1 5 2 3 1 2 2 3 3 
1 5 2 1 2 3 1 2 2 1 
2 4 2 2 1 2 3 2 3 2 1 
14 1 2 1 3 3 2 3 3 1 
2 1 5 5 2 1 3 2 2 2 1 
3 1 1 1 1 1 4 1 2 3 2 3 2 2 
1 1 1 1 1 1 2 1 3 3 2 3 2 3 
1 1 1 1 1 1 1 3 1 1 3 2 3 2 1 
1 1 1 1 1 1 1 5 1 3 7 2 1 
2 1 1 1 1 2 2 4 1 2 7 2 3 
2 1 1 1 1 2 6 4 2 7 1 
4 2 1 1 2 3 4 2 2 5 
19 7 2 2 1 
7 3 3 2 4 2 3 
3 3 3 3 3 4 2 3 
3 3 3 3 3 3 3 2 
3 3 3 3 3 3 3 2 
3 3 3 3 3 3 3 2 
3 3 3 3 2 3 3 2 
3 3 3 3 3 4 3 2 
4 3 3 3 4 3 4 2 
3 3 3 3 3 3 3 3 
