#8.128 
#nonogram 1139

2 
1 5 3 
2 3 2 2 1 
1 4 1 3 1 
2 1 2 4 1 
9 1 2 1 2 
1 3 2 4 1 
1 1 1 4 1 
1 2 8 1 1 
1 6 10 1 2 
1 4 2 9 3 1 
2 1 2 5 8 1 1 
4 1 3 5 1 3 
4 5 3 7 2 1 1 
5 6 9 1 1 1 
5 17 1 2 
6 17 1 3 
6 7 9 1 1 2 
7 6 3 6 2 1 4 
7 5 3 7 2 1 
7 5 2 9 2 1 
8 2 4 6 3 2 
8 1 3 6 2 3 
9 9 1 1 
9 6 2 2 2 
8 5 5 3 3 
8 2 7 5 1 
7 1 1 9 5 4 
7 1 1 10 3 2 1 
7 1 2 9 2 3 
6 3 1 10 5 1 
6 4 16 1 
6 6 19 
2 10 1 9 
1 8 2 7 1 
2 12 4 4 2 
1 1 18 1 
1 1 13 
2 11 4 
1 9 8 
18 
19 5 1 
1 17 2 1 2 
1 16 4 1 3 
1 20 3 1 
4 2 8 10 1 2 
3 4 9 3 3 
3 6 1 
4 2 
4 
/
4 
1 2 3 
1 1 5 5 5 
1 1 9 3 1 5 
1 1 12 2 2 1 2 
2 1 19 1 2 1 
1 1 20 2 1 
2 1 20 4 1 
1 2 21 8 2 
1 3 4 12 7 3 
1 5 6 9 8 
2 18 9 
3 9 11 
3 8 13 
16 16 
3 3 6 3 19 
3 4 4 8 16 
3 2 5 2 12 4 3 6 
5 1 8 3 2 3 2 7 
1 1 6 1 4 2 1 2 2 7 
2 4 6 7 2 8 
15 8 2 8 
13 9 2 7 
1 13 8 3 9 
2 11 11 9 
3 10 10 9 
4 8 1 9 7 
4 1 2 1 9 4 
4 1 8 5 
4 2 2 1 2 6 5 
5 1 1 2 3 5 5 
6 2 4 6 6 
5 7 5 5 1 1 
2 1 4 6 1 1 1 
1 1 1 6 1 1 1 
1 1 1 2 1 1 6 
7 1 1 1 1 
1 1 1 1 1 1 1 1 1 1 
2 1 1 4 2 2 6 1 2 2 1 
7 4 14 3 8 
