#8.127 
#nonogram 1250

6 1 1 1 4 
10 5 3 3 1 4 
6 4 6 3 1 3 2 5 
5 3 7 3 3 6 5 
5 3 2 4 5 7 5 
4 5 7 3 1 1 1 7 6 
4 12 12 12 6 
32 13 6 
29 3 3 1 3 6 
4 29 2 3 3 7 
8 10 5 2 3 2 1 2 1 7 
5 3 7 3 8 4 7 
7 8 2 3 9 4 4 3 
16 5 3 8 3 5 4 
15 6 2 8 2 2 3 1 
14 4 2 2 3 4 2 3 
14 8 1 5 21 
13 9 3 29 
13 5 3 4 8 19 
4 5 7 1 6 11 18 
2 4 11 7 28 
1 3 2 13 3 17 10 
1 3 2 12 3 12 2 3 4 1 
5 2 14 9 4 2 2 2 1 
3 2 2 16 3 3 5 2 1 1 
3 6 5 3 5 4 2 
2 6 5 1 2 3 4 1 2 
2 7 7 3 3 3 1 3 
1 7 8 1 3 3 3 6 1 
1 8 7 2 2 2 2 6 
1 9 8 3 2 1 10 
1 4 2 6 1 2 3 1 11 
1 2 2 7 3 4 1 12 
2 2 2 1 7 2 6 12 
2 2 2 4 2 6 1 13 
3 5 1 4 1 3 2 17 
10 2 5 3 1 2 15 1 
10 3 4 2 14 3 
10 3 2 2 8 4 
10 5 2 7 5 
11 6 2 5 
12 7 2 2 1 
14 15 1 3 6 2 
14 15 9 4 3 3 
15 31 4 1 2 5 
16 3 11 6 4 1 2 4 
19 10 4 2 5 2 2 6 
20 14 8 1 10 
21 1 12 12 2 6 
26 9 13 5 
22 2 9 19 
23 9 19 
24 5 21 
26 23 
29 26 
/
7 30 
8 5 22 
9 4 3 20 
10 3 6 19 
9 2 8 19 
10 1 7 1 19 
10 7 20 
2 8 7 1 20 
2 10 6 22 
2 19 21 
16 3 1 15 
10 3 14 
7 4 13 
7 4 13 
8 4 11 
8 3 10 
7 3 9 
7 4 9 
6 3 9 
6 3 8 
5 3 7 
4 4 6 
5 1 4 1 4 
5 1 2 2 4 2 3 
1 5 2 1 6 4 2 2 
2 5 2 2 9 4 1 2 
3 5 7 11 3 1 1 
5 4 9 11 3 1 
10 11 12 3 1 
11 12 7 4 4 1 
2 8 12 1 1 3 2 4 2 
2 7 6 6 1 5 5 3 
3 6 3 3 5 10 
2 5 12 10 
4 3 4 5 10 
8 4 8 
1 7 5 1 8 
2 5 3 3 2 8 1 
9 3 3 2 1 7 1 
9 3 4 1 2 7 2 
3 5 11 1 1 4 3 
2 5 3 16 3 1 2 5 
3 10 5 2 15 1 2 5 
5 8 2 10 1 2 5 
7 8 5 2 2 5 
7 12 2 5 5 
3 3 19 4 6 
14 4 4 7 
12 3 7 
20 5 7 
5 14 5 7 
5 13 1 4 8 
5 7 2 2 2 1 8 
1 1 12 2 1 2 1 9 
3 3 6 4 1 4 13 
3 1 3 3 3 2 4 13 
3 3 2 3 2 3 5 13 
5 3 7 2 4 13 
1 1 3 5 7 2 5 1 8 
5 5 6 2 6 4 5 
3 3 6 2 4 1 3 3 
3 5 6 2 4 3 2 2 
3 7 9 4 3 1 1 
1 5 1 2 7 6 2 1 
5 1 6 7 3 
5 2 6 8 3 
5 2 6 1 7 2 
6 3 6 9 1 2 
5 4 1 7 10 1 2 
7 11 9 1 3 
10 9 9 2 1 2 
12 1 8 8 2 4 
14 5 1 7 2 5 
14 4 3 6 2 5 
15 3 7 8 6 
