#8.125 
#nonogram 2266

18 
2 18 
1 1 2 18 
1 1 1 18 
2 1 18 
5 4 1 2 18 
9 7 4 2 18 
7 3 1 2 5 1 18 
6 4 4 6 2 12 
1 4 5 2 1 4 1 1 3 10 
2 2 9 4 2 2 4 9 
1 1 4 5 2 1 1 1 2 3 8 
2 1 3 1 2 2 1 2 2 1 2 8 
3 4 4 2 2 4 1 2 8 
3 2 1 4 1 1 3 2 8 
3 2 2 2 2 2 2 8 
3 2 2 2 1 3 7 
2 1 3 2 1 1 4 3 6 
2 6 1 3 9 6 
3 3 2 3 2 4 2 5 
3 4 1 2 1 5 
2 2 2 2 2 5 
3 2 1 1 1 2 5 
2 4 1 1 1 1 1 1 2 
2 5 2 2 1 2 4 1 
1 7 2 4 3 
1 6 1 1 3 2 2 
2 3 3 1 4 6 1 
5 6 4 8 
6 5 3 3 3 
4 4 1 2 
4 4 1 1 
7 5 1 1 
14 2 
5 3 3 
3 4 
2 5 
2 7 
4 10 
19 
/
5 7 
4 3 4 2 
5 2 3 1 1 
6 4 2 3 2 
16 4 2 
5 6 6 1 
2 6 1 
1 2 5 5 1 
11 2 2 
7 2 
11 4 
2 3 3 3 
4 1 3 2 3 
2 4 3 2 4 
11 2 3 
3 5 2 3 
1 3 2 2 
2 2 2 3 
5 2 3 2 
2 6 4 2 2 
1 8 2 2 3 
3 5 2 1 3 
1 3 2 4 2 
2 2 2 3 3 3 
1 2 3 5 2 3 
3 2 3 1 1 2 
1 3 2 4 
10 3 3 3 
9 5 1 3 2 
8 2 1 2 3 2 
8 1 3 2 4 1 
8 3 4 5 1 
8 1 6 7 1 
9 2 11 4 1 
9 6 2 3 1 
10 4 2 4 2 2 
11 2 5 2 2 
16 3 2 1 3 2 
17 3 2 2 3 
19 1 3 3 
23 1 3 4 
23 2 3 1 5 
23 1 5 6 
24 2 3 7 
25 2 9 
