#8.123 
#nonogram 1249

12 
2 9 4 
2 21 
1 22 
2 22 3 
2 22 8 
2 6 8 3 3 11 
1 5 5 9 4 14 
2 4 16 7 9 3 4 15 
1 3 6 4 10 4 4 3 2 4 14 
1 4 2 1 6 6 2 3 2 2 4 13 
2 4 4 4 4 7 3 5 2 2 4 12 
3 2 4 2 2 2 7 3 10 2 4 12 
4 4 2 2 1 3 3 2 11 3 1 1 11 
3 3 5 1 2 2 1 2 4 4 3 1 1 11 
3 3 2 5 3 2 1 5 3 3 3 2 5 4 10 
4 2 2 7 1 2 2 2 2 2 2 5 6 4 10 
3 2 2 1 8 3 1 2 2 1 4 1 4 5 4 9 
5 3 1 9 1 1 2 2 2 3 1 3 6 4 8 
4 3 3 8 1 1 3 2 1 2 2 6 4 7 
3 3 2 3 5 1 1 3 2 3 2 3 5 4 6 1 
7 5 3 1 1 1 2 2 2 1 8 5 1 1 5 2 
5 7 1 1 2 2 1 2 7 5 1 1 4 3 
3 6 7 1 1 1 3 4 6 5 4 4 4 
7 3 5 1 2 5 7 3 6 4 9 
6 5 4 3 1 2 3 1 1 6 7 4 9 
3 4 1 9 2 3 3 1 8 7 4 9 
5 1 11 1 4 5 2 8 6 4 9 
8 2 11 2 3 5 2 9 5 4 9 
3 4 1 8 2 2 2 6 1 9 5 1 1 9 
4 4 6 1 2 2 2 5 2 9 4 1 1 9 
5 4 4 2 2 6 1 9 4 4 9 
6 5 4 1 2 3 4 15 3 4 10 
4 3 3 3 2 2 4 7 5 4 4 10 
4 2 2 4 5 7 6 3 3 4 11 
3 1 1 2 3 4 25 4 4 10 
2 2 2 1 3 2 26 3 4 10 
1 2 1 2 3 6 17 3 1 2 8 1 
2 2 3 5 5 3 3 4 1 1 7 3 
2 2 2 4 4 4 3 5 5 4 5 
7 3 6 4 4 12 5 2 8 
9 3 8 5 2 9 5 2 10 
12 4 9 4 6 5 15 
24 5 8 4 1 2 16 
20 3 3 13 2 2 1 16 
2 19 3 16 5 17 
1 19 2 16 6 18 
2 15 2 5 5 18 
2 20 2 4 20 
1 15 3 2 16 
1 12 2 14 
2 11 3 11 
10 4 9 
3 7 
11 
/
7 
5 8 11 4 
3 3 23 8 
2 17 6 7 2 
2 1 4 2 2 2 2 2 10 4 
3 2 2 2 2 2 2 6 6 2 
2 3 1 2 2 2 2 2 8 1 
2 4 2 2 3 2 2 2 8 1 
1 5 3 1 3 2 1 2 1 2 7 1 1 
1 5 3 1 2 1 1 2 1 1 3 6 2 2 
1 6 2 2 1 1 1 1 1 2 2 6 5 
7 3 1 2 1 2 1 2 3 2 5 5 
7 2 1 1 1 1 2 1 11 
6 3 4 1 1 4 1 1 2 10 
6 3 2 1 1 1 2 2 1 10 
6 2 1 3 2 1 11 
6 2 1 1 2 10 
6 2 2 2 2 2 2 1 2 10 
7 1 4 5 2 6 4 1 10 
6 1 9 3 13 2 9 
5 2 10 2 12 2 8 
5 2 9 3 9 2 1 6 
5 2 6 3 7 1 1 5 
5 2 4 9 5 3 1 1 4 
5 1 6 4 8 6 1 2 3 
5 2 1 3 2 7 1 3 1 1 1 2 
5 2 5 2 4 6 2 2 2 2 
5 2 3 2 3 4 3 1 1 2 
5 3 12 2 4 2 2 1 
4 8 3 9 1 3 4 
2 5 10 2 7 1 3 2 
4 4 4 2 6 2 3 1 
3 3 6 3 2 4 2 2 2 
2 3 10 4 2 3 2 2 3 
2 2 3 2 2 4 1 3 2 2 3 
2 3 2 2 1 1 5 1 3 
2 4 1 2 2 2 3 2 4 2 4 
8 4 4 5 1 4 2 4 
9 1 1 6 1 3 2 4 
5 1 7 6 1 3 2 5 
5 5 4 9 5 6 
3 7 1 5 5 7 
7 2 1 5 3 4 1 6 
5 6 1 2 4 1 4 1 5 
2 15 3 4 3 4 
9 8 1 4 3 4 
1 5 6 10 4 4 2 1 
2 4 2 4 9 5 4 1 2 
2 3 2 3 8 5 5 3 
2 3 3 3 9 4 5 3 
1 3 3 4 8 3 5 3 1 
2 4 8 12 4 4 2 
6 8 10 4 4 1 2 
1 4 1 4 2 7 4 1 2 1 2 
2 5 4 3 5 2 1 2 2 
1 20 6 5 4 2 
2 26 5 5 2 
3 23 6 7 2 
5 19 1 3 8 1 
6 14 3 2 10 1 
1 3 3 8 11 1 
3 2 23 13 1 
4 8 6 5 3 13 
6 6 6 3 4 13 
9 14 6 14 
12 8 14 
34 14 
34 15 
34 14 
33 13 
18 14 12 
17 14 10 
16 15 9 
14 15 6 
11 15 4 
