#8.12 
#nonogram 2521

2 4 4 2 2 2 2 
2 1 1 1 3 1 
2 1 1 2 4 1 2 2 2 2 
5 1 2 1 1 2 2 
2 1 1 4 1 1 3 1 1 3 
4 1 1 1 2 1 
7 1 2 4 4 3 2 
2 1 1 2 1 1 1 2 2 4 
2 1 2 1 1 1 5 
2 2 5 4 2 2 
3 2 1 1 2 6 
2 1 2 3 2 4 1 1 
2 2 1 3 3 2 2 
5 1 2 2 2 1 1 2 
4 1 1 2 1 1 2 
2 1 1 2 1 3 6 2 
3 3 4 1 10 1 1 
4 1 2 2 13 1 
5 2 2 18 1 
5 4 1 4 7 2 
4 1 2 8 1 1 
3 2 17 1 
8 17 1 
4 17 1 
8 10 
/
2 6 
2 8 
4 3 5 
6 3 4 
3 3 1 4 
2 1 1 2 1 4 
1 6 2 2 1 2 
2 3 1 
12 2 1 1 
1 1 4 1 1 
1 2 2 3 1 2 2 
1 2 2 2 4 2 2 
1 4 3 3 
1 1 1 1 1 1 3 2 2 
8 2 4 3 1 
1 1 1 1 1 3 1 2 1 
1 1 1 1 3 3 4 
2 1 7 
1 2 1 7 
2 2 5 8 
1 1 7 9 
1 2 2 1 4 4 
1 2 2 4 4 
1 1 4 4 
1 2 1 4 4 
1 1 1 1 1 5 4 
1 1 3 1 1 5 4 
1 2 4 4 
1 1 1 1 3 4 4 
1 1 1 1 2 4 4 
3 1 3 1 1 3 4 
1 1 1 2 4 4 
2 1 1 3 2 5 
1 3 2 2 6 1 
2 4 3 6 
