#8.122 
#nonogram 1610

7 
9 8 
10 16 
3 25 
2 25 
2 2 10 
2 3 4 8 
3 10 4 7 
3 5 4 1 2 5 
7 3 4 5 
3 2 1 2 4 
2 4 4 
4 2 1 2 4 
2 4 2 3 4 
2 6 1 2 1 3 
2 5 2 3 3 
2 5 1 2 3 
2 4 2 1 1 2 
2 4 2 3 2 
2 3 2 3 2 
2 4 3 1 1 2 
3 3 3 3 2 
1 5 3 4 3 2 
3 3 4 4 3 2 
6 2 4 5 3 2 
8 2 7 6 2 1 2 
9 2 2 16 3 1 
10 2 3 14 1 2 2 1 
11 2 1 2 10 4 1 1 
12 2 2 2 4 2 2 1 2 
13 2 3 3 2 3 2 2 
14 2 4 10 2 3 
15 2 2 2 2 3 4 
17 5 4 5 5 
19 4 4 7 
/
4 13 
7 12 
3 2 12 
1 1 11 
1 1 2 11 
3 1 11 
4 1 10 
5 5 2 10 
8 5 2 9 
4 3 5 2 8 
3 2 6 2 7 
3 2 5 2 6 
3 2 4 2 5 
4 2 3 2 4 
4 2 3 1 2 3 
5 2 2 2 2 2 
5 1 2 2 2 2 
4 2 3 1 1 1 1 
2 2 2 3 1 1 
2 1 3 1 1 2 
3 1 3 3 1 
3 1 3 1 1 1 
3 2 4 2 2 
3 2 4 2 2 
3 2 3 1 1 1 
4 1 3 2 1 
4 2 4 1 1 
4 1 1 4 3 
4 1 1 4 3 
4 1 2 4 1 1 
4 2 1 4 2 1 
5 1 2 4 3 1 
5 2 2 4 2 2 
4 1 1 2 5 1 1 2 
5 3 2 5 3 1 
5 2 1 3 6 1 1 2 
5 4 10 4 2 
5 2 2 6 2 2 2 
5 5 6 1 1 
6 2 10 2 1 1 
7 3 2 5 2 2 
8 6 2 3 
10 5 4 
17 6 
11 8 
