#8.126 
#nonogram 2271

3 
4 1 
5 1 1 
7 1 2 
7 1 3 
7 3 3 
7 3 3 
8 3 2 
7 2 3 
7 2 2 4 
7 2 2 7 
7 2 3 9 
8 2 2 11 
8 3 16 
8 3 15 
8 4 14 
8 6 13 
7 7 11 
7 10 10 
7 11 7 
5 13 7 1 
4 15 8 1 
3 19 7 2 
3 21 7 3 
2 22 7 3 
22 6 3 
16 5 1 6 4 
17 5 1 5 4 
17 4 3 4 4 
15 4 3 4 4 
8 5 4 4 2 4 
8 5 3 3 1 4 
8 5 2 3 5 
6 5 1 2 5 
1 2 4 3 5 
2 3 5 
1 1 3 5 
4 4 5 
2 5 5 5 
4 7 7 5 
4 7 7 4 
6 7 10 4 
6 6 13 4 
6 6 17 3 
7 5 19 3 
8 4 20 3 
9 3 20 3 
9 2 21 3 
10 1 16 4 3 
10 1 16 4 2 
9 15 4 2 
8 12 3 2 
8 12 3 2 
7 7 4 2 2 
6 6 3 2 
5 6 2 2 
4 3 2 1 
/
13 3 
22 3 
24 5 4 
24 7 13 
22 7 16 
21 8 19 
18 9 19 
5 5 10 18 
9 16 
9 3 12 
8 5 8 
13 3 
14 
13 5 
13 9 1 
12 14 2 
3 12 11 4 
7 12 11 4 
6 13 7 7 
20 3 8 
17 8 
13 8 
12 9 
12 9 1 
12 12 
13 12 
13 12 
3 4 7 11 
6 3 11 
11 10 
11 3 9 
11 6 10 
12 5 10 
13 6 11 
14 18 
14 15 
15 12 
18 11 
7 10 12 
8 6 12 
7 3 12 
6 11 
7 4 
6 
5 
5 8 
4 17 
4 26 
2 36 
35 
