#8.124 
#nonogram 2010

8 5 
8 4 1 18 
9 2 3 2 15 
6 1 1 9 17 
1 2 2 2 7 19 
13 3 6 20 
8 4 3 2 5 6 5 
8 3 3 1 1 1 2 7 2 3 
8 3 2 7 2 2 3 7 1 2 2 
8 4 3 2 4 5 2 1 1 
8 7 4 10 5 1 2 1 
2 11 2 11 5 1 3 1 
1 3 1 8 1 11 5 1 6 1 
1 2 2 1 6 11 1 9 
1 1 2 12 1 4 
1 1 1 1 6 12 6 4 
2 2 1 10 11 9 4 
3 15 17 2 4 
8 12 17 5 1 
8 3 6 2 3 1 
4 3 3 5 2 2 3 1 
5 6 1 1 1 9 3 1 1 
2 4 11 4 1 2 1 3 
3 3 11 5 1 2 3 
8 1 1 1 9 4 4 2 
5 1 5 6 2 2 2 
1 1 4 3 2 2 6 
1 1 1 2 3 3 4 2 5 
1 1 3 2 5 1 3 
1 3 1 7 1 2 1 5 
6 1 4 1 1 1 1 3 4 7 
8 4 1 2 3 3 4 2 9 
5 5 1 1 1 4 11 
2 1 1 5 1 1 2 2 10 
1 3 1 5 1 1 2 10 
1 2 7 2 3 9 
1 2 13 1 1 4 9 
1 2 1 12 2 1 4 1 8 
5 1 11 1 2 1 3 4 8 
8 10 2 1 1 6 8 
1 2 1 9 2 1 17 
1 1 1 16 1 18 
1 1 1 18 19 
3 1 1 12 1 20 
5 1 9 22 
/
26 3 1 3 3 
4 7 10 1 2 1 1 3 1 2 
4 6 3 5 3 3 1 2 2 
4 6 2 1 4 2 4 1 1 3 1 
4 6 1 1 2 1 2 7 5 1 
4 6 2 1 4 1 2 3 1 1 1 2 
3 8 1 4 1 2 2 1 
3 9 1 6 21 
1 1 1 3 1 3 
1 2 3 2 3 
9 8 
9 7 
8 6 
4 4 
4 4 1 1 7 
4 4 2 10 
3 4 4 13 
8 2 4 2 16 
8 1 4 4 18 
3 4 3 2 6 10 
1 1 3 1 2 1 10 
1 7 2 1 9 
1 9 2 4 9 
1 9 4 1 1 9 
1 9 4 1 2 3 4 
1 9 4 1 1 2 1 4 
4 1 9 2 2 1 1 1 4 
8 9 2 3 1 1 1 1 3 
6 1 9 6 3 1 4 
2 3 2 9 6 1 1 4 
2 3 10 6 2 1 1 2 
1 4 5 6 4 4 1 1 1 
4 1 3 4 2 1 2 
2 2 4 8 4 1 2 2 1 
1 1 5 7 4 1 1 2 1 
1 8 5 2 2 7 2 
1 9 6 1 2 3 3 
1 3 3 4 1 1 4 4 4 
1 3 2 2 1 9 5 
1 3 1 2 1 1 1 4 5 
5 7 3 2 1 2 2 6 
5 3 1 2 1 1 2 6 
9 4 4 7 
9 7 2 2 7 
9 4 1 1 2 2 7 
8 4 3 3 8 
8 4 2 1 1 2 6 5 
6 4 3 1 2 15 
5 8 4 16 
5 1 5 1 2 17 
6 1 3 2 19 
6 1 2 21 
7 1 2 3 16 
8 2 1 2 15 
9 2 2 14 
