#8.129 
#nonogram 1509

6 28 11 
2 1 1 19 4 
2 1 1 18 4 3 
1 1 7 7 5 
1 3 4 2 1 10 3 
1 7 16 2 
1 3 3 12 7 1 
1 3 1 1 2 17 8 
1 3 1 3 1 3 11 4 2 
5 1 5 3 3 11 3 1 
3 1 1 4 5 17 
1 1 8 14 
1 2 1 3 1 13 
1 3 5 3 10 1 
1 9 1 1 1 6 1 11 
1 1 2 4 4 1 1 1 5 11 
3 3 5 19 
3 4 2 1 1 3 2 3 9 
9 4 2 12 
9 2 4 2 1 2 11 
15 1 2 2 2 2 12 
14 4 2 3 2 10 
1 14 5 2 4 1 3 8 
2 8 5 7 15 
1 8 1 1 8 2 3 8 
9 2 2 4 2 2 5 7 
9 2 5 5 2 7 6 
2 7 3 1 4 2 2 15 
1 8 5 1 2 1 2 14 
1 8 4 6 1 4 5 4 
10 2 1 8 16 5 
1 4 2 3 3 1 21 7 
1 4 1 2 2 9 15 9 
1 5 1 1 10 6 3 10 
2 6 1 1 8 1 1 17 
2 4 3 6 2 14 
2 1 2 3 1 3 1 15 
1 1 7 2 1 1 17 
1 9 4 2 2 1 15 
2 15 3 2 3 14 
2 1 4 2 4 2 2 20 
2 2 4 5 2 2 18 
1 37 
1 1 10 3 18 
1 1 10 3 17 
1 1 2 21 2 
1 3 2 18 2 
2 2 4 4 4 
3 5 6 
3 9 
/
16 6 
3 2 1 1 8 
1 8 1 2 2 4 7 
10 9 3 3 
1 6 7 3 7 7 
3 1 23 3 
8 4 18 2 
7 3 14 5 
8 24 1 
5 1 18 1 3 
4 2 18 1 5 
4 3 4 7 6 5 
4 4 2 4 1 2 8 
3 6 4 3 1 1 5 
4 1 5 4 1 3 5 
5 2 2 3 1 5 
5 3 3 1 4 2 2 1 
4 4 4 6 4 3 
4 3 6 1 4 12 
5 2 2 2 2 2 9 2 
4 2 4 4 4 3 1 
3 2 2 1 1 1 4 5 
3 2 5 1 1 6 5 
3 1 11 3 1 6 
3 8 5 4 
2 7 5 1 4 
1 2 2 1 5 2 4 
1 3 8 2 5 
1 1 5 1 2 6 1 
1 1 3 3 4 1 
1 2 1 5 2 4 
1 2 2 1 3 3 5 
1 3 2 4 4 4 
1 3 2 1 4 6 3 1 1 
1 3 2 14 5 
5 3 6 10 1 5 
5 2 3 5 2 1 3 
5 1 2 3 1 6 3 
7 3 3 2 1 10 
7 3 6 1 9 
7 4 1 2 2 6 3 9 
8 2 3 1 22 1 
2 6 3 1 12 13 1 
11 3 1 11 14 
1 17 7 2 14 
1 2 9 4 1 4 1 15 
1 2 13 1 3 1 16 1 
1 1 3 16 2 1 15 1 
1 1 20 2 16 1 
1 1 3 19 16 2 
1 2 22 17 2 
2 1 38 4 
5 2 37 3 
6 2 3 36 
6 7 30 4 
