#8.135 
#nonogram 2035

35 
20 18 
23 10 
10 6 
4 1 4 6 
1 1 5 6 8 
1 1 6 3 12 
1 1 3 3 3 1 14 
3 6 3 1 16 
4 1 4 3 2 17 
1 3 2 3 3 2 17 
2 3 3 3 2 2 17 
2 2 3 2 3 2 17 
4 5 2 2 17 
3 2 3 1 5 6 
5 2 3 5 5 
2 6 3 7 4 
2 4 4 3 2 4 
2 4 2 1 4 
1 7 1 4 
1 1 6 7 6 
2 1 3 1 3 6 6 
1 1 2 3 1 2 5 7 
1 1 1 3 2 2 3 6 
1 1 2 4 3 3 1 6 
1 4 3 1 3 4 
4 4 3 2 2 
6 4 2 1 2 
2 1 3 4 1 1 1 2 
5 2 3 4 2 1 2 3 
5 2 5 3 1 4 
2 2 2 10 
6 3 3 
4 2 2 
3 2 
/
3 3 4 
7 6 
3 4 2 2 2 
3 2 2 4 8 
3 2 2 3 2 5 
3 3 2 3 2 
3 5 6 
3 4 2 4 
6 3 1 
3 2 3 1 2 
3 4 1 1 
3 2 3 1 1 
3 3 3 
3 4 2 7 
3 4 2 10 
3 2 6 12 
3 3 3 14 
3 4 2 5 
3 4 1 1 
3 3 4 13 
3 1 7 1 5 4 
3 2 7 1 3 3 
3 1 6 3 2 1 
2 7 3 1 2 1 
1 7 2 2 2 1 
7 5 2 2 4 
6 7 2 2 1 
5 1 2 1 1 
5 5 1 5 2 1 
4 7 7 1 1 
3 17 1 1 
3 19 1 
3 10 5 1 
3 10 7 1 
2 9 6 1 
2 9 3 2 
2 9 2 2 
2 9 2 3 
2 9 3 4 
2 10 10 
2 11 6 
2 19 
2 19 
1 17 
1 15 
