#8.139 
#nonogram 1611

19 8 9 
17 6 5 4 7 
16 4 2 2 6 4 
15 2 6 4 8 3 
14 2 4 4 3 
14 2 2 2 
13 2 4 2 2 
13 2 3 2 1 2 
12 2 2 2 3 1 
12 2 6 5 1 
12 2 2 4 4 1 
11 1 3 2 2 2 
11 2 4 3 2 3 
11 2 1 13 2 4 
11 2 4 5 2 3 4 
11 2 1 3 5 4 
11 1 2 4 4 
6 3 1 2 2 5 
5 2 2 2 3 6 
4 4 2 2 2 6 
4 2 2 2 1 3 2 6 
3 1 1 1 2 1 10 3 6 
3 2 1 2 1 1 15 5 
3 1 2 1 1 1 1 5 3 4 
3 2 2 1 4 5 1 3 
2 2 4 6 6 3 
2 3 2 3 2 3 1 
1 2 2 2 3 4 1 
1 1 2 1 13 3 
2 2 2 16 2 
1 1 2 1 3 5 3 3 
2 4 1 2 3 4 
1 3 2 1 1 4 3 
2 1 3 1 6 2 1 
3 1 1 2 7 6 
1 1 3 1 3 1 6 
1 2 4 2 3 2 1 7 
1 3 1 3 4 1 7 
1 13 9 
1 2 3 2 9 
1 1 1 1 9 
2 3 1 9 
2 2 2 9 
2 4 8 
2 2 8 
/
29 10 
27 6 4 
25 3 1 5 
21 2 1 3 
19 3 1 3 
18 4 4 6 
17 3 1 1 1 1 4 
17 2 4 2 3 2 2 
17 2 2 1 1 2 1 2 2 
18 3 2 4 7 
20 4 3 3 
11 5 1 3 
8 4 4 2 4 2 
6 11 1 1 2 
4 4 9 1 8 
3 4 2 1 2 3 
2 3 3 1 2 2 
1 3 2 3 2 1 
1 2 2 2 1 
2 3 4 
2 2 2 
1 2 
1 1 1 
1 1 2 
3 1 2 
1 2 2 2 3 
2 1 2 2 1 1 
2 2 2 2 1 2 
2 1 2 1 2 2 
2 2 2 2 2 2 2 
2 2 11 5 
1 1 6 5 4 
1 2 5 3 3 
2 2 2 3 4 
1 2 2 2 4 
2 2 2 2 3 
2 3 2 3 2 
2 1 1 2 1 1 2 
2 2 1 1 1 1 2 
2 1 2 2 2 1 2 
2 1 1 2 2 2 2 
1 1 2 3 2 2 1 2 8 
1 2 2 8 2 1 2 7 
2 2 2 5 2 2 2 9 
2 3 2 3 4 5 2 12 
2 3 4 6 3 1 12 
3 6 11 2 3 11 
5 3 14 6 11 
8 15 3 1 11 
28 12 
