#8.13 
#nonogram 2011

36 
4 7 6 
2 7 9 3 1 
1 5 7 3 2 
1 12 15 2 2 
1 1 11 3 3 8 1 2 
1 1 5 5 3 11 1 2 
1 1 2 1 1 4 3 13 1 2 
1 1 3 1 1 7 3 4 3 1 3 
1 1 2 1 1 6 3 4 4 1 3 
1 1 3 1 2 2 3 4 5 1 3 
1 1 3 4 2 3 4 6 1 3 
1 2 1 3 4 4 2 1 2 
1 5 1 2 3 4 4 3 1 2 
2 6 4 4 8 1 2 
3 4 11 7 1 3 1 
1 7 8 10 
1 1 7 14 
1 3 8 1 
1 1 4 
5 6 
1 1 10 
1 1 4 4 3 6 
1 1 1 4 3 15 
1 2 6 3 7 8 
3 4 2 5 3 4 12 
3 1 2 2 7 20 
3 1 1 6 4 6 12 
2 1 1 5 16 9 
3 1 1 4 10 6 7 
4 2 1 4 7 6 5 
11 6 8 6 4 
8 5 8 5 3 
1 1 6 8 5 2 
1 1 4 8 5 1 
3 10 14 
7 12 
5 1 10 
2 10 1 1 9 
2 10 5 8 
11 1 1 1 1 1 7 
4 5 1 5 6 
1 1 1 1 3 4 
4 5 1 1 2 
1 1 1 1 1 
/
7 1 1 1 1 
1 1 1 5 
1 7 1 9 7 
1 1 1 1 1 2 3 
1 1 1 1 1 1 1 2 4 
1 7 1 1 1 1 2 2 1 
1 8 1 1 6 1 1 2 2 
1 4 2 1 1 1 1 2 2 
1 5 2 1 1 1 1 1 2 1 1 2 
1 4 2 1 1 1 4 2 5 4 
1 1 2 1 1 1 1 1 2 2 1 3 
1 1 2 1 1 1 1 5 1 2 
1 1 2 1 1 1 2 3 2 2 
1 1 2 2 1 1 1 2 3 2 3 
1 1 2 2 2 1 9 3 
1 1 6 1 1 2 3 4 3 
2 1 4 1 1 1 4 1 7 4 1 
2 2 4 5 1 6 4 7 1 
2 9 2 1 12 7 1 
2 4 3 3 1 4 7 1 4 5 
2 3 3 4 1 3 6 4 1 
2 2 3 3 1 1 3 4 2 1 1 
2 5 3 1 1 4 3 2 2 1 1 
1 1 3 3 2 1 7 3 2 5 
1 1 2 3 3 1 5 5 1 1 
1 1 1 3 4 1 1 1 6 1 1 
1 1 1 3 5 1 1 5 3 1 
1 1 4 4 1 1 5 3 8 
1 1 4 4 2 1 5 4 1 
1 1 4 4 3 1 6 5 1 
1 1 8 4 1 2 1 2 4 1 
1 1 7 4 1 2 1 2 5 7 
1 1 5 5 1 2 1 3 4 1 
1 1 4 6 1 1 3 2 5 1 
1 1 3 4 2 1 2 3 3 4 1 
1 1 6 2 2 2 3 3 5 5 
1 1 9 2 2 4 3 5 1 
1 1 7 3 7 4 5 1 
1 1 1 2 8 10 
2 7 2 8 11 
3 3 8 11 
18 9 11 
18 10 10 
2 4 2 11 8 
3 4 18 
