#8.133 
#nonogram 1454

2 4 4 3 14 1 15 
1 1 2 2 2 4 3 2 14 
1 2 2 2 3 3 3 14 
1 3 1 1 2 15 13 
2 4 1 1 2 3 5 2 11 
3 3 3 1 2 3 4 9 
3 3 2 1 2 4 3 4 8 
4 2 2 1 4 3 4 7 
6 2 2 2 3 3 9 6 
7 1 3 3 3 6 4 5 
5 2 2 3 2 2 5 7 2 1 
4 2 1 2 2 7 5 3 1 
3 2 1 1 1 5 7 4 2 
3 2 1 1 2 3 7 4 2 
2 1 2 1 3 5 6 3 
2 2 2 1 2 5 9 4 1 
1 1 3 1 3 8 4 2 
1 1 2 3 2 6 6 3 
1 4 2 1 12 9 3 
1 1 2 2 1 6 15 2 
2 1 2 3 9 2 
1 2 3 5 2 
9 5 4 3 2 
4 2 15 2 2 3 1 
1 1 2 2 15 1 3 6 1 1 
2 1 3 18 2 5 4 1 
2 1 5 17 1 4 2 2 1 
3 1 3 19 5 3 1 1 
1 4 12 8 3 2 1 
2 17 5 2 2 2 2 1 
2 4 9 8 2 8 1 
3 14 3 2 7 1 1 
1 2 13 3 2 1 1 7 2 
2 5 9 1 6 4 2 4 2 
1 1 3 8 1 2 3 3 1 3 2 2 
1 2 8 1 1 3 2 3 1 2 3 
2 3 1 6 1 1 3 3 2 2 2 3 
3 6 6 1 2 2 3 2 3 2 4 
3 3 5 2 2 2 1 2 3 4 
4 5 2 4 3 5 
1 2 4 6 3 5 
5 3 3 3 2 6 
2 3 1 2 2 1 3 7 
1 2 3 1 2 2 5 8 
1 2 4 3 1 3 2 2 9 
2 6 1 2 3 1 1 2 10 
6 4 8 1 1 11 
5 2 5 1 3 3 2 13 
4 2 1 5 3 15 
3 2 12 1 18 
/
20 7 14 1 
1 12 4 5 4 2 5 
2 9 2 1 3 5 2 4 
1 2 5 4 2 1 2 3 2 3 
1 2 3 3 3 2 2 2 5 
2 2 2 4 3 2 2 5 1 
3 2 2 8 2 2 2 4 2 
1 3 2 3 3 2 2 2 3 2 
1 3 2 2 2 2 2 2 3 1 
2 1 3 2 3 3 2 1 2 2 2 5 
2 2 3 3 5 1 1 8 1 1 2 1 
1 2 2 4 2 2 11 1 1 4 
8 2 3 2 15 4 3 
3 4 2 3 17 2 3 
1 3 8 21 1 2 
1 3 4 3 21 2 
3 3 29 1 1 
2 2 3 1 16 3 2 1 
2 2 3 2 2 12 2 2 1 
2 1 3 2 3 7 2 5 2 2 1 
1 2 3 2 2 1 6 4 2 1 2 
1 1 2 3 1 2 7 2 4 2 4 
1 2 2 3 2 2 6 3 2 2 1 2 1 
1 2 2 2 1 2 6 2 2 2 1 2 2 
4 1 3 1 2 6 2 2 3 3 2 
2 1 2 4 2 2 5 2 2 3 3 4 
2 3 1 1 2 2 5 3 2 3 2 2 
1 3 2 1 1 2 5 2 7 2 2 1 
1 2 1 2 2 4 4 2 4 1 2 
1 2 2 1 2 4 2 3 2 3 6 
1 2 2 2 1 1 2 2 2 4 3 7 
1 1 3 2 2 2 3 1 2 2 13 
5 2 2 2 3 3 3 8 1 
6 2 2 2 2 2 4 1 1 
3 2 2 2 2 2 4 3 3 1 
1 1 2 1 2 2 4 2 1 2 2 
3 3 2 2 3 3 3 2 1 2 
4 3 2 2 3 3 5 1 2 3 
4 2 2 2 3 3 2 3 2 1 3 
5 2 2 2 3 2 2 4 1 2 4 
5 4 2 3 1 2 1 3 2 5 
6 3 2 3 2 2 3 1 6 
7 2 2 3 1 2 2 7 
8 2 2 3 4 2 8 
9 3 4 3 9 
10 2 3 11 
12 3 13 
11 3 2 15 
10 3 7 18 
13 35 
