#8.132 
#nonogram 2280

2 
4 
5 
8 
10 
9 11 
11 13 1 
24 1 
24 1 1 
24 1 1 
21 3 2 1 
12 6 6 4 
10 8 7 4 
9 6 1 6 4 
9 3 6 4 
10 3 7 3 
11 3 1 8 3 
12 2 2 1 3 2 
15 2 4 3 3 2 
15 4 4 3 1 
16 6 2 5 
17 9 6 2 
17 8 10 
19 6 2 10 
20 3 1 1 6 
22 5 4 5 
22 9 1 2 2 
22 12 4 
21 5 2 2 2 2 1 
21 3 1 2 2 1 
20 2 2 1 2 
20 1 1 3 4 1 2 
30 5 4 
29 4 4 
29 4 1 4 
30 5 6 
38 5 
37 5 
22 10 5 
22 6 6 
23 4 6 
23 6 
25 6 
25 5 
25 5 
25 5 
25 4 
26 4 4 
27 6 3 
33 3 
12 15 2 
11 11 3 
13 4 3 
10 4 4 
10 3 1 4 
9 2 1 4 
9 2 4 
7 5 4 
3 3 4 
5 3 
/
11 
16 
19 
22 
24 
27 
30 
36 
38 
40 
40 
42 
42 
43 
43 
45 
6 37 
6 37 
6 1 36 
6 3 36 
5 4 12 23 
6 6 1 5 24 
6 2 3 2 25 
9 1 6 10 7 
8 2 7 9 7 
8 3 7 8 8 
8 4 4 7 8 7 
8 5 3 9 8 8 
9 4 1 5 9 6 6 1 
1 4 10 2 6 5 1 4 1 
4 1 9 1 5 5 1 1 1 
4 2 2 12 1 5 5 1 2 
14 3 3 1 4 4 2 2 
11 6 3 1 3 4 3 2 
11 4 3 1 4 3 4 
3 6 2 1 1 6 4 2 
4 7 4 3 7 5 1 
3 8 1 1 7 6 
4 5 3 6 6 
3 4 2 2 2 5 
3 4 4 5 5 
4 7 3 4 
4 3 7 
3 3 7 7 
4 4 14 5 
5 4 21 
6 7 4 23 
5 9 6 18 
3 9 6 13 
11 4 8 
