#8.134 
#nonogram 2513

4 18 6 
4 2 3 6 
5 3 3 6 
6 1 2 2 3 7 
6 2 2 1 3 7 
6 1 3 5 7 
7 3 2 4 7 4 
7 2 2 4 5 7 6 
8 2 2 2 3 2 4 7 6 
9 2 2 2 7 1 5 7 6 
10 3 3 4 1 4 6 6 
14 2 1 4 1 1 1 9 7 
16 3 4 3 2 2 6 7 
17 3 4 1 3 1 5 7 
26 2 1 4 1 7 
26 5 4 2 5 7 
26 2 3 3 6 7 
16 2 3 3 6 7 
13 4 3 3 6 7 
11 16 4 6 7 
2 4 2 6 3 3 6 7 
1 3 2 2 1 2 4 6 6 
1 7 3 1 3 6 6 
2 7 1 7 6 
3 8 2 7 6 5 
2 8 2 6 6 6 
2 2 2 3 1 6 6 6 
2 1 4 5 1 1 3 6 6 
1 2 2 3 2 1 1 4 7 6 
1 1 1 1 2 2 1 1 1 2 7 6 
1 1 2 1 1 1 2 4 6 
1 1 5 1 1 3 8 6 
2 1 2 2 2 1 3 2 7 6 
4 1 1 2 1 1 2 2 7 6 
2 1 3 2 1 2 5 7 6 
1 1 4 2 1 2 8 7 6 
1 1 5 3 1 8 7 6 
1 1 5 2 5 1 7 6 
1 1 6 1 1 8 8 3 
1 3 1 3 2 3 4 8 
2 2 2 5 2 8 5 
7 7 10 1 2 8 6 
8 6 10 7 7 
14 6 7 7 
18 5 3 7 7 
17 3 4 1 7 
17 2 1 1 2 7 7 
16 1 1 2 3 7 6 
15 2 1 1 1 4 3 8 6 
14 3 1 1 3 4 8 6 
14 2 1 1 3 8 6 
14 1 3 1 4 8 6 
14 2 6 1 1 8 6 
14 2 6 2 1 7 7 
14 2 3 2 4 10 7 
14 1 3 3 1 12 7 
14 1 5 1 1 4 7 6 
13 1 4 4 2 2 7 4 
13 2 3 2 4 7 
13 1 9 2 7 
13 1 3 2 7 
13 2 3 3 7 
13 1 7 2 
14 2 6 
15 7 
/
23 7 30 
21 4 2 25 
20 4 1 2 24 
20 4 4 4 1 24 
18 2 3 3 1 24 
1 17 2 2 1 2 24 
2 15 1 2 11 24 
5 13 4 2 3 4 23 
1 1 3 12 6 1 1 1 6 22 
1 1 2 11 5 1 5 2 22 
1 1 3 9 3 8 3 1 22 
1 2 2 8 5 2 4 1 1 22 
1 2 1 8 6 2 2 4 22 
1 1 1 7 1 3 2 1 2 14 2 
1 2 2 6 1 1 2 3 1 1 5 4 1 
1 2 2 6 1 1 4 3 3 2 4 3 5 3 
1 2 1 4 1 1 6 3 1 3 2 3 1 
1 1 2 3 4 3 1 1 2 1 1 
1 1 2 3 3 9 1 4 4 
1 2 1 3 3 3 1 2 8 
1 1 1 1 3 3 2 1 11 
1 3 3 3 2 1 17 3 
2 5 5 2 1 1 7 1 3 
11 5 1 2 1 3 1 1 3 
11 4 1 2 2 2 1 1 2 
6 3 3 1 3 2 3 1 1 1 
4 3 4 1 4 1 3 
2 4 5 4 6 4 
1 5 6 2 2 1 4 
1 3 2 1 3 1 2 2 1 
1 1 1 1 1 3 4 1 3 4 
3 1 2 1 1 5 7 2 4 1 2 
2 2 2 3 4 3 12 1 2 3 2 
2 3 3 1 1 5 4 5 3 1 4 2 
2 4 2 1 6 2 5 6 2 2 
7 2 1 6 1 3 1 1 2 2 1 3 
2 7 1 1 1 5 1 3 2 
2 2 3 5 3 3 
4 3 4 2 1 5 
5 2 2 
1 2 14 16 
11 14 14 16 
14 15 14 16 
14 15 14 16 
14 15 14 17 
14 15 14 17 
13 15 13 16 
10 4 5 
12 14 5 3 
16 14 17 
17 15 17 
17 15 18 
17 15 18 
17 13 18 
14 17 
