#8.138 
#nonogram 1513

5 3 
2 2 2 
2 2 2 
1 2 2 
3 1 2 
4 2 2 3 
8 2 1 1 3 
4 3 2 2 4 
2 1 1 3 3 1 4 
4 4 3 3 1 3 
1 1 1 4 2 5 2 
2 2 2 2 3 1 2 
1 3 2 1 5 1 2 
2 2 1 2 1 2 
3 1 3 1 1 2 
2 3 5 3 
4 3 4 
3 3 2 1 4 
1 2 6 2 3 
3 7 6 2 1 2 
2 2 4 9 1 2 2 
2 1 1 2 4 4 3 1 
1 1 1 4 2 4 2 2 1 
1 2 1 3 1 4 4 2 
1 2 2 1 1 2 1 1 4 2 
2 2 4 1 2 5 3 3 
2 2 3 1 4 5 4 3 
2 5 2 2 2 4 3 4 
3 7 3 3 3 4 
2 1 1 1 2 1 2 2 1 2 3 5 
4 3 2 2 5 1 1 1 
4 1 3 2 5 5 2 
1 3 2 3 2 5 3 5 
1 9 2 1 5 3 2 2 
1 6 7 1 3 1 2 
2 1 1 3 6 1 3 1 1 1 
4 3 1 1 5 2 3 5 
4 1 2 3 1 4 3 3 5 
7 2 3 4 5 2 4 
7 1 3 1 2 3 1 1 4 1 
7 1 3 2 2 3 2 1 4 2 
9 2 1 2 3 2 2 4 2 
10 1 2 3 1 3 1 2 1 3 
10 1 2 2 5 4 2 2 
11 1 3 1 3 1 3 2 2 
11 2 5 2 1 4 1 1 3 
11 2 2 5 1 3 2 6 
11 1 1 3 1 2 1 2 6 
11 1 1 1 1 2 1 4 4 2 
11 1 1 1 1 4 6 2 1 
10 1 1 1 1 1 1 3 3 1 1 
10 2 1 1 1 1 1 5 2 1 
10 2 1 1 1 1 2 5 1 
9 2 2 1 1 3 1 1 
9 1 1 2 2 1 6 2 2 
9 3 2 3 3 4 2 
8 2 1 6 3 3 1 2 
8 2 2 1 4 3 3 3 1 
7 2 4 2 7 3 1 1 
6 2 2 1 2 9 3 2 1 
6 4 1 2 8 2 3 
5 2 1 1 2 8 2 1 1 1 2 
5 1 1 1 2 7 3 1 1 1 1 
5 1 1 3 11 2 3 3 
5 2 4 19 2 
6 5 21 2 
/
9 34 
3 5 31 
2 3 5 30 
2 3 1 3 31 
1 3 2 5 28 
2 2 2 1 6 24 1 
1 1 2 2 1 2 21 
2 2 2 5 6 17 4 
4 10 5 16 3 2 
2 7 5 6 11 4 1 1 
9 2 2 4 6 4 2 3 
2 2 2 2 2 4 2 2 
5 6 10 3 1 3 4 
3 2 3 4 8 1 3 2 2 
4 2 3 4 2 2 
3 7 1 1 7 2 3 1 
4 1 4 1 2 3 13 1 3 1 
2 4 3 1 2 3 1 2 2 7 3 
5 1 2 1 1 2 11 7 4 5 
3 2 1 3 1 2 6 6 2 6 
2 3 1 4 7 3 12 7 
2 2 2 16 2 3 7 
2 2 2 7 15 1 8 
2 2 2 1 3 4 2 2 2 9 
2 2 3 3 7 5 4 10 
5 5 8 3 8 3 
2 1 2 3 1 8 6 3 4 
2 1 6 2 2 7 3 4 
5 8 4 4 2 3 2 2 
1 3 1 1 11 5 5 1 2 1 3 
2 5 4 12 2 2 2 1 1 2 4 
3 2 3 1 1 4 6 2 5 1 2 3 2 
1 1 1 2 5 1 4 2 3 2 1 1 2 3 
1 2 2 6 13 3 1 1 2 1 1 5 
1 2 4 1 3 7 4 4 1 2 2 3 
5 1 1 2 4 2 13 4 1 1 1 2 
2 2 3 2 2 3 3 3 5 2 6 2 1 2 
1 5 4 1 5 2 5 1 3 5 3 2 
21 7 3 2 9 3 6 
31 2 3 13 6 1 
