#8.137 
#nonogram 1614

12 
18 
22 
26 
28 
30 
32 
34 
35 
36 
37 
38 
38 
39 
40 
19 19 
16 18 
13 1 20 
10 3 21 
8 6 22 
16 23 
14 16 6 
5 7 17 4 
5 5 6 9 3 
4 3 8 6 3 
4 2 9 4 3 
3 11 3 4 
4 14 1 4 
3 2 8 1 3 2 
3 7 2 3 
1 3 8 3 4 
2 1 10 4 5 
3 5 6 6 4 
3 4 5 6 3 
5 2 4 5 3 
4 3 4 8 
5 5 14 
6 4 1 11 
7 4 3 9 
6 4 4 6 
17 6 
14 3 
11 1 
8 2 
6 5 3 
7 9 3 
7 9 4 
7 8 3 
3 11 
1 8 
6 
7 
8 
7 
5 
/
1 
2 
3 
4 
7 5 
13 4 
17 5 2 
21 5 4 
23 5 6 4 
25 6 8 
18 4 16 
20 2 14 
16 4 2 14 
17 6 1 11 
16 6 2 6 
17 6 2 4 
17 5 5 4 
16 4 10 5 1 
17 3 12 5 2 
17 3 13 4 3 1 
16 2 13 1 4 2 
16 1 13 5 3 
16 1 13 5 3 
15 11 3 6 4 
15 6 4 5 5 3 
16 6 2 5 9 
23 1 5 8 
24 1 4 6 
24 1 2 1 5 
25 1 2 4 
24 3 3 5 
25 4 3 6 
26 3 4 5 
26 4 3 2 3 
25 11 
21 10 
18 8 
17 3 7 
17 4 6 
17 4 6 
21 8 
19 9 
15 6 
9 4 
2 
