#8.14 
#nonogram 365

5 
5 
5 1 
5 2 
6 3 
7 3 2 
4 5 4 
5 4 5 
5 3 6 
5 4 6 
5 5 7 
4 3 2 6 
4 2 3 2 4 2 
4 3 2 9 2 
3 4 2 8 2 
2 4 5 2 
5 5 3 
6 5 2 
9 6 2 
3 11 6 2 
5 7 10 3 
5 6 9 4 
6 5 9 13 
7 6 4 4 13 
7 6 3 16 
7 6 2 15 
7 6 2 16 
7 6 2 16 
7 5 2 4 
8 5 2 3 
8 5 2 3 
8 5 3 3 
8 8 3 
7 7 3 
8 5 4 
8 5 5 
8 5 5 
10 6 
10 6 
8 1 7 
7 2 6 
7 2 6 
7 3 7 
7 4 7 
7 6 4 
7 6 3 
8 5 2 
7 5 
6 5 
6 4 
/
11 
20 2 
31 
8 31 
16 31 
16 30 
14 27 
11 21 
6 7 13 
2 10 2 
2 21 3 
2 23 
10 21 
13 20 4 
11 19 8 
2 3 5 4 11 
2 2 3 10 
2 2 3 7 
2 2 3 2 
2 2 2 2 
2 2 2 2 
2 4 2 8 
3 14 10 
20 11 
20 11 
19 11 
17 11 
5 2 9 
5 3 3 
5 2 4 
3 3 5 
5 7 
4 5 
8 
7 
7 
6 
6 
6 
6 
6 
6 
6 
6 
6 
6 
