#8.141 
#nonogram 1567

5 6 22 
4 4 4 22 
2 2 2 19 
1 3 3 15 
2 6 7 14 
2 5 2 3 14 
2 3 2 13 
1 6 6 
1 7 14 5 
2 11 2 5 
2 13 3 5 
2 9 3 3 
1 2 7 6 2 
2 2 5 3 1 
2 2 5 3 4 
1 2 9 4 3 
1 3 9 3 3 
3 8 4 2 
2 1 6 2 1 
1 1 2 2 7 1 
3 2 4 6 
2 6 6 
2 4 6 
1 5 
1 2 5 4 
2 5 5 4 
2 6 4 4 
3 1 3 3 4 
1 4 2 3 
2 3 5 1 
4 3 4 4 
4 2 4 6 
4 3 4 7 1 
3 3 5 5 3 
2 3 5 4 4 
2 2 5 5 6 
1 2 5 9 9 
2 2 3 9 12 
2 4 3 14 
2 7 2 19 
1 3 1 20 
2 3 2 20 
3 5 5 21 
5 5 2 22 
7 6 24 
/
4 6 5 9 9 5 
3 3 3 2 2 3 3 7 3 4 
2 2 2 2 2 2 4 5 3 
2 1 2 3 2 3 3 2 2 
1 2 2 4 2 3 2 2 2 
2 2 2 1 3 3 3 2 1 
1 3 3 3 5 2 1 1 
1 2 3 3 2 3 2 2 
2 2 3 2 2 1 2 
1 1 3 3 3 2 1 3 
1 1 3 1 4 4 2 1 2 
1 1 4 1 4 4 3 1 2 
1 4 3 2 2 2 1 
2 3 3 3 1 1 
1 3 4 1 2 3 
2 3 4 2 3 2 
3 3 6 3 2 2 1 1 
2 3 13 3 3 2 1 
2 2 2 12 2 6 2 
2 2 1 2 11 2 2 3 
2 2 2 2 10 2 2 5 
3 1 2 2 8 1 2 6 
3 2 2 2 4 2 2 6 
3 5 2 3 2 6 
3 4 3 2 2 6 
4 2 2 2 2 6 
6 1 2 1 2 7 
7 1 3 2 1 7 
7 1 2 2 1 8 
7 1 1 2 1 2 8 
7 1 2 2 2 3 8 
7 1 3 1 2 3 9 
7 5 2 3 9 
7 2 1 2 3 9 
8 2 2 3 10 
11 3 2 2 10 
11 2 1 2 11 
12 3 1 2 12 
13 4 2 12 
14 5 2 13 
