#8.143 
#nonogram 1617

2 4 
3 3 6 
4 7 7 
5 16 
6 17 
3 12 10 
5 8 5 
12 2 3 
10 3 1 
10 6 1 
8 7 1 
1 7 7 1 1 
2 7 4 1 1 1 1 
3 6 6 1 3 
3 6 4 1 1 3 
9 4 1 1 3 
8 4 3 2 2 1 
8 1 4 2 3 2 1 
7 2 3 2 2 6 2 1 
7 4 3 2 1 8 4 
7 5 3 3 8 4 
5 6 4 6 4 3 1 
5 2 3 3 5 5 3 1 
5 2 5 4 4 4 3 1 
4 2 4 5 3 2 2 5 
4 2 4 4 2 1 2 5 
5 3 2 2 2 3 1 3 5 
5 4 3 1 1 2 4 2 2 
5 4 3 3 5 2 2 
1 3 4 2 4 1 3 2 2 
1 3 5 2 5 3 2 2 2 
1 4 4 2 5 4 1 5 
4 1 3 1 2 2 3 5 
5 3 2 1 4 2 3 1 
6 3 1 4 2 3 1 
6 4 6 4 
7 4 3 5 4 
7 6 4 4 
1 6 3 4 4 
1 6 2 3 2 1 
7 2 3 2 1 
7 2 3 1 2 1 
8 4 1 3 
8 4 2 3 
7 3 4 3 
9 2 4 1 1 
10 1 3 1 
12 3 3 
15 5 
2 23 
23 
20 2 
2 3 4 3 4 1 
2 2 2 3 3 1 
1 2 2 
/
8 6 
13 4 7 
26 
26 
31 
16 13 
15 5 10 
13 10 10 
11 11 11 
10 3 7 10 
7 3 1 5 9 
5 10 4 7 
9 15 3 12 
10 8 7 3 10 
10 2 4 8 7 
8 8 2 6 9 
5 13 2 1 8 
4 15 2 7 
2 6 6 2 5 
4 5 1 5 4 1 6 
4 3 3 3 2 5 2 6 
4 5 1 5 6 2 3 6 
5 4 5 17 3 5 
5 7 4 6 10 4 3 
4 4 5 11 6 
3 4 1 8 2 6 
4 3 3 11 4 5 
3 3 3 8 7 3 
4 6 3 3 4 5 
5 12 1 6 
5 14 6 
7 7 5 5 
7 4 3 
8 5 
8 7 
45 
32 
5 8 8 4 
5 9 7 
14 
