#8.146 
#nonogram 1701

1 5 2 
1 1 10 3 
1 2 2 11 3 
2 5 4 7 4 
1 2 4 4 2 4 5 
1 4 4 4 5 6 
1 4 2 5 3 6 
1 1 1 2 3 4 5 
2 4 2 12 5 
7 15 6 
3 2 23 
1 4 23 
1 3 23 
4 23 
3 22 
3 22 
1 1 22 
1 23 
2 7 14 
2 5 13 
2 5 13 
1 4 12 1 
7 13 2 
9 13 3 
2 4 13 3 
3 4 13 4 
4 3 13 3 
10 11 2 
6 5 10 3 3 1 
3 2 4 16 3 2 
3 1 2 17 3 2 
2 21 3 
2 20 2 
2 20 1 1 
2 14 2 2 1 
1 13 2 2 
1 12 2 2 
11 2 4 
9 2 2 
5 3 2 1 
5 4 3 
11 6 
3 3 3 2 
4 2 1 
4 1 
/
1 
2 
2 
2 
3 
1 4 
1 2 2 1 1 1 4 
3 3 7 5 
8 1 7 
8 1 9 
1 1 2 2 9 4 
1 6 13 1 2 
3 3 17 
2 1 10 8 
2 5 10 8 
5 11 4 
1 2 10 2 
3 11 
6 10 
1 4 11 
2 14 
3 1 20 
5 25 
7 28 
38 
3 35 
3 35 
2 35 
3 34 
4 33 
4 33 
2 29 4 
3 6 10 10 3 
4 5 5 11 1 1 
4 5 10 1 2 
3 4 9 2 1 
1 4 6 3 1 
3 5 3 1 
3 4 3 1 
2 3 2 1 
3 4 3 1 
2 6 3 2 
3 6 2 2 
4 6 2 1 1 1 
5 6 4 2 3 
6 5 4 4 3 
5 5 4 3 8 
