#8.148 
#nonogram 2088

1 4 3 5 
2 4 4 4 
1 1 7 1 3 4 
3 1 3 2 2 2 4 
2 2 3 2 1 1 2 3 
4 3 3 2 2 2 3 
12 6 1 1 1 2 3 
20 2 1 2 3 
18 1 1 2 3 
8 9 1 2 2 3 
3 8 1 1 2 
5 6 1 2 1 
11 4 2 2 1 
14 2 2 
16 1 1 1 2 
5 7 1 2 
1 3 5 1 3 1 
1 3 3 1 1 1 2 
2 3 2 1 2 4 
1 1 4 2 1 2 
1 5 2 1 1 
1 1 4 3 2 
1 1 5 3 2 
3 1 5 2 5 
3 1 1 5 2 3 
3 3 1 6 5 2 2 
2 1 1 1 7 10 2 2 
5 2 1 8 14 4 
4 1 1 8 16 3 2 
5 11 18 2 3 
17 18 1 3 
17 18 4 1 
35 5 2 
34 8 3 
31 8 2 
9 14 10 2 
5 22 2 
20 1 
15 5 
13 4 
10 1 
9 1 
7 1 
5 2 
4 2 
/
7 
10 
12 
2 9 
2 1 8 
1 2 7 
5 2 7 
3 3 8 
3 3 9 
2 3 7 
4 1 7 
7 7 
17 
18 
3 13 
2 11 
1 11 
4 2 4 4 
6 1 3 5 
7 2 1 7 
1 6 2 8 
3 5 3 9 
2 1 5 2 10 
2 5 3 11 
1 5 3 11 
6 3 13 
1 3 4 13 
2 4 4 14 
2 4 4 15 
3 3 5 15 
3 4 5 9 5 
3 5 4 9 6 
3 6 5 8 7 1 
1 1 6 5 7 10 
2 7 5 6 10 
1 2 4 3 4 11 
1 1 5 3 2 11 
1 4 2 11 
2 3 2 10 
4 3 1 5 3 10 
2 1 2 1 4 8 
2 2 4 10 8 5 
3 5 3 13 2 
4 2 3 3 2 
8 5 3 2 2 
1 8 1 3 2 2 1 
4 4 8 4 2 2 
10 2 3 2 2 8 
13 2 2 1 2 2 
11 1 1 1 
