#8.142 
#nonogram 1366

3 3 
2 2 2 2 2 
1 2 2 1 2 2 
2 1 4 16 2 
2 2 1 1 1 2 2 
2 2 4 1 2 1 2 2 
1 1 2 2 1 6 2 1 1 1 2 
3 2 1 2 2 1 3 3 1 18 1 
2 2 1 2 2 1 2 1 1 4 2 2 
2 2 1 2 2 1 2 1 9 2 
2 2 1 2 2 1 4 1 3 2 2 
2 1 1 2 2 2 2 2 1 2 2 2 2 
1 2 2 2 2 1 2 1 4 1 2 2 
2 2 2 1 1 2 1 2 1 4 1 2 2 
4 7 2 2 1 1 2 1 1 3 2 2 
3 3 4 2 2 1 1 2 1 1 1 2 2 2 
2 1 2 2 2 1 1 2 1 1 1 1 2 2 
2 1 1 4 2 2 1 1 2 1 1 2 2 2 2 
3 4 4 2 2 1 1 2 1 1 5 2 2 
10 1 2 3 1 1 2 1 1 3 2 2 
2 4 1 1 2 2 2 1 1 1 1 2 2 
3 2 2 3 2 1 4 1 2 2 
3 2 2 4 2 1 2 2 1 2 
3 2 7 4 1 3 2 2 
3 2 7 1 2 1 9 2 
2 2 6 1 1 4 2 2 
2 1 2 5 3 1 17 2 
1 1 6 2 2 17 3 
3 2 2 4 1 2 2 16 2 
2 1 2 2 2 1 1 2 17 3 1 
1 6 3 2 4 16 3 1 
8 5 4 2 2 2 4 2 
7 14 5 9 5 2 
7 14 3 11 3 3 
3 16 14 4 
/
2 1 2 5 
1 2 2 1 2 4 
2 1 2 1 5 
2 2 2 4 1 5 
1 2 1 2 6 5 
2 1 2 1 3 3 4 
2 2 2 2 2 4 6 
2 1 2 2 11 
2 1 2 10 1 
2 1 2 2 5 3 
1 2 2 4 9 
2 2 2 7 
3 2 3 3 5 
9 10 4 
4 5 5 4 
3 8 3 3 
7 8 3 
2 20 3 
2 11 5 4 
2 5 4 
2 5 5 
2 5 7 
3 6 3 
6 12 6 1 
3 2 6 3 3 
4 4 4 5 
1 3 4 4 4 2 
2 24 3 
3 3 3 4 
6 6 1 
1 24 2 
1 1 5 3 
1 1 10 5 3 
1 1 9 2 5 3 
1 1 3 2 5 3 
1 1 10 5 3 
1 1 5 3 
1 1 14 5 3 
1 1 3 3 5 3 
1 1 2 2 5 3 
1 1 1 4 1 5 2 
2 1 1 1 3 1 6 1 
3 1 1 1 2 1 7 1 
2 2 1 1 2 3 1 5 2 
1 2 1 1 4 1 4 3 
2 6 5 4 
2 19 4 
3 11 5 1 
4 5 2 
23 4 
17 6 
