#8.157 
#nonogram 2283

6 7 
8 8 5 
2 6 4 4 3 
1 6 2 4 2 2 
2 5 2 11 2 2 
1 2 1 10 2 1 1 
2 3 1 10 1 2 1 
1 3 2 9 2 1 1 
2 4 1 10 2 1 
1 3 1 4 2 3 2 
2 3 1 2 4 1 4 1 
2 4 1 4 1 1 4 1 
1 3 1 3 11 1 
1 3 1 6 5 1 
1 3 1 4 4 4 1 
2 3 1 5 5 2 
2 3 1 3 2 2 1 
2 5 3 4 1 2 
9 3 1 5 3 1 
1 6 5 3 6 1 
2 5 7 13 1 
10 2 2 14 1 
3 7 1 2 13 2 
2 7 1 4 11 2 
1 1 2 4 1 3 2 2 
1 1 3 2 2 2 
1 3 1 4 3 4 3 
2 7 5 7 2 3 
2 1 2 3 2 3 3 
3 1 4 3 2 4 
3 1 6 1 11 4 
3 8 1 9 4 
2 7 2 2 2 4 
2 7 7 3 3 
4 8 3 3 
3 2 9 3 3 
4 15 5 3 
3 29 3 
2 1 29 3 
1 7 21 3 
1 4 2 3 15 3 
1 3 2 2 8 2 4 
1 3 4 11 1 4 
2 3 5 3 3 2 5 
1 1 8 1 2 1 5 
1 1 8 2 3 2 6 
1 1 6 8 1 6 
2 1 6 2 7 
4 2 6 1 7 
4 4 4 2 8 
5 3 2 1 8 
4 1 2 4 2 9 
4 2 7 2 9 
2 1 1 3 1 3 9 
3 1 6 2 3 9 
3 2 4 6 7 10 
4 1 3 21 11 
5 2 3 19 11 
6 5 18 12 
8 4 2 11 12 
1 8 4 12 
15 12 
14 12 
13 12 
9 12 
/
4 
6 
9 
12 
2 8 
6 6 
2 2 6 
2 1 6 
4 2 2 5 
6 2 3 5 1 5 
4 4 3 2 3 2 4 
3 1 2 8 6 2 2 2 4 
3 5 4 3 9 6 4 
3 8 3 4 1 4 4 1 4 
2 7 12 6 3 6 5 
2 8 2 6 5 4 3 4 
4 10 2 1 4 4 2 2 5 
5 6 3 2 6 5 2 8 
5 8 2 1 5 6 8 
5 8 3 2 4 7 2 4 
12 8 4 10 5 
8 20 5 
9 9 4 
9 4 4 
13 4 
4 17 4 
2 17 2 2 4 
2 17 3 1 4 
12 6 2 1 4 
17 2 8 1 4 
4 4 1 2 1 7 1 4 
2 3 2 1 2 1 7 1 4 
2 9 2 1 1 1 6 2 4 
1 6 6 2 2 2 2 7 2 4 
1 6 6 5 1 1 1 9 4 
2 5 2 5 5 2 2 1 4 3 4 
1 6 1 4 1 5 1 2 1 4 4 
1 6 1 2 1 1 4 1 2 1 4 5 
1 6 1 1 1 2 5 1 2 1 4 5 7 
1 7 2 1 1 5 1 2 1 4 3 9 
1 7 1 1 1 5 1 3 5 3 10 
2 3 2 2 1 4 2 3 5 3 14 
2 1 2 2 6 1 4 11 16 
1 1 2 9 5 16 18 
1 2 11 10 8 20 
2 2 10 8 22 
2 3 5 1 3 4 24 
3 4 1 3 39 
5 9 43 
8 47 
