#8.158 
#nonogram 1435

4 2 2 7 1 
6 1 2 11 1 
1 2 2 2 13 1 
3 3 2 5 5 1 
2 2 2 4 4 3 1 
2 1 2 4 4 3 7 1 
2 1 2 4 11 9 
2 2 2 2 14 11 2 
6 2 15 2 7 8 
1 3 1 2 17 4 7 5 
2 3 2 31 1 1 
2 32 1 1 
11 22 10 1 2 
10 21 18 
21 17 
19 8 1 2 
18 7 1 1 
18 7 1 1 
21 7 5 
3 13 9 7 8 
18 7 11 2 
18 1 3 9 
19 2 4 7 1 
11 8 2 3 3 1 
12 9 4 7 6 
3 6 9 3 18 
4 3 1 4 4 1 18 
3 5 3 3 2 18 
3 4 5 2 19 
5 4 2 2 1 
1 3 5 2 15 
3 4 3 2 2 14 
3 1 3 2 1 2 
3 4 2 1 2 3 15 
3 3 5 1 2 4 14 
2 2 9 2 4 3 2 
2 2 10 6 3 3 2 1 
2 2 7 3 5 3 4 3 1 
2 2 6 2 5 3 4 3 1 
2 2 2 5 1 3 4 3 4 3 1 
4 2 2 4 2 4 3 4 3 1 
1 2 2 2 4 1 1 1 4 3 4 3 1 
1 1 2 2 6 4 4 3 2 1 1 1 1 
2 3 2 2 3 4 4 3 2 1 1 1 1 
2 2 2 3 1 3 4 3 4 3 1 
3 2 2 4 1 1 2 4 3 4 3 1 
3 4 2 1 7 4 3 4 3 1 
2 2 2 2 1 2 7 1 4 3 4 3 1 
1 4 1 2 1 6 3 5 3 4 3 1 
2 2 2 2 7 1 5 3 3 2 1 
4 2 3 4 6 3 2 
2 2 7 1 1 4 14 
3 2 2 2 2 3 15 
4 6 2 2 
1 2 3 2 1 2 14 
3 3 2 15 
5 2 18 
/
3 1 2 2 2 5 2 
2 2 2 1 2 3 1 2 5 
5 2 2 7 3 2 
3 1 2 2 9 8 
2 1 2 2 2 9 2 2 
5 1 1 2 6 2 2 2 
1 3 2 1 2 7 1 1 2 2 
2 3 2 2 11 2 2 
2 11 2 2 
14 11 2 2 
13 8 2 2 2 
7 3 2 2 
10 2 3 
2 15 2 2 
5 19 3 2 
6 26 2 
6 26 2 
4 19 4 2 
4 22 1 
3 22 16 6 
3 15 4 14 6 
3 15 4 2 1 2 
3 14 2 2 1 2 
4 15 2 2 12 5 2 
4 15 2 12 6 1 
4 15 2 10 2 5 1 2 
20 2 10 1 3 4 1 
19 3 1 6 2 9 1 
22 1 6 11 2 1 
10 8 2 3 1 2 5 2 
9 5 2 1 3 1 4 1 1 1 
6 2 2 3 2 4 1 2 
5 2 4 6 1 2 
4 6 3 4 6 2 2 
4 2 6 3 6 3 3 
4 3 3 3 
4 6 24 1 
5 6 24 1 
5 5 1 20 2 
14 5 2 18 3 
18 5 2 1 1 3 
20 4 2 20 3 
20 4 2 20 3 
20 4 2 20 3 
18 5 2 2 2 3 
18 5 2 2 14 2 3 
3 4 3 5 2 2 14 2 3 
3 2 3 5 2 2 6 6 2 3 
3 2 3 5 2 2 12 2 3 
6 2 2 2 2 2 7 2 2 2 3 
2 2 2 4 2 2 14 2 3 
12 4 2 2 6 6 2 3 
2 2 2 3 2 2 12 2 3 
3 4 3 3 3 3 1 
3 4 3 1 20 
