#8.15 
#nonogram 2110

5 
7 
5 2 
4 
5 
4 
5 
6 
8 
2 3 11 
3 7 11 
3 4 13 1 
3 3 11 2 
3 3 11 4 
2 3 10 6 
2 4 8 4 2 
3 4 12 3 
10 11 2 
9 10 2 
8 8 2 
5 8 3 
7 2 
8 
8 
8 
8 
9 
9 
9 4 
9 7 
15 2 
14 
14 
13 
12 
10 
9 1 
9 2 
16 
12 3 
9 3 
3 5 3 
3 4 3 
4 4 2 
2 2 3 2 
1 7 2 
1 2 1 2 
4 
2 
/
8 
10 
4 5 
2 4 
2 4 
1 4 
4 
5 
5 
5 
4 
3 
3 3 
2 4 
3 5 2 
2 7 
2 3 2 
2 4 1 1 
5 9 
8 10 
11 10 
15 11 
32 
31 
32 
32 
32 
8 23 
8 4 15 8 
8 4 12 10 
8 4 10 6 2 
7 5 5 3 3 
5 3 5 2 
3 4 4 
2 5 4 
3 5 3 
3 3 3 
2 2 2 
2 2 
3 3 
2 2 
