#8.159 
#nonogram 1975

1 1 10 1 
2 3 3 1 3 6 1 1 
2 3 5 1 2 7 1 1 
2 3 4 1 1 3 3 3 1 1 
2 2 3 1 1 3 7 1 1 
2 2 2 1 1 3 3 3 1 1 
2 3 1 1 7 4 1 1 
2 1 2 1 7 4 1 2 
2 2 1 2 6 5 1 1 
3 5 3 3 3 5 1 1 
4 3 4 3 9 1 
3 4 2 11 1 
5 1 5 3 10 1 1 
3 5 3 10 1 1 
1 5 1 8 5 1 1 
7 4 5 4 6 1 
1 1 1 10 7 1 
1 1 2 10 5 1 
1 1 2 2 4 9 1 
7 1 1 2 5 7 2 
7 1 1 5 6 1 
1 5 2 2 4 4 5 1 
1 5 1 2 4 2 2 3 1 
1 6 5 5 1 
1 5 2 4 3 4 1 1 
1 4 2 3 6 3 2 
1 3 3 7 1 2 
9 2 2 3 9 3 
2 3 2 4 10 1 
3 2 3 2 
3 1 3 1 3 
3 1 4 5 5 
3 1 5 10 
3 1 5 9 
2 7 6 
/
1 2 
3 2 3 
5 3 1 1 
2 2 2 2 1 1 2 
1 3 4 3 1 1 1 
5 5 2 4 1 1 2 
3 2 3 1 1 5 1 1 1 
2 2 2 2 1 1 5 2 2 
1 2 3 1 1 1 5 1 1 
2 2 1 1 1 5 1 2 
3 2 1 1 7 1 
2 1 23 
3 1 1 1 
3 2 2 2 2 2 1 
3 2 2 2 2 2 1 
12 4 
3 28 
3 7 18 
2 4 1 16 
13 1 2 
6 1 1 
19 1 1 
19 1 3 
2 8 6 1 3 3 
1 1 3 1 1 2 1 4 3 
18 1 4 3 
19 1 5 4 
8 11 1 4 3 
3 1 1 6 4 2 4 3 
14 1 4 2 3 3 
26 2 3 
26 3 
20 1 1 
4 13 1 1 
3 8 3 1 1 
2 2 3 2 1 
2 3 1 2 
3 1 2 1 
3 2 2 2 
8 2 2 2 
