#8.156 
#nonogram 1376

4 8 2 2 
1 4 10 1 2 1 
6 5 2 1 1 
5 5 4 4 
4 6 3 3 2 1 
2 5 2 1 3 1 
5 3 3 3 
8 3 2 1 2 
3 3 4 2 2 
1 4 2 5 6 1 
5 3 6 5 
2 4 6 1 4 
3 3 4 1 2 1 
3 5 1 1 
3 5 1 1 1 1 2 
3 2 5 1 1 2 2 
4 10 1 2 3 
4 6 1 1 
1 4 4 3 1 
3 5 1 4 1 2 
8 7 1 1 
4 1 6 1 1 1 
4 3 2 1 1 1 2 1 
3 3 6 1 1 2 
4 9 1 3 
4 6 3 2 3 
4 4 3 4 2 1 
3 4 7 3 2 
2 3 3 3 2 1 
4 3 7 2 2 1 1 
2 3 2 5 2 2 1 
4 4 6 2 1 1 
9 3 2 4 2 3 
3 1 7 2 2 1 2 1 
5 1 5 4 2 2 
5 2 6 7 4 2 
4 1 2 1 14 1 1 1 
8 3 15 1 1 1 
4 10 16 3 1 2 1 
4 11 16 1 2 2 1 
7 11 19 2 3 1 
1 32 5 1 1 
5 19 16 1 3 
4 2 17 6 8 2 2 
1 3 23 1 6 3 1 
10 2 17 4 1 3 
8 1 18 7 2 2 
3 4 1 23 3 1 1 
15 21 1 2 1 1 
1 6 2 18 1 1 3 2 
7 5 20 2 4 
3 2 6 16 3 5 
4 8 13 1 1 1 1 1 1 
19 10 1 2 4 
12 3 1 5 3 
/
12 3 4 2 3 9 2 
1 7 2 3 5 3 2 2 4 2 2 
1 3 3 1 3 2 1 4 3 2 4 5 
1 3 2 2 3 1 1 2 1 3 2 2 1 1 3 
3 3 2 3 1 2 2 1 1 1 3 1 1 3 
2 2 1 1 1 2 2 2 1 1 1 3 3 3 
1 2 1 1 1 3 1 1 1 9 2 
1 2 1 2 2 1 1 1 5 1 2 
2 1 2 1 1 4 1 3 3 
1 1 2 6 1 3 4 
1 1 2 7 2 4 
2 3 9 1 4 
1 2 9 2 3 
1 3 10 2 3 
2 3 12 1 4 
1 3 9 1 2 
1 3 12 1 1 
2 2 8 1 1 
1 2 9 1 1 
1 3 7 
2 2 9 
1 2 10 
2 4 1 11 
1 20 
2 4 15 
1 3 16 
2 2 5 9 
2 1 5 9 
2 18 
2 18 
1 2 1 1 1 18 
1 2 2 1 2 1 19 
2 2 1 2 1 2 1 1 1 19 
2 1 2 1 1 1 1 1 1 2 1 1 20 
2 2 2 3 1 3 2 5 2 9 10 
5 2 3 6 11 10 9 
5 1 10 11 1 12 7 
4 2 14 3 5 11 8 
3 2 7 7 2 1 4 2 6 6 1 
3 1 22 4 4 8 1 2 
2 10 5 10 1 
2 1 6 11 5 7 5 
1 1 1 2 3 8 2 1 2 
2 2 2 3 2 8 7 1 2 1 1 1 
1 2 3 4 12 1 1 1 5 2 
1 3 5 2 4 12 4 3 
2 3 5 2 4 3 3 3 3 2 
3 2 3 2 3 3 6 2 5 
2 3 3 3 2 2 2 2 3 1 
3 5 4 3 4 2 3 1 5 1 
