#8.155 
#nonogram 2204

1 1 1 1 6 1 3 1 
2 2 2 2 2 2 1 2 3 2 
20 1 4 5 1 
2 2 2 2 2 3 1 
1 1 2 2 1 1 3 1 6 1 
2 1 1 1 1 3 1 4 2 2 
2 1 1 1 2 5 2 2 2 1 
1 2 2 2 2 2 4 5 2 2 
1 22 4 1 1 
2 2 2 2 3 1 4 5 1 1 
3 2 2 2 2 3 5 1 
1 2 1 1 1 3 2 1 3 
4 6 5 4 
1 3 13 4 
4 12 2 1 
1 1 1 4 11 3 1 
1 3 6 5 4 5 
1 2 7 9 7 1 
1 9 7 3 4 
2 2 18 4 3 
4 1 9 8 5 2 1 
4 1 9 10 4 2 
2 10 9 5 2 
10 2 1 3 5 3 
12 3 5 5 
17 7 1 2 2 
1 15 10 7 
1 30 3 
1 27 5 
1 32 1 
2 31 1 
3 23 2 2 1 1 
3 28 1 1 
1 2 24 1 
3 1 20 1 1 1 
2 2 14 1 1 1 1 
2 3 12 2 1 1 1 1 1 
1 15 2 2 1 1 2 1 
2 14 4 1 1 1 1 1 
1 13 5 1 2 2 1 1 
1 13 6 1 1 1 1 1 
1 12 6 1 1 2 2 1 
2 13 3 2 1 1 1 1 
3 14 2 1 1 1 1 
2 15 4 1 1 1 1 
1 2 19 1 1 1 1 
3 19 1 1 1 1 1 
1 16 2 1 1 1 
1 11 1 1 1 1 
1 9 1 1 1 1 1 
/
6 2 6 2 2 
1 2 2 2 4 2 1 1 3 3 2 
1 2 3 1 4 5 3 4 
3 1 4 2 2 6 1 
5 1 4 3 
1 3 2 6 6 7 
3 5 4 1 9 11 
5 1 2 1 12 11 
1 2 3 14 11 
3 5 16 10 
5 1 1 29 
1 2 3 30 
3 5 31 
6 1 2 32 
1 3 33 
3 5 35 
7 4 35 
1 1 2 6 17 8 
5 4 2 5 3 14 1 7 
7 1 4 2 3 13 4 6 
1 7 7 4 2 10 4 6 
2 5 15 10 5 5 
3 4 11 1 10 5 5 
1 1 4 12 10 6 6 
1 3 11 10 1 1 1 6 
2 1 1 4 7 10 6 
1 3 12 14 1 1 1 
1 4 11 12 5 
1 1 2 1 6 12 3 
1 1 3 6 13 2 4 5 
2 1 4 3 8 8 4 
1 1 3 8 7 1 4 
2 1 3 3 4 1 1 2 1 5 
1 2 2 4 1 7 3 
1 2 3 5 1 7 4 6 
1 2 3 6 3 3 3 3 
1 1 7 4 2 4 2 
1 2 3 6 5 6 2 
1 3 2 1 1 6 4 
1 4 2 1 1 1 4 8 1 
