#8.162 
#nonogram 1396

3 
2 1 3 
1 2 2 
2 2 1 
2 3 3 
2 2 3 
2 2 4 
1 3 3 6 
1 3 3 3 6 5 
1 4 4 3 3 6 3 2 
6 11 2 1 14 1 
4 2 5 5 1 7 1 1 2 
2 1 3 8 2 10 2 2 
4 12 3 2 
5 8 2 8 3 
1 2 1 7 5 6 3 
5 4 11 6 
3 5 7 4 3 
2 6 18 
3 5 1 2 2 10 1 
17 18 
19 22 4 
1 3 10 3 1 18 
9 3 1 5 5 
8 4 9 
4 6 5 10 2 
6 15 4 5 4 
6 15 12 5 
5 14 10 1 6 
5 2 5 3 1 11 1 6 
6 7 3 1 5 5 1 7 
6 7 4 10 1 7 
7 6 4 12 2 7 
7 6 3 12 3 7 
7 4 3 14 3 7 
6 3 1 1 12 1 2 7 
6 3 3 10 3 8 
6 3 3 2 10 1 2 8 
6 3 3 2 11 4 9 
6 3 1 4 8 4 9 
6 5 1 2 3 2 1 1 10 
6 7 3 3 10 
6 4 2 3 2 12 
6 4 1 1 1 3 13 
6 4 2 2 2 16 
6 3 2 1 2 18 
6 3 1 1 1 18 
6 6 1 2 17 
6 4 1 1 17 
6 4 2 17 
6 1 1 2 17 
7 2 1 18 
7 1 1 18 
8 2 2 20 
9 4 26 
/
1 2 29 
2 1 29 
1 2 30 
2 3 30 
2 3 30 
2 3 2 3 25 
5 2 3 3 4 
3 9 2 
5 12 3 1 
4 1 4 1 5 5 7 
5 5 1 11 2 16 
1 1 2 35 
4 21 10 3 
3 19 5 1 4 2 
2 19 4 3 1 1 
2 5 15 4 2 5 1 
2 3 6 3 6 2 3 2 
2 2 3 3 3 1 3 2 5 
10 2 8 6 7 
14 2 10 5 
6 11 11 
1 3 3 3 5 2 5 
1 3 12 2 9 
4 11 12 
3 3 3 5 14 1 
3 4 3 2 10 5 1 
5 1 2 1 3 11 1 1 
2 1 1 2 4 13 1 
1 2 2 4 17 1 
2 3 8 18 1 
3 2 2 6 6 8 2 
2 3 1 19 3 2 
3 2 1 1 9 8 1 1 2 4 
2 2 1 1 16 3 10 
1 2 1 2 15 4 11 
1 2 4 13 4 11 
8 6 6 2 1 1 11 
1 1 2 4 4 3 4 12 
1 1 1 3 5 3 5 13 
1 3 2 4 1 13 
1 1 1 1 3 15 
2 1 1 1 3 17 
1 1 2 2 19 
1 1 1 1 2 25 
3 1 2 1 27 
3 1 1 28 
2 2 2 29 
1 2 2 29 
2 2 1 30 
3 1 30 
