#8.161 
#nonogram 1563

5 
5 
5 5 
9 5 
2 9 5 
6 4 8 5 
9 3 7 3 
12 4 7 2 
5 8 5 5 2 
7 7 8 3 1 
7 7 4 6 3 
9 7 2 5 3 
10 6 5 3 
4 6 7 8 3 
6 6 7 12 3 
7 6 7 3 4 3 
3 5 5 7 2 3 
7 5 5 6 10 3 
9 4 5 7 13 3 
10 4 5 4 2 3 2 
11 3 1 3 4 2 4 2 
10 3 1 3 4 2 3 2 
4 7 5 3 4 2 14 2 
7 6 3 3 3 2 9 2 
4 1 6 3 3 3 2 3 2 
3 2 5 1 3 3 3 2 3 2 
3 2 5 1 3 3 3 1 14 2 
3 7 2 3 3 4 1 8 2 
2 4 2 2 3 3 1 4 3 
2 1 3 3 3 3 2 4 4 3 
2 1 2 3 3 3 2 11 3 
1 2 3 2 3 1 1 8 3 
1 2 2 2 1 1 5 4 
2 3 1 2 2 4 4 3 
2 1 3 2 4 6 3 
2 2 2 9 4 
3 2 2 6 3 2 
2 1 1 4 4 3 1 
1 1 4 3 3 2 
4 4 4 3 
2 8 6 5 
15 5 
10 5 
4 5 
5 
/
3 
3 
2 
1 
2 
1 
2 
1 
2 
1 
1 
2 
1 
1 
2 
2 2 
9 
7 3 
5 2 
7 2 
13 
13 
2 11 
3 11 3 
4 9 3 
6 5 3 2 
9 7 2 
4 9 5 2 
5 13 3 2 
7 14 2 2 
9 11 1 
17 5 
14 
3 23 
4 24 
5 23 
8 4 1 
14 4 2 
2 28 2 
2 25 1 2 
2 21 3 3 
3 15 4 4 
4 9 6 5 
5 18 7 
8 8 10 
13 15 
1 32 3 
1 3 25 4 
2 2 3 16 2 3 
2 2 3 2 1 2 2 3 2 1 1 
1 2 2 2 2 2 2 2 2 1 
2 2 2 2 2 2 2 2 1 2 
2 1 2 2 2 2 2 2 2 1 
2 2 1 2 2 2 1 1 1 1 
3 2 1 2 2 1 1 2 1 1 
3 1 2 2 1 1 2 2 2 2 
2 1 2 1 1 1 1 1 1 2 
3 1 1 1 1 1 1 1 1 1 
2 1 1 1 1 1 2 
3 1 1 2 
6 4 4 5 
6 6 6 5 
7 9 8 6 
10 25 7 
9 19 8 
