#8.166 
#nonogram 2055

38 36 
37 36 
36 37 
35 38 
34 39 
29 2 11 14 
25 7 12 14 
22 8 13 1 14 
12 5 7 12 2 15 
10 4 10 10 2 15 
9 4 22 5 15 
5 5 22 6 17 
5 7 4 12 19 
4 2 2 3 8 19 
4 2 4 3 12 1 20 
4 2 3 1 26 2 12 4 
4 2 1 3 3 21 2 16 3 
3 2 1 2 3 21 2 13 4 
3 2 4 2 19 3 9 5 
3 2 2 2 17 4 13 5 
3 3 6 1 15 4 12 1 
3 14 12 9 11 3 
3 11 3 11 10 3 
3 11 2 4 13 11 4 
3 11 1 1 8 13 9 1 1 
3 10 1 3 4 4 11 9 4 3 
3 10 2 1 1 4 3 8 9 1 3 
3 6 3 1 3 4 3 5 9 2 3 
3 6 3 2 1 4 3 3 9 1 3 
3 5 2 2 4 2 3 2 2 
4 5 2 3 6 3 4 4 1 5 
2 5 3 12 3 11 2 4 
2 6 3 2 11 3 12 1 8 
1 2 3 2 8 1 13 1 1 2 
1 2 7 1 3 7 3 8 1 7 
1 2 8 1 1 2 7 2 12 2 2 5 
1 2 4 1 6 3 7 1 12 1 4 
1 2 3 2 1 3 2 2 3 1 12 1 1 
1 1 2 3 4 2 2 7 2 2 
1 1 1 3 4 2 3 11 1 2 
1 2 2 3 3 4 1 11 1 4 
1 2 2 2 2 6 9 1 1 
1 3 1 4 7 3 2 5 
2 2 1 1 4 5 8 1 
4 2 2 2 4 3 17 
5 3 3 8 17 
6 5 9 24 
18 9 23 
19 16 27 
23 46 
24 25 
26 7 30 
26 44 
29 43 
31 33 
/
55 
33 12 
31 6 11 
17 1 4 3 11 
13 4 6 4 1 10 
11 16 2 2 9 
11 5 11 1 2 8 
11 2 12 4 2 8 
11 1 12 7 1 8 
10 4 12 4 2 2 8 
9 4 6 2 4 4 8 
9 3 1 9 1 3 9 
8 3 2 10 7 12 
8 3 1 12 1 2 3 11 
8 2 10 3 3 3 10 
8 1 1 3 2 1 1 4 9 
10 1 2 1 3 1 3 3 8 
9 2 1 2 1 1 2 8 
9 4 1 3 2 1 2 2 7 
9 1 1 2 1 1 1 1 2 2 3 6 
9 2 4 1 3 2 2 1 3 6 
8 1 2 2 2 1 1 2 3 6 
7 2 2 2 3 2 2 1 3 6 
7 3 1 3 3 2 2 2 3 5 
7 3 2 4 4 2 1 2 3 4 
6 4 1 4 6 4 2 1 3 4 
6 4 1 5 2 8 1 2 4 2 
6 5 7 3 8 1 3 2 
6 5 7 3 8 2 3 2 
5 5 7 3 8 2 4 1 
5 6 7 3 7 2 3 1 1 
5 6 7 3 7 5 3 2 
5 6 7 2 6 6 2 3 
5 2 3 7 1 3 3 6 2 3 
4 2 3 6 3 2 3 4 2 3 
3 2 2 6 3 2 3 2 2 3 
2 3 2 6 5 1 5 2 3 
1 2 3 5 5 2 1 1 2 2 
3 3 5 6 1 2 2 2 2 
5 5 6 7 7 2 2 
5 6 5 8 2 2 
5 7 5 8 2 2 
13 5 7 1 3 
18 6 1 3 
18 5 8 1 3 
10 6 4 12 1 4 
10 7 5 15 1 4 
9 6 3 17 1 4 
9 6 4 20 2 4 
9 6 3 6 11 1 2 4 
9 5 2 8 12 1 7 
8 3 2 10 8 3 1 1 7 
7 2 2 10 4 3 3 1 9 
5 2 2 12 4 3 3 1 9 
5 2 13 3 3 2 1 9 
5 14 3 3 2 9 
5 14 1 2 5 9 
5 12 5 4 9 
5 13 3 5 13 
5 13 1 1 11 
5 14 1 1 11 
21 3 3 11 
18 2 2 1 1 11 
18 1 2 3 1 11 
18 3 2 3 11 
18 1 1 3 1 11 
17 3 1 1 11 
15 1 2 3 11 
15 1 2 1 1 11 
15 1 2 1 1 11 
15 1 1 1 2 11 
16 2 3 2 11 
18 4 3 1 11 
18 9 1 11 
18 10 1 11 
