#8.168 
#nonogram 1590

8 4 1 
7 6 4 1 
7 4 4 1 
9 5 3 5 1 
9 3 3 5 1 
10 2 3 4 1 
8 1 3 4 1 
7 2 3 4 1 
5 2 3 4 1 
5 1 3 5 1 
4 1 2 6 1 
4 2 2 6 1 
4 1 3 3 1 
4 2 2 3 1 
3 11 2 1 
3 4 17 2 
2 10 2 3 3 1 
2 6 1 2 1 1 5 3 1 
1 5 1 8 4 
1 4 1 5 3 
5 1 3 2 
2 1 3 2 2 
2 2 2 2 2 
2 2 6 2 
2 2 1 1 2 6 3 
2 1 3 2 2 14 
3 2 3 3 3 7 
2 1 4 1 3 4 2 2 
3 4 7 4 2 
2 1 10 6 
1 3 4 4 3 2 
2 2 6 
2 3 7 
1 3 1 2 2 1 
1 3 2 4 2 
1 3 2 1 11 
1 4 3 2 11 
1 3 6 7 
2 3 7 4 4 
2 4 1 4 1 3 
2 1 2 4 2 
2 3 2 2 9 
3 3 5 2 8 
3 1 3 5 2 8 
5 3 3 3 7 
6 3 3 9 
7 3 3 7 
8 4 1 4 
9 4 3 
10 4 3 2 
12 4 5 
14 4 3 
16 5 2 
18 5 4 
21 8 
/
20 5 25 
18 9 2 17 
16 4 4 3 13 
14 4 3 3 9 11 
10 10 10 12 
8 5 2 5 6 10 
8 3 5 9 
1 4 2 4 8 
3 3 2 2 4 7 
1 2 3 1 1 2 3 6 
3 1 2 1 1 2 3 5 
2 1 1 2 2 3 5 
2 2 3 2 4 
1 4 2 2 3 4 
1 1 2 3 1 5 2 3 
1 1 1 4 2 3 1 2 3 
1 2 4 4 3 3 2 2 2 
1 2 3 6 1 4 2 2 2 2 
2 2 3 4 1 2 3 2 4 2 1 
2 4 6 3 2 4 1 4 2 1 
2 5 3 2 2 4 1 4 2 1 
4 5 2 2 3 2 1 2 1 
13 1 2 3 1 3 2 2 
9 2 1 3 2 2 3 1 2 2 
4 2 2 4 1 4 1 3 1 
2 1 4 1 5 1 4 1 
3 2 1 1 3 8 4 2 
2 5 1 1 1 4 9 4 1 
4 7 1 1 2 3 1 2 12 1 
14 2 1 2 4 2 9 1 
8 5 3 3 1 2 2 6 2 1 
2 4 2 2 4 1 3 1 3 2 6 1 2 
1 2 1 1 6 3 1 3 2 5 2 2 
1 3 6 3 2 6 6 
18 5 6 5 5 
