#8.165 
#nonogram 1994

6 6 
2 3 7 
2 3 8 
2 6 9 
2 3 8 10 
2 3 11 11 
2 3 10 2 12 
2 2 5 3 1 9 
2 2 9 4 8 3 
1 2 9 8 5 
2 2 5 3 1 5 7 
1 1 6 2 1 4 7 
1 2 5 2 1 1 4 3 
1 6 4 1 2 2 7 
1 6 4 1 2 1 7 
1 5 2 2 2 8 
1 5 2 1 2 8 
2 5 2 1 2 8 
2 5 3 1 1 2 5 1 
2 5 5 2 1 1 1 4 1 
2 5 4 1 1 1 1 1 3 
2 5 2 1 1 1 2 1 4 
2 5 2 2 1 2 2 4 1 
1 2 5 1 1 1 1 4 2 
1 1 5 2 2 1 4 2 
1 1 3 2 2 4 2 
2 2 3 4 2 
2 1 3 3 3 
3 2 2 7 
3 3 10 6 
4 10 1 7 4 
4 8 3 1 20 
5 6 4 20 
6 5 3 21 
7 4 24 
/
3 12 
3 9 
2 7 
2 5 
2 3 
2 7 2 
2 15 1 
2 3 4 
2 2 12 3 
2 2 16 3 
1 3 18 3 
1 3 25 
1 3 17 7 
2 3 8 6 
5 6 4 6 
3 5 7 6 
12 3 2 3 1 
12 5 1 2 
4 3 2 1 3 1 1 
3 2 4 1 1 3 
3 1 1 1 3 5 
3 2 2 1 
3 1 1 
4 1 1 
1 1 1 2 2 
1 1 2 2 2 4 
1 1 2 6 1 5 
1 1 2 3 1 5 
2 2 6 1 5 
1 1 5 2 6 
1 3 2 6 
1 7 
3 8 8 
5 4 4 4 
7 5 4 
9 3 1 4 
11 4 1 4 
8 15 2 4 
8 2 12 1 4 
9 2 11 2 4 
8 3 7 2 2 4 
8 2 6 2 5 
7 3 5 2 5 
7 3 4 2 5 
7 3 5 5 
