#8.167 
#nonogram 1498

5 4 5 3 5 5 4 
1 5 4 4 3 6 5 4 2 
1 5 5 5 3 5 4 5 1 
2 5 4 4 3 5 5 4 1 
3 5 5 3 1 4 4 2 2 
4 6 5 5 4 2 
5 6 2 6 3 1 2 
5 6 13 6 2 1 
5 3 16 3 4 
1 5 1 16 3 2 2 
2 5 17 2 2 2 4 
3 5 17 2 2 2 2 
4 3 17 1 1 1 2 1 
4 1 18 2 2 1 5 
4 17 1 1 1 4 
1 3 18 2 1 1 2 2 2 
3 1 18 2 2 2 5 
5 12 3 5 1 3 1 
4 11 3 1 4 1 4 
1 2 9 2 3 4 3 5 
3 1 8 2 3 9 3 
4 8 2 4 4 1 2 
4 8 1 2 1 4 2 1 4 
2 7 2 2 3 1 3 1 2 3 
2 7 2 1 1 3 1 2 2 3 4 
4 7 1 1 2 3 2 2 3 5 
4 6 3 3 4 2 1 1 
4 8 2 1 2 3 2 3 1 2 2 
7 3 1 2 3 2 1 1 5 
4 6 1 1 1 1 1 3 2 2 1 3 
4 5 1 1 2 2 1 5 2 3 1 
2 7 2 2 8 2 1 2 2 
2 6 5 1 13 2 4 
4 30 1 2 
3 1 30 2 3 
1 2 28 3 4 2 
4 28 2 2 2 
5 20 4 2 2 2 1 
3 1 22 4 2 2 2 
2 3 23 2 3 2 2 
4 21 3 2 5 3 
4 1 19 2 2 3 
4 3 18 1 3 6 1 
2 5 18 4 2 1 
1 6 23 3 2 
6 1 22 3 2 
6 3 18 3 
6 6 14 1 4 
5 6 2 8 3 2 2 
4 6 4 5 1 2 2 
3 6 4 2 4 4 4 2 1 
2 6 4 5 4 4 5 2 2 1 
1 6 5 6 4 4 4 4 2 
6 4 5 4 4 5 4 3 
6 5 6 5 4 4 5 
/
6 4 3 4 4 3 3 3 3 6 
5 4 3 3 4 3 2 4 3 6 1 
1 5 4 3 4 3 2 3 3 3 6 2 
2 5 4 3 3 3 2 2 3 4 6 3 
3 6 3 4 4 3 6 4 
4 6 3 3 6 5 
6 6 13 6 6 
6 4 19 4 6 
6 2 23 2 6 
6 26 6 
1 6 29 6 1 
3 4 18 12 4 3 
5 2 15 2 1 11 2 4 
6 1 13 1 1 12 1 5 
6 11 1 2 14 7 
5 11 6 16 5 
1 2 10 4 4 16 2 1 
3 1 11 2 15 1 3 
5 10 1 3 2 16 4 
5 11 2 2 15 5 
5 10 2 1 1 15 5 
2 10 2 2 2 17 4 
10 1 1 1 16 2 
5 12 16 
4 14 2 2 16 4 
4 12 1 2 1 17 4 
10 2 4 2 17 4 
4 8 2 5 18 4 
5 6 3 3 7 11 1 
5 4 4 9 3 5 3 
5 3 2 12 1 1 4 5 
4 2 1 1 2 13 1 4 5 
2 1 1 2 2 1 2 9 1 4 5 
5 3 2 2 1 8 7 1 2 
7 3 2 1 1 8 6 4 
8 4 1 2 3 2 4 6 
6 1 9 2 2 1 2 2 8 
4 1 3 6 2 2 1 1 1 6 
2 2 2 6 1 2 2 4 
1 3 2 2 3 1 2 3 2 
2 1 1 2 1 6 2 
1 3 1 2 3 3 2 4 1 2 1 
2 2 7 2 1 4 1 2 1 1 1 6 
2 2 1 5 2 1 2 1 1 2 2 2 
7 1 1 1 4 1 2 2 4 2 
2 2 1 2 3 1 1 2 1 4 4 2 1 
1 2 1 1 2 4 1 2 1 2 2 2 1 2 1 
1 2 1 1 2 5 4 2 1 1 2 2 1 2 
2 2 4 4 8 3 6 2 6 3 
4 1 31 2 13 
