#8.163 
#nonogram 1216

39 8 
26 10 2 9 
25 9 4 10 
24 2 9 6 2 7 1 
23 2 2 8 10 2 1 1 2 
22 6 8 3 10 5 
21 6 2 6 3 5 1 3 2 3 
21 10 5 2 5 3 5 2 
15 10 2 4 1 6 2 2 4 1 
13 1 8 2 2 8 1 1 1 2 2 1 
6 1 6 2 1 10 3 2 1 5 
4 4 3 8 2 10 2 1 1 2 6 
3 3 6 7 5 2 2 10 2 1 1 1 6 
2 3 26 2 9 1 1 1 1 6 
2 3 8 7 4 9 2 1 2 7 
1 6 8 3 2 2 8 2 1 1 3 2 
1 15 4 4 8 1 1 1 1 4 
15 1 1 4 3 1 8 3 1 1 4 1 
1 14 1 2 3 4 7 2 2 3 2 3 
16 1 1 1 3 5 6 3 3 4 
15 1 3 1 3 3 1 6 3 1 5 
15 1 2 2 2 5 4 2 5 3 
14 2 3 2 5 13 2 
10 3 5 1 1 2 3 1 14 
10 1 1 1 2 5 10 5 
1 10 2 2 2 4 18 
11 1 2 1 2 3 1 13 7 
1 12 1 1 1 2 4 20 1 
1 4 6 1 3 1 2 2 18 1 
2 2 7 1 2 5 4 14 2 2 
2 2 7 1 1 11 2 2 16 3 
3 8 9 2 2 4 1 5 2 3 
4 3 9 9 2 7 3 1 3 2 
6 1 3 4 7 2 1 13 1 1 2 
11 12 2 3 2 1 3 2 4 2 
13 10 2 4 3 2 3 4 5 
21 10 6 3 2 2 2 4 4 
21 6 2 6 3 4 1 1 1 3 2 3 
22 6 8 2 4 3 2 1 5 3 
23 2 2 8 9 2 1 1 2 6 2 
24 2 9 9 2 1 1 1 6 2 
25 9 9 1 1 1 1 6 2 
26 2 7 9 2 1 2 6 2 
31 1 3 9 2 1 1 4 1 2 
23 1 1 2 8 1 1 1 4 3 
24 1 2 9 3 1 4 5 
19 2 1 2 8 2 2 5 6 
24 2 7 3 4 2 3 2 
24 1 2 7 6 2 2 
31 1 1 3 3 1 2 1 1 2 
23 7 5 3 5 8 3 
23 3 8 4 18 3 
15 1 1 4 2 28 2 
16 1 1 2 2 27 1 
11 1 1 25 1 
/
17 28 
15 6 26 
13 7 24 
12 8 23 
11 13 22 
11 15 22 
10 17 21 
10 19 21 
10 2 14 1 21 
10 1 13 22 
11 14 21 
10 7 8 19 
10 9 8 19 
9 10 9 18 
9 12 8 18 
8 11 5 1 16 2 
8 9 3 16 
8 7 3 16 
8 6 3 16 
8 4 5 5 2 10 5 
8 2 2 10 5 
6 1 2 4 4 2 1 8 5 
5 3 2 2 3 2 3 1 3 7 8 
4 3 3 2 2 1 2 1 4 4 5 
3 4 3 1 1 5 3 1 2 
2 5 3 1 1 6 2 3 
1 7 2 1 1 8 1 5 
1 1 6 2 2 8 1 1 3 
1 8 1 9 1 2 
2 2 5 2 7 7 2 2 2 
3 10 2 1 8 6 3 
4 2 7 3 6 2 2 2 
5 9 7 4 4 
6 2 4 2 5 2 7 6 
7 5 3 1 5 7 3 
8 2 2 5 2 2 2 7 2 
9 2 10 2 9 3 
10 2 7 2 12 2 
11 1 1 15 2 
6 4 4 6 4 1 
1 2 2 2 2 1 3 
5 5 3 
2 12 2 3 
14 5 3 
2 8 2 9 3 
4 3 2 3 11 2 
8 6 3 8 3 
2 7 3 9 3 
2 9 4 11 3 
3 10 5 12 3 
3 11 4 13 3 
4 12 3 14 4 
4 14 3 3 5 4 
3 16 3 4 2 5 
20 5 3 4 4 1 5 
7 5 7 1 2 3 2 3 6 
4 3 7 3 2 3 2 2 5 
3 4 4 1 8 2 2 1 1 3 5 
2 2 3 2 3 10 2 3 3 2 4 
1 3 2 3 2 1 10 2 1 3 4 
1 1 2 1 1 2 9 2 4 2 4 
1 2 3 3 1 10 1 3 5 
1 2 1 2 11 2 6 2 6 
2 2 4 2 10 2 1 1 2 5 
3 1 4 10 4 2 4 5 
5 2 6 1 11 6 6 5 
4 2 1 1 2 4 6 1 10 5 
4 4 2 2 5 2 4 7 6 
4 6 5 12 1 7 1 5 
5 2 9 10 1 6 3 3 
4 1 7 1 7 3 5 3 1 
2 1 6 2 4 3 2 3 
1 2 7 4 3 2 4 3 2 
4 5 5 1 24 
7 3 6 29 
