#8.169 
#nonogram 2310

6 1 4 
7 1 4 
7 1 1 2 
4 2 
3 6 1 
2 8 3 
28 
5 13 4 
5 16 3 
5 8 6 1 
4 3 4 4 1 
4 8 2 1 
3 6 3 2 
3 6 3 2 
3 6 1 4 
2 7 2 1 3 
2 7 4 2 
2 6 4 1 
2 4 1 5 
1 3 2 5 1 
1 4 1 2 2 1 
2 4 2 1 1 1 
2 3 6 1 
2 3 16 1 
2 2 18 
2 3 6 5 
2 2 1 3 
2 6 1 
2 19 
2 7 3 
1 1 10 7 2 
2 2 13 4 
1 2 6 3 
1 2 1 3 1 5 1 1 
3 2 2 2 6 1 1 1 
4 3 4 5 2 2 1 1 
4 3 3 6 2 2 3 
7 2 7 3 1 2 3 
9 5 3 1 4 3 
7 3 3 1 1 4 4 
6 2 3 3 4 4 
2 1 3 3 3 4 2 1 
3 2 2 3 7 1 
4 2 3 3 7 1 
4 2 4 3 7 1 
4 1 7 2 6 1 
3 1 3 5 2 3 2 
2 3 4 2 2 2 
8 3 1 3 
8 3 3 
/
2 
2 
2 
2 
2 2 
3 2 
2 2 
2 2 
4 
5 
4 
2 4 
3 3 
4 7 
9 11 
11 8 3 3 
8 3 6 
6 1 4 
5 2 1 3 
5 7 3 
4 9 1 
3 4 4 
3 4 
2 4 
1 1 4 
4 3 2 
5 5 3 
1 4 7 2 
2 4 4 4 4 
1 4 4 5 4 3 
2 5 6 6 4 6 
2 5 5 4 8 9 
2 5 5 4 6 2 3 3 
2 4 5 11 3 1 2 
3 4 5 4 5 2 2 2 
3 3 3 4 5 3 5 
3 4 4 4 4 4 4 
2 8 3 4 11 4 
2 2 4 3 1 2 10 
1 2 4 2 1 1 9 
2 1 1 2 1 2 
2 1 1 6 2 1 1 12 
3 3 2 1 8 2 1 1 17 
3 1 1 4 2 1 1 11 2 
1 1 1 2 6 2 1 1 10 
1 1 2 1 4 3 1 1 7 
3 1 2 1 2 3 1 2 8 
2 5 1 2 4 2 2 11 2 
4 4 5 3 5 5 4 
12 5 9 5 15 
