#8.174 
#nonogram 349

18 
18 
18 
2 1 1 4 3 
2 1 1 4 2 1 
14 6 
2 1 1 4 6 1 
2 1 1 8 11 
18 12 2 
12 2 1 
15 5 
17 5 1 
3 19 9 
1 2 32 
1 13 22 
2 10 20 
1 9 18 3 
7 17 5 1 
16 10 
1 3 3 27 
1 3 3 22 
1 18 1 
1 3 17 1 
1 3 18 3 2 
1 17 7 
4 17 8 
8 7 3 4 
2 5 5 4 2 
3 3 1 2 7 
4 1 1 2 2 8 3 
5 3 7 2 
17 2 
8 7 3 2 
2 5 2 1 
2 3 1 4 2 1 
7 3 3 2 1 
3 2 5 2 1 
5 1 4 2 1 1 
4 6 3 3 1 
2 1 4 10 1 
1 3 2 1 12 1 
2 1 2 1 17 1 
1 2 1 13 1 
1 1 5 1 
1 3 2 1 
1 1 1 1 9 3 
1 3 3 11 1 
1 1 5 24 1 
1 32 1 
2 11 10 2 1 
3 11 2 3 
16 1 1 
14 4 
12 2 
9 
/
11 
4 2 4 
1 2 1 4 
9 2 1 2 3 4 
9 2 2 1 2 2 2 4 
3 1 1 4 2 3 3 5 
3 1 1 4 5 6 
9 4 5 6 
3 1 1 4 7 1 1 7 
3 1 1 4 1 2 1 1 7 
9 3 2 2 1 4 1 1 8 
3 1 1 4 2 2 1 5 2 1 1 8 
3 1 1 4 2 2 5 7 7 
9 4 7 4 7 
9 4 2 3 10 6 
9 3 2 3 12 4 
9 4 2 4 1 2 5 3 
3 2 3 5 2 2 3 
3 2 3 3 10 1 1 4 
3 2 3 6 7 3 1 3 
3 2 19 5 2 
16 1 7 1 2 
17 7 1 2 
18 5 1 2 
24 1 4 
24 1 4 
19 1 1 4 
19 2 2 5 
19 1 2 2 5 
18 1 4 3 5 
18 1 2 2 3 4 
17 1 2 5 4 
5 11 1 1 5 4 
4 11 1 1 4 4 
4 5 4 2 4 4 
4 4 4 1 4 3 
4 5 4 1 5 4 
4 4 4 4 5 2 3 
4 5 4 6 6 2 2 
5 4 4 7 6 3 2 
5 5 4 3 4 5 2 4 
1 1 1 6 3 4 2 2 1 
5 5 4 4 2 6 
1 1 1 1 2 5 14 
5 4 6 
