#8.178 
#nonogram 1550

6 13 
11 10 
3 15 6 
3 17 3 5 
3 19 3 4 
4 21 2 3 
3 21 2 2 
2 24 3 2 
1 1 1 24 2 1 
3 26 2 1 
30 2 1 
24 6 1 
3 20 3 2 
1 5 2 10 4 
5 15 3 
2 2 1 18 3 
3 3 4 14 2 
1 2 4 2 11 2 
2 2 2 2 2 11 2 
3 2 1 1 5 3 
3 3 2 5 2 2 
1 6 2 3 11 2 3 1 
3 7 17 1 2 4 1 
1 29 2 13 
23 8 7 5 
22 3 6 4 
14 3 5 10 4 
1 11 8 11 3 
2 7 5 2 10 2 
6 6 3 4 1 10 3 
2 9 2 1 3 1 2 4 4 3 
2 11 2 1 1 2 1 4 2 3 
12 2 1 2 8 1 2 1 
2 10 4 2 2 8 2 1 
1 3 4 1 5 2 1 1 6 4 1 
3 2 3 8 3 1 14 1 
3 2 3 3 2 2 1 14 2 
3 2 6 2 2 2 1 14 2 
2 3 3 3 2 2 13 3 
3 1 1 7 2 2 1 11 3 
2 1 2 6 2 2 5 9 3 
3 4 10 17 4 
2 6 11 16 4 
3 2 11 15 5 
2 3 27 6 
2 22 3 6 
20 2 7 
20 2 8 
18 2 9 
17 11 
2 10 2 13 
10 16 
12 15 
10 16 
6 17 
/
3 1 1 
2 2 2 1 
5 4 2 2 
2 5 2 2 4 
4 5 1 2 5 
11 7 
7 5 4 
13 4 5 
19 1 4 
2 14 1 3 
3 13 2 2 
3 20 
3 3 1 16 3 
5 4 14 2 5 
4 1 6 3 1 6 
5 3 6 2 
3 2 2 5 2 1 3 
3 7 1 5 3 5 4 
3 5 2 5 10 1 2 
3 7 2 6 2 4 4 
2 6 1 7 1 1 3 1 7 
2 8 2 6 2 14 1 
1 10 2 1 4 2 4 13 
11 1 1 4 3 2 1 11 
11 1 1 4 4 11 
11 2 4 6 11 
12 2 5 6 2 13 
12 2 6 4 4 15 
15 9 2 1 1 12 
17 1 7 1 13 
19 4 2 12 
19 5 3 11 
19 4 1 7 11 
19 1 2 6 14 
19 3 3 10 4 
18 5 11 2 
10 8 8 12 2 
10 7 5 3 2 10 1 
10 6 4 2 4 10 1 
10 1 5 2 3 9 8 1 2 
9 2 2 2 3 17 4 
8 1 1 19 1 4 
1 5 1 2 17 2 5 
1 2 3 16 5 
1 3 3 13 6 
2 1 4 1 11 6 
2 2 1 2 1 10 7 
2 2 1 9 8 
2 2 1 8 9 
3 3 2 1 6 11 
4 3 1 4 2 5 12 
5 4 3 8 3 3 14 
6 25 17 
8 8 8 19 
11 7 22 
