#8.177 
#nonogram 1500

33 
32 
32 4 
31 6 
30 2 3 
30 1 2 
15 6 1 2 
10 5 1 
8 4 3 3 
6 3 2 
5 3 2 
4 2 2 2 
3 7 3 2 1 
2 5 6 2 2 
2 4 3 2 2 
1 2 5 3 1 2 
1 6 6 2 2 
3 1 1 2 3 
2 2 3 5 1 
10 2 8 5 1 
5 2 9 4 1 
2 3 2 9 3 1 1 
2 5 3 4 2 3 1 1 
1 7 3 4 2 5 4 
5 2 4 4 2 4 3 
2 4 5 2 4 3 
2 4 1 5 2 2 1 3 
2 5 1 2 1 1 2 1 3 
2 5 2 2 1 3 1 3 
6 2 2 4 1 3 
2 2 2 1 4 
1 2 1 3 
4 1 3 
2 1 3 
1 3 
5 1 3 
8 1 3 
10 1 3 1 
11 4 1 
12 4 2 
31 2 
32 3 
32 3 
20 4 
25 4 
30 5 
32 5 
6 19 6 
22 6 
20 1 7 
1 9 8 1 7 
1 7 6 1 8 
2 4 6 1 8 
2 6 10 
3 5 1 9 
4 4 2 9 
6 4 3 9 
8 3 5 9 
10 2 7 9 
13 10 9 
/
17 3 2 10 
15 2 1 2 2 8 
13 2 1 2 2 3 6 
12 1 2 3 3 3 2 5 
11 2 2 2 2 1 3 3 2 4 
10 3 2 1 2 2 3 3 3 4 
9 2 1 2 3 2 2 3 2 3 3 
9 2 1 1 2 3 2 3 3 3 3 
8 1 1 1 2 2 3 3 3 3 2 
8 2 1 1 2 3 3 3 3 4 2 
7 2 2 1 1 2 3 3 3 3 3 1 
7 1 1 1 2 3 2 2 3 3 3 3 1 
7 1 1 1 2 3 2 3 3 3 7 1 
7 1 2 2 1 3 2 3 3 11 
7 2 4 5 2 13 2 
6 2 2 4 2 13 5 
6 1 3 3 3 13 6 
6 4 2 3 13 5 
6 6 1 3 18 
6 3 6 17 
6 2 7 16 1 
6 2 7 16 1 
7 1 6 4 14 1 
7 2 4 2 2 13 2 
7 1 3 2 3 12 2 
7 2 3 2 3 12 3 
7 1 4 6 4 10 3 
7 1 3 7 3 9 4 
6 2 2 4 3 9 5 
6 1 1 3 9 6 
4 1 3 28 
3 4 3 9 7 
1 2 2 6 10 9 
2 1 5 11 11 
2 1 4 11 13 
2 4 11 15 
3 1 3 9 17 
7 2 4 19 
3 4 11 21 
6 23 
