#8.171 
#nonogram 1706

36 6 5 
35 3 3 5 
35 1 6 4 
23 6 3 2 10 4 
23 4 2 1 3 7 1 
23 1 3 1 1 1 2 2 4 1 
23 2 1 2 1 2 2 1 2 
3 14 3 3 2 2 1 2 
1 4 3 4 4 3 2 3 2 1 
8 2 1 8 5 4 4 1 
4 2 6 2 7 2 8 1 
2 2 5 4 7 3 3 4 1 
3 4 2 11 1 3 4 2 
2 3 3 11 4 5 2 
2 2 3 10 1 3 1 1 
2 1 3 4 4 2 1 2 2 
2 3 3 3 4 2 3 1 
2 2 3 4 4 3 4 1 
3 1 3 3 5 9 3 
3 2 3 4 2 3 
2 6 3 2 3 
1 1 1 1 5 1 1 1 1 3 
3 2 3 1 1 2 2 2 1 3 
2 1 2 2 2 4 6 3 2 3 
3 2 1 2 1 2 1 4 1 7 2 3 
1 1 4 1 3 1 2 1 1 3 4 2 3 
2 1 2 6 2 1 2 2 9 4 
1 1 1 7 1 7 1 3 3 4 
3 1 5 3 4 2 2 2 2 
4 3 4 5 1 2 3 1 
3 2 1 4 4 2 1 2 1 
1 3 1 2 5 5 3 1 2 2 
2 2 4 6 4 6 6 3 
2 3 1 2 10 7 2 
3 2 2 8 1 2 2 
3 4 3 1 4 3 2 6 1 
4 5 5 1 8 2 10 1 
5 4 18 5 5 4 
6 1 2 3 5 5 2 4 3 
7 1 2 1 3 3 1 3 1 3 
7 2 2 2 2 2 1 1 1 3 2 3 1 
8 2 2 1 5 1 1 3 5 1 
8 4 4 1 7 2 2 4 3 3 
9 9 2 12 2 5 6 
10 5 18 6 6 
/
9 5 3 14 
8 9 6 3 13 
8 4 3 3 6 11 
7 2 5 1 5 9 
7 3 3 2 5 8 
7 2 5 4 7 
7 2 3 1 4 3 6 
7 2 1 4 3 3 4 
7 1 4 1 5 2 
8 2 3 2 2 3 1 
8 2 2 1 2 2 3 
9 3 4 2 2 
9 2 2 2 2 1 3 
9 2 2 1 2 1 2 2 
8 2 5 4 4 2 
8 2 1 4 2 2 1 2 
8 3 8 2 3 
8 2 6 3 2 
9 2 2 4 3 3 
9 2 1 3 3 1 
10 7 2 2 4 1 
9 10 4 6 1 3 
8 12 8 3 2 
3 6 1 3 10 5 1 
4 5 4 5 3 9 4 2 
5 4 11 3 1 5 3 3 
6 3 11 2 4 4 2 4 
7 2 7 2 7 2 2 5 
6 2 4 4 8 3 5 
4 4 3 5 6 4 4 
3 7 1 6 3 5 5 4 
4 7 6 3 2 6 3 
5 2 3 1 3 1 3 2 
6 2 2 1 2 2 3 
3 2 2 2 2 2 5 
1 7 3 2 2 1 2 
3 4 2 2 2 6 1 
2 7 3 2 3 2 
2 1 2 3 5 2 2 
1 4 2 2 4 2 4 1 
1 7 1 1 1 1 2 2 3 1 
1 3 3 2 2 1 2 2 1 7 
4 2 2 1 1 2 2 8 
3 2 1 1 2 2 1 4 3 
4 2 1 1 1 2 2 3 1 
3 2 1 1 1 2 2 3 2 
3 2 1 2 1 3 2 
4 2 2 2 1 2 3 
2 1 3 2 2 2 2 
2 2 4 6 2 1 1 2 
2 3 3 2 7 2 2 2 2 
4 1 3 1 2 2 2 2 2 
4 2 2 10 4 5 3 
4 2 4 11 4 3 3 
6 7 15 7 5 
