#8.173 
#nonogram 1360

2 2 
4 1 2 2 
1 1 2 7 
4 1 2 2 
1 5 3 
1 2 3 7 
1 1 3 3 1 3 
2 2 3 2 5 
1 1 1 2 3 2 
1 1 1 3 2 6 4 
4 1 1 3 1 1 1 2 
2 2 3 1 2 5 1 
4 1 1 5 3 3 
2 2 1 1 7 6 2 
1 1 2 2 7 8 2 
3 3 4 6 7 2 
6 2 7 1 7 1 
10 2 7 1 1 5 2 
7 4 2 9 1 3 7 
6 4 2 10 10 
3 2 1 5 3 7 
2 1 3 4 6 
1 4 4 10 
2 3 5 10 
5 2 7 7 
7 6 3 4 
6 7 2 2 
6 8 2 2 
6 8 1 
4 9 4 
1 10 1 4 
2 11 4 3 
1 13 7 2 
2 14 11 2 
1 14 11 1 1 
1 15 15 1 
3 14 18 
2 14 17 
3 13 15 
14 13 
11 11 
7 11 
6 9 
5 7 
10 
/
4 
4 6 
16 
7 7 3 
6 6 2 
5 5 2 
4 1 1 
2 2 
1 2 
2 1 
2 1 2 
1 2 2 3 1 
3 2 3 8 
3 2 1 1 3 9 
4 1 1 1 9 
4 1 11 
8 4 13 
1 1 4 2 17 
4 2 4 22 
1 2 25 
5 3 22 
1 1 5 21 
2 1 2 7 18 2 
1 1 3 1 8 1 14 2 
1 2 2 1 9 2 12 1 
2 4 10 1 6 2 
3 12 2 2 
6 6 3 2 4 1 
3 2 1 3 7 1 8 1 
3 3 3 1 1 4 10 1 
1 3 4 1 2 4 12 
2 5 1 2 2 3 13 
1 2 1 1 1 4 7 13 
2 2 1 2 4 7 13 
7 1 5 7 13 
1 2 2 13 13 
1 1 1 18 13 
2 1 13 17 
1 4 5 1 1 9 
1 1 2 2 1 5 
4 3 2 5 
1 7 2 4 
5 3 3 
3 2 
4 
