#8.170 
#nonogram 2146

8 
4 4 
3 3 
3 6 3 
3 11 2 
2 19 
2 21 
2 23 
1 14 8 
2 14 8 
1 14 7 
2 14 7 
1 13 6 
2 13 6 
1 12 5 
1 12 6 
2 12 5 
1 12 5 
1 11 4 
1 11 4 
1 19 7 
1 19 7 
1 17 7 
2 17 8 
1 15 8 
1 15 7 
2 13 8 
1 11 7 
2 9 8 
1 7 8 
2 5 9 
2 3 9 
3 10 
4 10 
5 10 
8 12 
22 
18 
14 
10 
/
8 
4 4 
3 3 
3 2 3 
3 4 3 
2 6 3 
2 7 3 
2 12 3 
1 16 3 
2 19 3 
1 21 3 
2 23 3 
1 24 3 
2 25 4 
1 25 4 
1 25 4 
2 24 4 
1 24 4 
1 14 7 4 
1 13 6 4 
1 11 4 4 
1 10 2 5 
1 9 5 
2 8 5 
1 7 6 
1 5 6 
2 4 7 
1 4 7 
2 4 8 
1 5 8 
1 6 9 
8 10 
9 13 
9 15 
10 14 
11 13 
22 
18 
14 
10 
