#8.183 
#nonogram 2046

56 17 
55 18 
22 1 9 18 18 
20 2 8 17 19 
16 1 2 4 1 17 19 
14 1 1 2 2 1 17 19 
13 1 1 2 2 1 12 20 
12 1 1 4 2 1 4 4 20 
11 1 1 2 3 2 13 4 
10 1 1 2 2 1 3 2 9 4 
4 1 2 1 2 5 3 1 5 5 
2 5 1 2 2 3 3 2 5 7 
1 8 1 1 3 5 1 2 2 11 
1 9 1 1 2 5 2 1 2 1 16 
10 1 1 2 2 1 1 1 2 5 16 
10 1 2 2 2 2 2 10 8 
11 2 1 3 5 2 6 4 5 
10 1 3 3 6 2 3 12 3 
10 1 3 2 1 2 3 9 2 
10 2 1 2 3 3 4 6 1 1 
8 1 6 2 5 5 2 2 
8 2 2 6 2 3 3 
7 3 8 
6 4 8 
5 5 4 2 7 2 3 3 
4 16 3 2 4 2 2 
4 18 3 3 6 1 1 
4 22 3 4 9 2 
3 23 8 3 11 3 
28 4 5 3 18 
28 1 1 3 19 
2 24 3 1 3 6 
2 22 4 3 3 5 11 
26 4 9 15 
23 16 17 
19 8 2 5 6 
18 10 2 3 2 
17 10 2 3 1 1 
16 9 2 6 1 
16 9 2 10 1 
15 9 18 1 
13 8 18 3 
10 7 17 5 
9 7 16 3 2 
7 6 15 6 1 
13 15 3 2 
6 16 5 
17 3 
17 1 
17 1 
/
14 7 
12 10 
11 16 
11 19 
10 22 
10 22 
10 14 2 
10 11 6 
10 9 11 
11 8 14 
9 4 16 
8 15 
7 14 
6 14 
5 15 
5 16 
4 7 16 
11 3 17 
4 5 18 
4 7 2 19 
3 20 
3 5 22 
2 2 7 22 
6 3 3 22 
2 2 2 2 21 
2 2 1 5 2 20 
5 1 7 1 20 
6 1 3 3 20 
8 3 5 17 1 
5 1 5 7 3 1 
4 1 3 2 2 3 
5 3 10 
4 1 3 11 
4 3 5 11 
3 5 2 1 2 10 
2 2 3 2 2 11 
2 2 1 2 1 1 11 
11 2 1 2 11 
6 1 1 14 
6 1 1 2 9 
6 8 1 2 2 1 
7 5 1 1 3 1 
7 3 1 1 3 1 
8 3 1 
8 3 2 
8 2 4 
8 3 6 
7 6 4 2 
7 6 2 2 3 
8 4 2 2 7 
14 2 3 2 10 
10 2 4 3 2 10 
8 1 6 3 2 10 
6 2 2 4 4 2 10 
3 3 2 10 2 10 
1 5 2 6 2 10 
8 2 6 2 10 
10 2 5 3 11 
10 2 4 3 1 11 
10 2 2 4 3 2 11 
10 2 2 2 4 3 11 
10 3 3 2 5 3 11 
10 3 4 5 3 11 
9 3 4 6 3 11 
9 4 5 7 3 6 5 
9 4 5 7 3 5 1 4 
9 4 4 6 3 4 1 3 
9 4 2 1 1 4 3 1 1 
8 5 2 2 2 4 3 2 1 
8 4 1 3 3 3 7 3 
8 5 1 2 6 5 
15 1 2 5 3 3 
15 2 3 3 3 4 6 4 
15 3 2 2 4 5 3 3 
15 3 1 1 4 6 5 
