#8.182 
#nonogram 361

10 
3 3 
2 2 
1 2 
2 2 
1 1 
1 2 
1 1 
1 2 
2 1 
1 1 
1 1 
1 1 1 1 1 
1 1 1 1 1 1 1 3 
1 1 1 1 1 1 1 1 9 
1 1 1 1 1 1 1 1 1 6 6 
1 1 1 1 1 1 1 1 1 7 5 
1 1 1 1 1 1 1 1 3 5 
1 1 1 1 1 1 1 1 1 4 2 
1 1 1 1 1 1 1 1 1 1 29 
1 1 1 1 1 1 1 1 1 4 2 
1 1 1 1 1 1 1 1 1 3 3 
1 1 1 1 1 1 1 1 3 3 
1 1 1 1 1 11 3 
1 1 1 1 14 3 
1 1 1 17 3 
1 1 19 4 
22 3 
21 3 
26 
25 
24 
22 
22 
20 
19 
3 13 
3 11 
3 9 
9 
/
1 1 1 
1 1 1 1 1 
1 1 1 1 1 1 
1 1 1 1 1 1 1 
1 1 1 1 1 1 1 
1 1 1 1 1 1 2 4 
1 1 1 1 1 1 1 9 
1 1 1 1 1 1 1 11 
6 1 1 1 1 1 1 13 
3 2 1 1 1 1 1 1 15 
2 1 1 1 1 1 1 13 2 
1 1 1 1 1 1 15 2 
2 1 1 1 1 1 15 1 
1 1 1 1 1 1 18 
1 1 1 1 1 1 17 
1 1 1 1 1 18 
1 1 1 1 1 1 17 
1 1 1 1 1 18 
1 1 1 1 19 
1 3 20 
1 6 16 
2 1 3 15 
1 1 3 14 
2 1 1 12 
2 1 1 11 
2 2 1 9 
3 1 1 7 
3 2 1 3 
8 1 3 
3 1 2 
3 1 1 
1 1 2 
1 1 1 
1 1 2 
1 1 1 
2 1 2 
1 1 1 
1 1 1 
1 1 2 
1 1 1 
2 1 2 
1 1 1 
1 1 2 
1 1 1 
2 1 2 
1 1 1 
1 1 2 
1 1 1 
5 
1 1 
