#8.186 
#nonogram 1147

1 2 5 2 
5 8 14 
1 11 1 4 1 8 1 
1 2 4 6 1 4 1 
2 2 3 1 3 2 1 1 
2 1 3 4 1 1 1 
4 2 2 2 1 6 2 1 2 
6 2 8 6 1 2 
5 2 3 9 11 3 1 
5 2 1 3 2 2 21 
7 1 5 1 1 13 3 2 
4 1 1 1 4 1 13 1 4 
8 2 4 2 1 1 13 1 3 
3 5 4 9 2 12 1 2 
2 3 4 1 8 12 1 
4 2 3 1 1 1 7 12 4 
3 2 7 2 9 19 
7 2 16 5 1 
12 2 12 8 1 
11 2 6 4 5 1 
20 5 1 1 1 
29 3 1 
27 1 1 1 
7 17 3 1 
1 8 1 13 1 2 1 1 1 1 
10 2 9 1 2 1 3 1 3 
10 2 1 7 11 1 1 
12 2 3 1 1 8 2 2 
12 1 1 1 3 4 3 
13 2 2 1 3 11 4 
7 5 2 2 3 10 3 1 
8 6 1 1 4 1 8 2 
1 14 2 7 2 5 2 
1 14 2 5 4 1 4 
3 6 15 4 1 2 
9 2 2 4 7 1 1 
9 1 1 1 12 3 1 1 
12 2 20 2 2 
28 8 3 
11 4 1 2 2 3 1 1 1 1 
7 2 1 2 2 1 3 4 
6 1 2 2 1 1 1 2 
9 3 1 
10 1 1 
2 
/
10 
12 6 
4 9 8 
4 2 15 2 
4 1 17 2 
3 1 1 17 3 
3 1 1 17 3 
4 2 2 20 
2 1 1 1 21 
2 1 2 1 5 6 8 
1 2 1 19 8 
1 1 13 4 13 
2 1 3 3 6 13 
2 3 1 1 1 1 1 4 2 5 5 
3 1 1 1 2 1 2 5 2 5 4 
4 8 1 6 2 4 5 
1 1 8 1 1 6 1 4 5 
2 1 4 3 7 1 4 5 
2 1 2 3 6 2 3 4 
2 2 7 1 1 2 6 
4 1 1 3 6 1 2 3 1 
2 3 1 1 4 7 1 4 1 1 
2 6 8 7 2 2 4 1 
1 1 3 3 4 7 3 2 4 1 
2 3 7 6 2 4 4 1 
1 1 3 7 7 4 3 1 
3 2 6 5 5 2 2 
4 3 6 3 4 3 1 1 
2 1 2 6 2 6 4 1 
6 4 2 6 4 1 
4 1 1 1 3 1 3 7 2 
1 3 2 2 4 4 11 1 
1 2 5 1 2 2 7 1 1 
3 3 3 5 3 2 7 1 
1 4 6 4 3 5 1 
3 12 1 2 3 4 1 1 
4 10 1 3 3 2 3 1 
2 10 2 2 4 5 1 
5 9 1 3 4 4 1 
7 9 1 4 5 2 1 1 
4 1 9 5 2 8 4 1 
6 9 1 1 2 6 3 1 
3 9 3 5 1 5 1 
1 4 11 2 3 1 2 
3 6 1 4 6 
1 5 1 
4 1 1 
4 1 1 1 1 
1 1 1 1 2 2 
4 1 2 1 8 
4 1 1 1 2 1 
1 4 1 1 3 4 
2 1 3 1 13 
9 
4 
