#8.180 
#nonogram 1395

6 
4 5 4 
11 4 4 
22 6 
13 3 3 1 4 
4 4 6 14 
3 5 1 4 3 10 
6 5 2 2 5 5 
7 2 2 3 3 4 2 
2 7 3 5 4 2 1 1 
1 14 2 1 4 3 3 2 
5 8 2 5 2 1 1 
6 6 1 2 7 5 1 
8 2 1 2 2 2 3 3 
11 1 5 2 2 2 
1 3 5 5 1 3 2 2 
3 2 4 2 5 1 8 2 
1 8 2 2 3 2 1 6 2 3 2 
2 8 1 1 3 1 2 10 3 3 
11 1 2 5 24 
11 2 1 4 1 5 4 3 2 
12 1 1 6 5 3 
3 5 1 3 7 4 4 
1 3 3 1 3 8 5 3 1 
6 2 2 3 14 5 2 
9 1 2 4 14 3 4 
12 1 4 7 6 4 5 
3 7 6 3 4 7 
2 2 6 3 3 4 4 9 
1 10 2 4 4 3 4 5 
1 11 2 4 3 2 2 2 
1 11 2 4 6 3 3 1 
1 12 3 5 5 6 
3 2 3 2 1 4 3 1 5 
2 2 3 3 3 5 2 2 3 
2 7 3 2 1 6 2 2 
1 10 1 6 2 3 
1 14 6 2 2 
6 7 1 4 2 1 
5 6 3 3 3 
12 2 1 3 3 
5 6 3 1 2 2 
4 6 3 2 2 2 
2 1 6 5 2 2 3 
1 1 6 6 2 1 2 
1 2 4 6 3 1 1 
2 4 7 3 2 1 
2 4 11 1 2 
3 5 9 1 1 
3 1 3 10 1 
3 2 11 1 
3 3 15 
11 8 
4 8 2 5 
4 5 2 2 5 
/
1 3 7 
2 2 3 4 4 5 
2 3 3 2 5 3 6 6 
1 3 2 13 3 6 8 1 
1 2 17 3 5 9 2 
4 10 5 5 16 4 
14 6 11 7 6 1 
4 8 6 10 7 8 1 
4 3 2 6 9 5 5 2 
5 3 2 6 8 4 11 2 
4 1 4 3 7 7 3 10 3 
4 1 3 4 14 18 
4 3 4 5 3 6 17 1 
4 3 7 4 5 2 3 
1 2 2 3 7 2 3 4 4 
1 2 2 5 4 5 4 15 
1 1 2 4 3 6 18 
2 1 1 3 4 16 2 13 
2 1 1 1 5 3 6 3 2 11 
4 2 2 17 2 2 11 
5 1 9 9 1 2 9 
3 3 1 4 5 3 5 
3 1 1 1 1 3 7 10 
1 2 3 1 3 1 4 3 10 
1 2 3 3 2 6 2 4 1 
1 4 2 2 2 8 2 4 
7 2 5 10 1 4 
4 2 3 6 12 5 
2 4 1 2 1 4 6 2 4 
5 5 4 5 5 3 
1 2 2 5 3 5 12 1 
3 2 5 3 5 7 2 2 
2 2 4 3 8 
2 3 1 6 6 2 3 
2 11 5 2 5 
1 7 2 4 2 5 
2 3 5 3 2 4 
2 2 3 2 3 3 3 
1 1 2 3 2 2 2 4 
1 1 1 1 2 2 2 3 1 1 
1 2 2 1 2 2 1 2 
1 2 3 2 2 2 1 
1 1 2 2 2 1 3 2 1 
4 5 3 1 2 3 
5 2 1 2 2 2 
3 1 1 1 3 3 4 
1 2 2 4 8 
2 3 2 2 5 
3 1 3 7 
3 2 9 
