#8.184 
#nonogram 2425

24 
27 
4 17 9 
3 18 2 7 
2 20 5 1 3 
2 20 1 4 1 3 
5 3 12 3 1 2 1 2 
4 2 10 2 3 1 1 1 2 
3 1 3 1 6 2 2 1 1 1 1 1 
3 4 2 9 1 
6 4 4 1 4 
3 2 8 2 2 3 
1 1 7 
4 3 
5 2 
7 4 
7 7 2 
8 4 2 2 3 
9 2 2 2 2 1 2 
10 3 3 3 2 2 3 
11 2 2 3 2 2 2 1 
17 3 3 3 2 3 
17 2 3 3 2 2 2 
16 5 3 8 
14 2 10 
5 18 2 18 
6 2 2 2 5 2 15 
2 2 1 1 2 6 6 9 
1 1 2 7 7 4 5 6 
1 1 8 5 4 1 7 2 
1 1 2 2 1 2 3 1 1 8 
2 2 1 1 1 2 3 1 1 13 
6 2 8 2 4 1 1 9 
6 11 3 4 7 
12 1 1 1 4 5 
12 1 1 1 3 4 4 
17 1 2 4 5 1 
16 1 4 10 
12 2 2 9 4 
19 4 17 
11 1 2 3 19 
12 3 3 2 10 
12 3 1 3 
16 1 3 1 
15 1 3 1 
11 4 2 2 
9 1 3 2 1 
10 1 2 2 2 
10 3 2 3 2 
10 8 1 
/
9 
3 6 
3 6 
3 1 1 7 
4 7 
5 5 9 
7 2 1 1 6 
2 5 4 3 8 
1 7 7 11 1 
1 3 3 5 1 10 2 
2 1 4 5 3 10 3 
3 2 1 29 
7 1 6 2 2 15 
6 1 1 6 2 2 14 
3 5 2 8 2 2 14 
4 1 12 2 2 2 11 
7 1 10 1 11 11 
6 2 10 3 2 2 11 
8 1 10 2 2 2 8 
8 1 9 1 2 2 7 
8 1 8 2 4 3 7 
9 1 7 6 2 2 1 4 
9 1 7 5 4 1 1 2 
9 1 5 5 1 1 2 
8 2 1 1 5 2 2 
8 1 4 3 1 2 
7 1 5 1 1 2 
6 2 1 1 5 3 
5 2 1 1 7 4 
4 2 4 2 8 3 
8 8 3 4 2 
5 1 1 1 4 3 3 12 
3 1 1 2 1 5 1 1 2 2 
2 2 1 3 4 2 1 3 2 2 2 1 
2 3 1 1 2 6 2 2 2 2 2 1 
4 5 1 2 5 5 2 2 2 1 
3 2 1 1 1 3 2 9 3 1 2 
4 4 1 4 1 2 8 3 1 1 
7 1 1 6 1 2 8 3 1 
5 3 1 1 5 2 6 3 2 
7 1 2 3 3 2 6 5 3 
4 1 2 1 6 1 3 5 5 2 1 
4 2 3 5 3 4 5 1 2 
4 2 1 2 2 3 3 6 2 2 
2 5 5 4 2 6 1 2 
1 2 2 4 1 2 3 2 
1 2 2 4 1 7 2 
2 2 1 4 1 8 1 2 
1 1 2 5 1 1 6 2 
1 2 1 5 10 2 
