#8.187 
#nonogram 1353

5 
4 11 
3 20 
5 6 8 1 
2 8 4 
1 1 8 3 
1 1 9 4 
1 1 12 5 
4 9 3 6 
4 1 3 4 3 
6 2 2 1 
2 4 
1 1 1 3 
1 5 4 
3 1 2 2 1 2 
4 11 3 
1 3 1 1 2 2 1 
5 2 1 1 4 
3 6 2 1 
1 8 2 
2 2 1 1 1 4 
3 1 1 2 2 3 1 
3 1 5 1 2 2 
4 1 3 1 5 2 3 
5 1 22 
5 2 1 1 6 2 6 
10 2 2 1 2 2 3 
10 5 3 1 5 
1 3 1 2 1 1 1 1 1 3 1 
5 6 1 1 3 
3 1 1 1 1 1 2 1 1 1 
4 1 1 1 1 2 1 2 
1 2 1 1 1 1 1 5 2 1 2 
3 1 2 4 2 1 2 
2 1 2 9 1 1 
1 7 1 1 
5 6 6 2 1 2 
2 1 1 3 3 9 1 1 
2 1 5 1 1 8 2 1 
2 1 1 3 1 2 7 2 1 1 
2 1 3 1 1 1 9 1 2 
4 7 3 1 4 1 3 
6 6 1 2 3 
4 3 15 3 
5 2 2 
/
5 8 12 5 
3 1 2 2 8 3 2 7 
2 1 2 6 13 1 3 
2 1 3 2 8 2 2 1 3 
1 1 1 6 7 1 2 
1 1 2 2 1 1 3 
6 2 2 1 3 
8 2 2 2 1 
9 3 3 1 1 
10 5 5 6 
10 5 8 
8 1 1 10 
1 5 1 1 6 1 3 
1 4 1 1 3 2 1 7 1 
2 3 1 3 1 2 1 1 2 2 1 
4 1 1 1 1 1 4 1 1 2 2 1 
5 2 3 3 1 1 2 1 2 1 
6 1 6 3 1 1 3 5 
4 1 2 1 1 2 4 8 1 
3 2 1 6 7 7 1 
3 2 1 6 1 2 1 9 1 
4 2 1 2 1 2 8 9 1 
3 2 1 4 6 1 8 1 
3 3 1 1 2 3 1 1 5 1 
3 2 1 7 2 1 5 1 
3 3 1 2 2 3 2 2 2 5 1 
3 3 4 1 2 3 1 1 1 
3 1 1 2 2 1 1 1 
2 1 4 2 2 2 1 
1 1 1 8 2 2 4 
1 1 3 2 5 3 3 
1 3 7 2 3 
3 6 2 2 3 
9 4 5 
5 3 
