#8.181 
#nonogram 2302

1 
1 
8 2 
12 2 
3 5 1 1 6 2 
2 3 4 1 1 1 5 2 
1 5 4 1 2 1 1 1 4 3 
4 1 4 4 1 1 2 1 1 5 3 
4 1 3 4 1 3 4 1 3 3 
2 2 2 3 5 3 4 5 3 
2 1 4 2 4 1 2 2 1 3 3 
2 1 5 2 4 2 3 3 4 
2 1 7 2 4 1 1 5 4 
2 1 1 5 4 3 3 3 4 2 
2 1 1 1 3 4 1 1 3 3 2 1 
2 1 1 2 1 1 1 1 1 1 2 3 1 2 
2 2 1 1 2 1 2 1 2 3 3 2 3 
1 2 3 1 1 4 3 1 4 1 1 1 2 1 
3 1 1 2 3 1 1 5 4 3 1 2 1 1 1 1 
5 3 2 3 1 1 7 1 3 2 1 1 1 2 1 
5 2 2 3 1 1 8 1 2 2 3 1 1 1 1 1 2 
2 3 3 2 3 1 1 9 1 1 4 3 2 1 1 
1 6 2 5 1 12 12 1 7 1 3 1 
7 2 2 5 1 13 1 3 2 7 
3 2 1 1 2 5 1 22 2 3 4 8 
2 1 4 1 2 5 1 21 2 4 14 
1 4 2 2 1 3 1 22 3 2 15 
2 8 2 1 3 1 21 2 3 3 8 
8 2 1 1 1 1 16 1 4 3 8 
7 2 1 1 1 1 16 4 1 4 7 
6 2 1 1 1 15 2 1 4 7 
5 2 2 2 1 13 2 3 4 6 
5 2 2 1 1 10 3 1 4 6 
4 2 2 1 2 10 2 2 4 5 
5 2 4 1 9 1 3 5 4 1 
5 2 4 1 10 1 2 2 5 1 2 1 
5 1 4 1 9 2 2 3 4 3 2 
4 1 3 1 8 1 2 3 2 4 5 3 
5 2 3 9 2 3 2 2 4 9 
5 2 3 12 4 2 3 4 9 
5 1 3 6 1 3 4 3 1 5 9 
1 5 1 2 8 1 6 2 3 5 9 
1 4 1 2 1 6 1 1 1 6 2 2 1 4 9 
1 3 1 1 4 3 2 7 3 2 5 10 
2 4 1 2 3 2 1 2 9 2 4 6 10 
2 3 2 3 3 1 9 1 2 8 10 
3 5 1 2 1 2 11 3 8 11 
3 4 2 5 3 12 3 1 5 11 
4 3 1 2 4 1 2 14 9 12 
5 3 1 3 6 1 3 16 5 13 
6 4 1 8 1 3 18 14 
7 4 1 1 1 1 1 3 21 16 
8 4 1 1 1 1 3 43 
10 6 1 5 45 
12 7 47 
/
10 14 
16 11 
5 15 9 
1 2 18 7 
1 2 1 6 13 6 
6 5 10 5 
12 2 5 4 
11 2 4 3 
2 2 3 7 2 
1 2 2 1 1 3 2 
1 1 2 3 2 1 
5 4 1 3 1 
2 2 2 
2 1 2 
5 
1 1 
2 2 
2 2 
1 3 
22 1 1 
30 5 
7 5 2 1 
5 21 3 2 3 
2 2 12 11 2 2 1 
1 3 13 9 1 1 3 
3 7 6 10 2 2 1 
4 16 3 7 
2 7 12 2 1 
2 4 19 6 4 2 1 
2 3 9 3 2 1 
2 4 17 2 5 2 
3 3 30 2 2 
2 2 26 1 4 3 
2 3 23 4 2 4 
2 2 25 2 5 
2 2 22 5 6 
2 1 19 2 2 7 
2 2 18 5 8 
9 16 4 9 
8 3 13 11 
7 2 4 10 12 
5 2 3 10 14 
4 2 3 2 10 16 
3 3 1 8 17 
3 4 2 7 19 
2 2 2 3 6 20 
3 2 6 14 
2 4 1 4 11 
3 1 1 1 4 7 9 
2 1 1 1 4 12 7 
3 3 1 4 3 1 1 1 4 6 
2 1 1 1 3 4 1 1 1 2 2 5 
3 4 1 1 4 1 6 2 4 4 
3 2 1 3 1 1 9 3 2 4 
5 2 1 3 2 3 4 2 3 
3 3 3 1 1 2 6 3 
5 3 4 1 3 3 2 3 
4 3 8 1 4 5 3 
5 2 1 2 2 4 6 3 
7 1 2 2 3 6 4 
8 2 5 1 9 4 
14 2 14 5 
6 1 3 18 6 
5 21 7 
3 2 18 9 
4 4 12 12 
8 1 2 19 
7 2 7 20 
8 3 13 19 
13 3 2 12 18 
7 2 3 14 18 
1 3 16 17 
3 13 18 
5 10 19 
9 21 
