#8.189 
#nonogram 1525

9 27 
5 2 24 
4 4 16 
3 7 7 
3 13 6 
1 3 23 6 
4 3 22 6 
1 6 2 10 6 
1 2 2 5 3 6 
1 3 4 5 2 6 
6 5 4 4 4 
9 4 4 4 4 
13 4 4 6 4 
15 4 3 5 3 
18 7 4 2 
20 4 3 2 
24 3 3 1 
25 1 1 3 1 
23 2 3 
22 3 2 
20 1 1 3 
20 2 3 
18 2 2 
16 2 3 
14 2 3 
12 1 3 
8 2 1 3 
6 3 3 3 
5 7 3 
3 9 3 
3 5 3 3 
2 4 3 3 
1 2 2 3 3 
3 1 2 3 
1 2 3 3 
2 2 1 2 
3 1 2 
7 2 
4 1 2 2 
3 1 4 2 
3 2 5 2 
6 6 
3 6 
2 5 
3 
/
5 
2 1 1 
5 1 1 
2 2 4 
2 1 1 4 
2 2 4 
1 3 4 
2 3 5 
2 1 1 4 
1 3 5 
1 2 6 
1 2 7 
1 1 1 6 
1 3 7 
1 2 7 
1 2 8 
1 2 8 
2 1 1 8 
2 2 9 
3 2 9 
4 2 10 
4 1 1 9 
4 2 10 
1 5 2 10 
1 5 2 11 
1 3 1 1 1 10 
2 3 1 2 11 
2 3 1 2 11 
2 4 1 2 11 
2 4 2 1 1 11 
2 4 1 2 11 
2 4 1 2 12 
2 3 2 2 13 
2 3 1 1 15 
3 3 2 2 16 4 
3 3 2 2 15 8 
3 3 1 2 10 2 7 
3 3 1 3 5 2 3 3 1 
3 2 2 1 3 6 3 1 3 
3 2 2 3 12 1 6 
3 2 1 6 8 2 3 
3 2 2 4 2 3 1 
3 2 2 3 3 5 
4 2 8 5 
10 3 6 6 
10 4 3 5 
13 6 4 
14 27 
16 21 
18 12 
