#8.188 
#nonogram 1466

2 1 1 1 
3 1 2 1 2 
2 2 1 1 2 
5 2 2 3 
6 1 2 3 
3 2 2 3 
4 1 1 3 4 
1 2 5 1 2 3 4 
2 2 2 1 5 4 
1 5 2 4 4 
2 4 5 2 6 4 
1 11 3 7 4 
11 2 4 5 1 4 
11 4 4 6 5 
10 5 5 6 5 
18 6 12 
19 6 11 
5 2 10 6 12 
4 12 20 
3 4 7 18 
2 5 7 16 1 
1 5 1 6 16 
1 4 1 5 17 
1 2 3 4 1 11 4 
1 1 1 4 1 9 1 2 
2 1 4 2 7 4 
2 1 4 1 1 4 1 
2 2 3 1 2 
1 2 3 4 
1 2 3 6 
1 1 2 4 
1 1 2 5 
1 1 1 2 2 
1 3 
1 2 
/
1 1 1 7 
2 1 1 2 5 
6 3 5 
8 6 6 
5 6 2 
3 7 2 
2 6 3 
1 8 3 4 
8 3 3 
7 11 
14 
11 1 
13 1 
7 4 1 
1 4 7 
5 9 
5 11 
1 18 
22 
17 
3 9 
4 1 
6 1 1 1 
6 1 3 2 
7 2 6 
8 9 
9 5 
2 9 3 
3 9 2 
3 9 
3 8 
2 9 
4 10 
27 
24 
20 
15 
14 
1 10 
1 10 
4 11 1 
19 5 
18 5 
15 1 
10 
