#8.195 
#nonogram 1474

5 2 
8 2 
2 4 2 
7 3 2 
2 2 2 3 2 1 
5 4 2 3 3 2 1 1 
8 10 5 5 5 1 
4 4 1 4 18 1 
1 2 2 1 2 1 2 4 12 1 
1 3 1 6 1 2 4 5 2 1 
2 2 1 1 5 2 4 3 2 1 
2 2 3 3 2 4 1 2 2 
3 11 2 6 2 2 
5 8 1 1 3 1 2 
4 4 3 2 4 2 2 
3 2 2 6 7 
2 1 2 8 3 3 
2 3 3 7 3 
2 4 6 2 2 2 3 
1 9 2 2 2 
2 5 3 1 2 
3 2 4 2 2 
5 6 4 1 2 
16 3 1 1 
6 6 3 2 1 
2 1 1 
2 2 2 
2 8 
2 9 
6 3 
/
7 
3 4 
6 2 
7 2 
2 3 2 
2 1 1 3 
3 5 
2 6 
3 1 2 
2 3 2 
2 2 3 2 
2 1 5 2 
2 3 3 2 
2 2 3 1 2 
1 2 2 2 2 
1 2 2 3 2 
1 5 3 2 
1 5 2 2 
10 2 2 
2 1 3 3 
2 4 2 2 
1 6 2 3 
2 1 5 3 3 
3 3 5 3 
2 4 3 3 
2 5 2 2 
2 1 3 2 2 
2 4 3 1 
3 4 5 3 1 
2 4 9 
3 1 3 3 6 
3 3 3 2 6 
6 3 1 6 
5 3 2 3 
5 2 2 1 
4 1 2 2 
4 1 2 3 
5 2 3 
5 3 3 
5 6 3 
12 4 2 
7 1 4 4 
8 4 6 
4 12 3 
1 21 
