#8.190 
#nonogram 1369

16 
14 
5 5 2 
6 7 6 
31 
26 
8 4 
22 5 
10 9 10 7 
19 11 5 2 
5 5 12 8 3 
2 3 11 1 7 2 2 
4 4 3 2 5 2 3 
2 5 7 11 3 2 
1 1 4 9 3 3 
2 1 1 3 7 2 2 
2 1 3 2 10 2 3 
2 2 2 4 3 2 3 
2 2 1 2 1 3 5 3 4 
2 2 2 2 2 2 11 3 
2 2 1 1 3 1 6 3 4 
6 1 1 1 3 2 3 4 4 
3 3 2 2 2 2 5 4 
2 3 3 4 2 2 4 2 4 
1 3 6 4 2 3 4 
2 3 2 1 1 3 1 2 5 
2 4 2 2 7 2 1 4 
1 8 1 4 4 4 
5 2 2 3 3 5 3 
4 5 5 2 6 3 
4 4 6 2 2 8 2 
4 3 2 2 2 2 2 2 4 2 
5 2 3 2 3 2 2 3 4 
3 3 4 2 2 3 2 2 1 2 4 
3 1 2 1 1 1 4 2 2 2 4 
2 1 2 2 2 2 1 3 8 2 
2 3 2 1 2 2 7 1 
1 5 3 1 2 5 1 
1 6 1 
1 
/
1 2 8 
1 1 1 2 7 
1 1 2 1 6 
1 2 3 2 1 6 
1 2 7 2 2 6 
1 2 3 4 3 2 4 
2 2 2 3 2 2 1 1 3 2 
2 3 3 2 1 1 1 1 3 3 
2 3 2 2 2 1 1 2 2 1 1 1 
3 3 1 1 2 1 1 1 2 2 1 
3 4 2 2 5 2 2 2 2 
3 6 3 8 2 2 
3 1 2 2 3 3 3 2 2 
4 1 6 1 1 1 5 
2 1 2 2 10 3 1 3 
2 1 2 1 3 1 3 3 3 
1 1 2 1 2 6 5 1 
1 1 2 1 1 5 1 3 3 2 
1 2 3 2 1 3 9 2 1 
2 1 2 2 1 1 2 1 2 3 3 
1 1 2 2 1 1 3 1 1 3 1 
1 1 2 1 3 3 2 1 4 1 
1 1 1 1 4 3 2 1 3 
3 2 1 6 5 2 1 1 
2 2 2 3 7 2 2 1 
2 2 2 3 3 3 1 1 
3 2 2 3 3 1 4 1 
3 1 2 3 2 1 3 1 
3 1 3 2 2 2 3 
3 1 3 2 2 2 1 
2 1 3 2 2 2 
2 1 2 3 2 6 
2 1 2 3 7 2 
2 5 1 4 2 2 
2 4 2 2 4 
2 4 2 2 3 
2 3 3 2 2 
2 3 2 2 3 
2 3 2 2 3 
5 2 2 4 
5 2 2 2 3 
5 2 2 1 1 2 
5 2 2 1 1 1 
4 2 2 6 2 1 2 
4 4 10 2 3 
4 4 13 1 4 
4 3 16 2 3 
3 3 7 6 2 3 
6 5 9 
1 8 4 3 
2 6 3 
1 4 4 
