#8.198 
#nonogram 1487

10 16 
13 1 11 
12 1 8 
11 1 6 
10 1 1 4 
10 5 4 
10 8 3 
10 9 1 1 
3 6 4 4 1 
3 5 5 3 1 
1 3 4 5 3 1 
1 8 5 4 7 
2 2 4 3 3 13 
2 7 3 13 
4 5 5 17 
6 5 4 20 
9 5 4 10 4 
5 5 4 3 1 6 2 
4 6 8 3 6 
4 4 2 7 7 
3 2 2 2 5 11 
3 1 2 2 1 5 13 
3 2 2 2 3 1 1 8 
3 2 2 1 1 2 5 
3 3 2 2 3 8 
3 7 3 3 1 8 
10 4 4 6 4 
8 1 1 1 5 4 6 3 
7 3 1 7 4 8 
7 3 2 3 4 4 10 
5 3 3 3 5 14 
5 4 6 5 8 3 1 
4 4 7 6 8 3 
4 4 6 7 13 
1 2 4 6 1 8 11 
3 9 2 20 
1 2 9 2 19 1 
1 2 7 2 2 16 2 
1 2 4 1 2 2 9 7 2 
1 1 2 2 1 1 3 1 9 3 3 
3 1 2 3 1 10 3 4 
3 3 4 9 2 4 
4 3 5 10 1 4 
4 1 4 5 11 3 
6 5 5 11 2 
7 5 5 5 1 5 
8 7 3 2 3 
8 1 3 2 3 3 6 
10 1 3 3 7 4 
14 4 3 4 
/
10 14 
16 10 
21 11 
1 8 9 8 
2 4 12 6 
6 2 16 7 
9 2 2 14 5 
6 3 4 2 5 5 4 
7 2 4 2 3 4 3 2 
9 1 5 3 10 3 
11 2 6 12 1 
14 3 3 15 2 
17 3 4 4 1 
18 2 8 4 1 
8 8 8 4 
5 9 13 4 
4 12 8 3 
3 4 6 11 4 
3 4 5 8 6 3 
2 3 5 5 5 3 
2 4 5 4 4 4 1 1 
1 4 5 3 4 3 1 1 
3 4 10 2 4 1 
3 7 15 1 3 2 
2 5 14 2 2 
7 3 12 2 2 
7 3 13 2 1 
5 5 5 12 4 
4 5 8 12 2 
1 3 6 8 12 2 
1 2 5 7 12 2 
1 6 1 6 12 2 
2 5 1 2 4 15 
1 5 2 3 8 7 2 
2 6 2 1 13 5 1 1 
3 5 3 15 4 1 
2 5 4 17 2 3 
5 5 13 9 2 3 
3 5 8 5 9 1 3 
5 6 8 4 6 2 4 
4 16 4 4 1 1 3 
6 15 2 4 3 2 1 
8 1 3 5 3 2 4 7 
7 1 2 2 2 1 3 7 1 
11 1 1 2 4 3 
