#8.199 
#nonogram 1517

1 2 
1 4 1 
5 2 
5 2 2 
8 3 2 
3 3 1 5 
2 2 2 4 
2 4 2 1 4 
3 4 2 2 5 
3 4 2 3 6 
2 1 3 3 2 2 4 
3 1 1 3 3 2 1 2 
3 1 2 4 3 1 2 3 
3 2 4 6 6 
3 1 1 4 1 3 3 2 
3 2 1 5 1 2 1 1 2 
3 2 7 1 2 2 1 2 
6 7 1 2 2 1 2 
6 6 5 3 1 2 
6 6 2 3 3 2 2 
14 2 6 1 2 
6 5 2 5 2 2 
4 3 1 3 7 2 
5 4 2 1 1 6 3 
2 7 2 2 2 5 2 
2 4 1 1 2 5 3 
3 3 1 1 1 7 3 
6 3 2 6 3 
1 3 1 2 1 10 
4 4 1 9 
4 7 7 
1 4 7 3 2 
2 1 4 3 4 3 2 
5 4 3 5 7 
5 6 5 2 4 
2 2 3 4 9 
3 3 4 1 9 2 
8 1 5 4 3 
2 2 4 4 3 3 1 
2 3 2 4 4 4 3 
2 5 5 9 3 
4 2 10 2 2 
2 6 16 3 
2 2 2 10 2 3 
3 3 13 5 
11 6 5 2 
3 6 8 2 3 
6 3 3 3 
6 2 5 
2 3 1 2 
2 7 
9 
2 4 
2 5 
9 2 
3 4 2 2 
2 12 
16 
15 
2 13 
2 12 
2 11 
14 
11 
6 
/
3 3 4 2 
5 5 14 
10 4 5 2 3 
13 1 2 3 3 2 3 
15 5 8 2 2 
5 16 3 2 2 2 
4 7 5 4 3 1 1 2 2 
3 3 1 4 3 2 12 5 2 
3 1 1 2 3 18 6 
2 1 9 7 4 2 1 2 3 
2 2 12 3 9 2 1 4 2 
2 7 7 20 2 5 3 
5 4 7 5 29 
23 8 8 16 
7 9 5 3 1 10 15 
5 8 11 7 15 
5 10 10 12 9 
2 8 5 13 9 
20 10 
4 14 1 8 
3 3 1 1 1 2 8 
4 2 1 1 4 8 
11 3 2 1 2 2 5 
3 1 6 4 2 2 2 2 
3 4 5 2 2 2 2 2 2 
28 2 2 2 2 
9 18 2 2 2 3 
3 2 12 2 5 3 2 
3 13 2 2 8 
2 2 8 6 2 2 2 
4 3 4 2 6 
6 6 2 4 
10 3 4 
6 7 4 
2 7 6 
2 15 
2 8 
2 
