#8.196 
#nonogram 923

1 
2 
1 4 
2 5 
4 6 
6 5 
6 4 1 
11 1 
3 9 1 
5 4 2 1 
5 3 1 
5 4 2 1 1 
5 12 2 1 1 
15 6 4 2 1 
14 4 14 2 2 
19 14 2 2 
13 5 11 1 2 
13 5 2 2 
13 6 2 3 
13 6 3 2 
10 4 2 
9 4 2 
8 5 1 
8 6 2 
8 4 2 
8 2 7 1 
8 4 1 9 1 
8 4 3 7 1 
9 2 1 2 3 1 
9 3 1 2 
9 6 2 
18 1 
12 2 2 
10 2 
8 2 
/
6 
9 
12 
14 
16 
18 
20 
23 
12 7 
12 6 
12 5 
12 2 4 
4 7 4 4 
3 7 4 4 
2 7 2 4 
7 3 
6 1 3 
5 2 4 
5 3 1 4 
9 2 3 
9 1 2 1 
3 5 2 2 
1 5 4 
1 3 4 
1 2 6 
1 1 1 6 
2 2 1 4 
4 1 2 
4 1 2 
4 2 1 
4 1 
4 1 
3 1 
3 2 
3 1 
4 3 1 
5 2 2 
6 2 1 
6 3 1 
5 3 2 
5 2 1 
3 2 2 
2 2 2 
7 3 
7 3 
6 5 
6 
6 4 3 
4 11 6 
3 13 8 
