#8.192 
#nonogram 1399

6 7 
1 4 7 
1 3 7 
2 3 2 7 
2 1 4 2 7 
1 2 3 1 1 1 7 
1 1 3 5 7 
2 2 12 7 
1 5 1 7 3 2 
3 6 6 2 1 
8 1 5 1 1 2 
9 2 3 1 1 4 
11 3 3 3 1 4 
9 1 1 7 1 5 
10 3 6 3 3 
11 1 1 2 1 2 3 2 
14 1 3 4 6 1 
17 2 4 3 1 6 1 
2 9 4 1 1 1 2 10 2 1 
1 9 2 1 3 1 12 3 1 
2 2 5 1 1 1 2 6 3 1 4 
2 2 4 2 2 2 1 4 2 6 
2 1 6 2 3 2 1 2 4 2 1 4 1 
1 10 6 4 7 2 5 1 
2 3 1 2 7 21 2 
4 34 3 
3 2 31 3 
4 2 3 23 3 
1 3 23 2 3 
1 23 2 2 
6 16 1 1 2 
7 14 2 1 2 
18 2 1 2 2 
2 12 1 1 2 2 3 
3 13 1 3 2 3 
1 15 4 3 3 
2 15 3 3 4 
2 14 7 4 
1 14 8 5 
2 15 7 5 
1 15 5 5 
1 8 2 2 4 6 
1 9 2 1 3 6 
2 10 2 2 1 6 
1 10 2 1 2 6 
2 14 1 2 6 
1 17 1 4 
3 14 1 1 3 
18 3 3 3 
2 14 2 3 2 1 3 
18 2 1 1 3 3 
21 3 3 1 3 
1 25 3 3 3 
3 10 11 1 1 3 
1 2 8 9 1 3 
2 4 5 6 3 4 
2 4 2 2 4 
3 3 4 5 
4 6 
/
2 
2 1 2 
2 2 3 
1 1 1 1 2 
2 1 2 1 2 
2 2 1 2 1 1 
1 4 2 1 2 1 2 
4 9 2 1 1 1 
1 5 11 3 1 1 1 
1 14 3 2 2 2 
1 2 15 2 1 2 
1 3 16 5 
2 1 17 2 5 
2 2 21 6 
1 3 13 5 1 5 7 
2 15 2 1 1 4 3 9 
1 6 1 3 3 6 5 4 5 
2 2 2 2 1 2 5 5 5 7 
2 2 3 2 2 5 4 12 6 
4 2 1 3 5 26 
3 5 37 
6 3 32 
10 2 30 
10 1 2 5 22 
9 5 7 21 
4 5 2 18 11 
2 3 4 20 10 
7 20 9 
2 2 20 2 8 
1 2 1 1 18 11 
8 19 10 
8 10 7 2 4 4 
1 15 2 2 4 3 
1 14 2 1 4 
15 2 2 1 3 
3 11 8 3 4 
3 20 6 5 
4 1 8 7 4 4 
3 10 6 7 
3 1 8 2 4 4 1 
3 1 6 2 3 2 2 1 
4 7 9 3 1 2 
3 1 5 2 4 2 1 2 
13 4 6 1 4 1 1 2 1 
10 4 4 2 3 5 1 1 1 2 1 
9 6 5 4 8 5 2 
8 5 1 5 11 4 
8 4 5 4 26 
9 3 2 1 35 
10 1 1 2 37 
