#8.193 
#nonogram 1358

1 1 2 
1 2 4 
1 1 6 
1 2 9 
11 1 3 3 2 2 9 
4 11 17 3 10 
2 21 3 14 
1 4 2 15 3 6 6 
7 1 15 3 5 4 1 
6 1 17 2 4 4 
5 3 18 1 5 3 
1 4 4 18 1 4 3 
1 5 5 10 5 1 4 5 1 
2 5 3 12 2 3 3 6 2 
2 5 1 13 1 3 3 9 
10 1 12 3 1 9 
6 14 2 4 1 4 4 
6 11 2 1 4 1 3 4 
7 8 4 2 4 1 2 5 
7 6 5 1 7 6 
8 5 3 1 1 2 1 2 4 
3 1 2 2 5 1 1 1 3 
14 2 2 2 2 5 
5 1 3 2 1 1 5 
1 5 7 3 1 2 2 
13 5 3 1 1 
3 7 4 2 2 2 
5 2 3 
7 3 2 
6 3 
6 4 
5 2 2 
3 1 2 
2 3 3 1 2 
3 5 7 1 2 
5 2 3 2 2 1 1 
5 2 5 2 3 3 
2 3 6 2 1 2 4 
2 14 1 2 2 2 5 
8 7 5 2 3 1 5 
7 6 3 2 1 1 6 
6 7 3 2 1 6 
2 3 10 3 2 4 2 
2 3 8 4 1 4 1 
2 3 14 1 1 1 3 1 
1 3 11 2 3 3 2 
2 3 1 2 12 2 4 3 8 
1 3 3 17 2 4 7 4 
1 29 3 4 5 
2 27 3 5 2 
20 7 3 6 
9 2 3 4 4 4 1 
7 1 2 
1 2 1 1 
1 1 1 
/
2 3 4 
1 3 2 3 2 
1 6 2 2 2 1 
1 7 2 1 2 4 1 
1 11 1 1 1 2 8 
2 12 2 1 1 2 4 4 
1 2 8 1 2 2 6 4 
1 1 7 1 1 1 5 4 
1 9 1 1 5 4 
2 1 4 2 1 1 4 4 
2 3 3 2 1 5 3 2 4 
2 2 3 13 2 2 5 
2 2 2 2 2 10 1 2 6 
3 5 3 1 2 8 1 1 2 4 
3 4 3 1 1 7 2 1 1 4 
5 4 3 1 1 3 3 2 3 5 
3 1 5 2 3 1 1 1 5 4 
2 2 14 7 6 
2 12 1 2 1 5 6 
16 1 7 5 
16 7 5 
19 12 
13 3 3 9 
13 4 2 5 8 
11 5 2 7 9 
12 6 2 7 9 
12 2 2 3 1 2 2 10 
13 3 4 2 3 2 8 
7 2 3 5 3 2 8 
7 1 5 1 9 12 
9 1 4 9 1 
11 1 6 3 
10 3 4 6 
8 3 3 8 
6 7 5 2 2 11 
5 6 3 1 7 3 
18 1 2 8 
6 5 3 6 7 
2 5 4 1 6 9 
3 10 2 2 4 6 
2 15 3 3 7 2 
8 6 7 14 3 
5 7 2 3 3 6 7 3 
4 8 7 9 5 
5 9 6 3 3 2 
4 9 5 3 
8 4 4 2 
8 9 2 
7 7 2 
7 6 3 
8 4 2 
9 2 2 
6 2 
