#8.191 
#nonogram 1471

3 
1 2 
3 4 
2 1 5 2 
1 7 2 
1 2 2 3 
2 14 
1 9 4 
1 11 2 3 
1 8 2 1 3 
1 5 1 1 5 
2 2 9 3 
1 2 2 7 1 
2 2 1 6 2 
3 6 1 1 2 3 
5 1 12 
2 2 7 2 
1 3 7 2 
2 2 2 2 
2 3 3 
4 7 
1 4 2 
2 2 
4 2 
2 2 
4 4 
12 
7 5 2 
8 6 2 
8 7 4 
7 8 2 2 
8 9 2 
17 2 
10 4 2 
12 2 2 
12 4 
15 5 
18 2 
18 2 
3 5 6 2 
2 3 4 2 
2 4 2 3 
3 2 3 
6 
4 
/
6 
4 3 
2 2 
1 2 
3 3 2 
7 1 
8 2 
5 5 5 
1 9 1 2 
10 1 4 
4 4 1 1 3 
5 1 1 4 4 
6 2 1 1 5 6 
6 2 1 10 3 3 
1 2 2 14 2 2 
1 3 1 13 2 2 
1 1 13 5 
1 1 2 14 3 
2 1 2 15 
1 2 1 2 12 
1 5 1 4 9 
2 2 2 9 8 
4 6 13 
2 7 6 5 
7 6 6 
3 3 5 5 
3 3 6 5 
3 3 5 5 
3 3 4 5 
8 4 5 
1 2 2 2 4 2 
1 1 1 2 2 1 
4 3 2 1 3 2 
11 15 
4 4 7 6 
