#8.2 
#nonogram 1522

4 2 1 27 
3 2 1 27 
2 2 1 27 
2 3 2 28 
2 1 3 28 
1 1 2 29 
1 1 3 9 5 11 
1 1 2 8 2 9 
1 1 2 8 1 6 6 
1 2 6 2 3 3 5 
1 2 5 4 2 3 3 3 
1 1 4 2 1 2 3 2 3 1 
1 2 4 2 1 2 3 7 2 1 
1 2 4 2 2 1 1 5 2 2 2 
1 1 4 1 2 1 7 2 2 1 
1 4 1 1 3 6 2 1 1 
2 4 1 2 2 6 2 1 1 
2 4 3 2 2 2 3 3 1 
1 4 2 2 4 2 2 3 
2 3 2 1 1 2 2 4 1 1 
2 2 1 2 4 4 1 1 1 
2 1 3 7 2 2 1 
3 2 5 2 2 2 4 
7 4 5 4 2 
1 8 5 1 2 1 
2 2 4 4 2 4 
5 3 3 2 4 2 
2 3 4 3 8 
2 6 3 5 3 2 
1 1 3 1 1 9 
1 2 2 13 
3 2 5 5 3 2 
1 1 3 1 2 9 
1 1 3 2 8 2 
1 2 3 3 4 2 3 
1 1 5 3 10 
2 1 2 5 3 4 4 
1 1 1 1 2 7 4 2 
1 1 1 3 2 8 2 
1 1 1 1 2 3 3 2 
1 1 1 2 2 3 4 
1 1 2 1 1 3 3 1 
1 1 1 1 2 4 2 
1 1 1 1 1 2 9 
1 3 1 2 1 2 2 3 
2 2 2 1 1 1 3 7 
3 1 2 2 2 1 3 3 
3 1 3 1 1 5 3 
4 4 1 1 2 6 
4 5 2 3 2 6 
11 1 1 1 3 2 4 
11 1 1 1 1 2 4 2 
12 2 2 1 3 3 2 
16 1 2 1 2 3 1 
16 2 1 2 3 4 
17 1 1 2 5 
17 2 2 1 
18 2 1 2 
19 2 1 1 
20 5 
/
9 3 4 6 19 
5 3 10 5 5 15 
2 3 6 2 4 4 4 14 
1 3 5 4 2 1 2 7 2 12 
3 5 6 5 4 7 10 
9 8 7 11 11 
1 3 9 2 2 3 5 16 
2 10 1 1 2 3 2 6 15 
2 9 3 2 2 2 1 1 2 13 
2 7 3 1 2 3 5 2 3 12 
8 3 1 1 4 1 2 2 2 2 2 10 
10 2 3 1 4 3 1 1 2 2 2 8 
10 2 3 1 1 2 1 2 1 2 3 3 7 
9 1 2 1 2 1 1 2 1 1 8 8 
9 1 2 2 1 3 2 2 1 2 1 1 1 10 
8 2 3 2 2 1 1 3 1 1 1 1 7 
7 2 2 1 4 2 3 3 2 1 8 5 
6 5 2 8 2 4 1 1 1 3 3 3 
7 1 2 2 2 3 6 2 3 1 2 1 3 3 2 
8 1 1 1 8 3 11 2 3 1 2 2 1 
8 2 1 2 2 11 4 4 1 1 4 2 2 
7 1 2 2 2 2 11 1 2 2 2 2 2 1 
7 2 1 3 2 1 5 2 6 2 1 1 1 3 2 1 
6 1 2 3 4 3 7 3 1 1 5 2 2 
6 1 1 2 2 2 15 3 3 1 1 3 1 
6 1 1 2 3 2 9 2 1 2 1 1 1 2 3 
6 1 3 4 4 4 7 4 1 2 1 1 
7 1 3 1 2 2 2 1 2 1 2 2 2 1 1 
7 2 2 2 3 4 4 1 2 2 1 
8 2 3 2 1 2 2 2 1 1 1 
8 1 2 2 2 1 1 2 1 1 
8 1 1 1 2 2 2 2 
9 1 2 1 5 1 2 
10 1 1 2 2 
10 2 1 1 1 
11 1 3 
11 2 1 
13 4 
