#8.207 
#nonogram 1367

3 2 3 6 
2 2 4 7 6 
2 3 4 3 6 
2 1 3 3 6 
2 2 3 5 5 
1 1 2 3 2 1 3 
2 1 2 2 1 3 
4 1 1 3 3 4 2 
3 1 1 1 2 2 4 2 
2 2 1 2 3 2 4 2 
2 2 1 4 2 2 3 2 
2 5 3 3 2 3 2 2 2 
2 6 1 8 7 1 2 
2 9 2 12 2 1 
1 9 1 2 4 3 3 
1 9 1 3 3 6 
1 6 1 1 12 6 
1 5 2 2 3 2 2 4 
1 4 2 6 1 1 4 
1 4 2 3 1 1 4 
1 6 2 1 2 4 
1 5 3 2 2 3 
1 4 11 1 2 
1 5 6 4 1 1 1 
2 6 6 3 1 2 1 
2 6 6 2 1 2 1 
2 4 1 4 2 1 2 2 
1 5 1 4 2 2 2 2 
2 6 1 3 2 1 1 2 
2 14 2 3 1 2 2 
3 2 2 8 2 2 1 2 3 
4 2 10 2 2 1 2 3 
1 1 5 4 2 2 1 2 3 
1 2 4 2 3 2 2 2 3 
2 1 3 2 2 2 1 2 3 
1 2 1 2 2 1 2 3 
2 2 1 2 3 1 2 4 
2 1 1 4 3 1 2 4 
4 2 4 3 1 2 4 
7 3 1 3 2 2 2 3 
8 4 5 3 2 3 2 
2 3 11 2 4 2 
5 2 2 2 7 1 4 2 
1 2 1 2 2 2 1 5 2 
1 2 1 1 2 2 1 4 2 
1 2 2 1 1 1 2 2 2 3 
1 2 1 2 4 2 1 3 4 
1 2 2 2 6 6 5 
1 2 2 7 3 3 5 
1 2 5 6 6 
/
16 2 1 
5 6 2 1 
3 3 2 1 
2 2 2 1 
2 2 2 8 
2 1 4 2 
8 5 2 3 2 3 11 
3 19 2 2 10 
2 19 2 2 
1 21 2 1 
1 21 2 1 
1 6 2 3 2 8 
2 4 2 6 7 
2 8 3 7 5 3 
3 7 5 2 1 2 
2 4 2 3 1 1 4 2 
2 1 2 7 4 2 2 1 
2 1 2 2 4 2 1 3 
4 1 3 1 4 1 1 1 2 
4 2 5 1 6 2 1 1 2 
2 4 2 3 2 11 6 2 4 
2 4 2 1 2 5 6 4 
2 4 2 1 2 7 11 3 
2 10 22 3 
2 8 12 2 1 1 
2 5 6 3 2 1 
3 3 1 1 11 2 
4 3 1 3 17 1 
5 3 1 17 2 
5 3 2 9 3 
1 4 2 7 7 2 
2 6 9 3 
3 5 7 6 
3 5 8 13 
4 5 7 16 1 
6 10 11 5 3 
5 3 15 3 3 4 
7 9 10 5 
13 6 24 
14 4 27 
