#8.20 
#nonogram 2570

3 
3 4 1 
3 5 2 
4 3 4 4 13 
6 3 4 4 3 2 2 3 
4 3 2 5 5 5 3 
6 2 3 2 1 5 2 2 2 2 5 
6 2 5 2 3 3 5 5 1 
3 1 5 3 2 3 1 2 2 2 2 2 3 
5 4 2 3 2 1 5 5 6 
5 6 1 1 3 3 2 2 2 2 2 2 3 
5 6 5 2 4 5 5 5 2 
3 4 3 4 2 5 2 2 2 2 2 3 
7 4 4 2 1 5 5 6 
5 6 6 4 2 2 2 2 2 2 3 
3 3 9 5 7 5 6 2 
5 6 5 4 2 2 2 2 2 3 
6 5 4 4 1 5 5 6 
6 7 2 1 4 1 2 2 2 2 2 3 
6 2 5 1 3 3 5 5 1 
4 4 2 2 2 2 2 2 5 
6 3 3 2 2 5 5 3 
7 1 2 2 1 3 2 2 3 
5 5 4 2 13 
5 4 2 
4 4 2 
2 1 
/
1 
2 2 
3 2 1 
1 3 2 2 
2 2 1 3 
3 2 1 3 
3 1 2 3 2 
1 3 3 3 3 
2 2 1 3 2 1 3 
3 1 2 4 2 3 
4 3 3 3 3 
4 3 3 3 2 1 
1 2 1 4 1 3 2 2 
2 1 1 1 3 1 3 3 
3 2 3 2 2 2 3 
3 3 1 4 1 2 2 
1 3 3 4 3 2 
3 2 5 4 3 2 2 
4 1 3 1 4 1 1 3 
4 1 2 2 3 3 3 
4 1 4 2 4 3 
4 2 3 1 2 3 
2 4 2 2 2 2 1 
3 1 4 1 3 1 2 
4 3 4 6 
4 2 1 4 5 
4 4 3 
4 4 2 6 
4 4 6 
4 3 5 
3 1 5 
7 
2 1 1 2 
1 1 1 1 
3 3 3 3 
17 
1 1 1 1 1 
2 1 1 1 2 
3 3 3 3 3 
21 
1 1 1 1 1 1 
1 1 1 1 1 1 
2 3 3 3 3 2 
21 
1 1 1 1 1 1 1 
1 1 1 1 1 1 1 
4 3 7 4 
21 
1 1 1 1 1 1 
1 1 1 1 1 1 
2 3 3 3 3 2 
21 
3 1 1 1 3 
2 1 1 1 2 
1 3 3 3 1 
13 
11 
