#8.204 
#nonogram 2514

28 
32 
35 
37 
39 
40 
41 
19 3 12 
11 3 6 5 4 
7 4 7 
5 3 5 1 5 1 
4 1 1 3 4 5 
4 2 5 2 8 4 
3 7 1 5 11 
2 1 7 3 9 1 
1 11 2 1 8 
1 5 1 2 3 3 11 
1 5 1 5 2 9 
7 3 1 2 9 
4 3 3 2 3 6 
5 1 3 3 12 
7 4 3 3 2 
8 4 4 7 
4 3 3 8 
7 2 2 3 11 
4 2 1 3 2 3 7 
1 5 2 3 1 3 8 
1 9 5 3 14 
1 8 5 2 1 5 4 
2 1 6 5 1 2 9 
3 6 2 2 3 6 12 
4 1 5 2 4 4 9 
5 1 1 2 1 2 5 11 
6 3 4 5 7 
7 2 5 15 
9 9 6 
10 1 9 9 
12 2 3 13 
14 2 4 
16 
18 3 
22 6 
25 3 4 
25 
24 
22 
22 
20 
19 
18 
/
10 12 
11 1 12 
11 5 12 
11 10 12 
9 8 12 
9 13 12 
9 2 6 6 11 
9 4 2 1 3 11 
9 5 1 1 6 12 
9 8 1 6 11 
9 6 1 1 6 11 
8 5 5 11 
8 5 7 11 
8 5 3 3 11 
9 5 3 10 
9 7 5 5 11 
9 3 5 7 3 11 
8 1 4 7 2 10 
8 5 3 5 10 
7 3 3 3 6 4 9 
7 3 3 5 8 9 
7 2 7 7 9 
8 2 4 1 3 3 1 9 
8 2 2 3 2 9 
8 2 2 3 2 8 
7 1 3 6 3 2 8 
7 2 2 9 2 1 8 
7 1 2 10 1 2 8 
7 1 2 5 2 1 7 
7 1 2 1 2 4 1 4 
9 2 1 3 2 
9 2 2 2 1 1 1 
8 2 1 1 1 2 1 
8 2 1 3 
8 1 2 
8 1 1 1 2 
8 1 1 1 1 1 2 2 
7 2 1 1 3 1 2 2 
6 3 1 1 1 4 1 3 1 
5 4 3 1 7 1 1 3 1 
3 1 4 5 7 6 
1 1 25 
1 15 9 
2 8 6 9 
2 2 6 3 2 8 
2 2 3 1 2 2 7 
2 2 3 1 2 3 5 1 
2 2 3 2 2 2 3 1 
2 1 2 1 2 2 3 1 
2 2 1 1 2 3 1 
