#8.209 
#nonogram 1592

15 2 
14 3 6 
14 3 10 
13 3 3 1 1 4 
13 3 2 5 
12 4 1 3 1 3 
12 5 6 2 
12 5 2 3 3 
11 7 1 2 4 
11 8 2 3 
10 6 3 3 3 1 
10 2 4 4 2 2 
9 1 2 5 4 
9 2 2 11 
8 1 2 2 9 
8 2 2 1 5 2 
8 1 1 1 3 4 2 
8 1 2 6 2 2 
7 2 3 7 4 
7 2 2 6 4 
6 6 6 3 
6 5 5 3 
6 5 5 3 
5 2 1 5 3 
5 2 4 4 
4 1 4 4 
2 1 2 4 4 
1 1 4 3 3 
1 1 2 3 3 7 
4 3 3 3 3 
2 2 3 3 3 2 
2 2 2 3 2 2 
2 1 2 3 2 2 
2 1 2 3 3 2 
2 7 2 2 
3 6 2 2 
4 2 2 2 
8 2 3 
2 5 1 2 
2 3 2 1 3 
2 1 3 2 4 4 
2 2 2 2 7 
3 3 3 3 
5 5 
3 4 
/
29 4 
27 7 4 
26 2 3 6 
27 4 4 3 
25 4 1 2 2 2 
23 3 1 3 4 
20 3 3 2 2 
18 3 4 2 2 1 
14 4 3 2 2 2 2 
12 8 3 5 1 2 
10 3 6 4 5 2 2 
8 3 3 4 4 1 2 
5 2 3 4 4 3 1 2 
3 3 2 3 5 3 3 
1 7 2 5 3 3 
11 2 6 3 4 
13 6 3 5 1 
11 1 7 3 4 3 
2 4 8 3 4 2 
2 3 3 6 3 3 3 
1 3 3 5 3 3 2 
2 1 3 3 3 2 3 
2 3 2 2 3 2 2 
3 2 3 1 1 3 2 3 
2 2 2 3 3 2 4 
3 2 6 3 2 5 
2 2 1 4 3 10 
4 5 3 2 6 
4 4 3 2 
3 1 2 2 
3 1 2 2 2 
7 5 
6 4 
3 4 
3 
