#8.205 
#nonogram 1431

4 3 
8 3 
10 3 
13 3 
18 3 3 
13 2 5 3 
13 1 5 3 
3 7 2 5 3 
3 6 1 4 3 
3 6 1 3 3 3 
9 2 6 3 
1 4 1 1 1 2 2 
3 1 3 4 1 
1 1 2 1 2 3 5 1 
2 1 3 2 2 1 1 5 1 
4 6 2 3 4 1 
4 7 3 4 5 1 
4 3 1 1 6 2 6 1 
5 2 1 4 8 2 
9 2 7 3 
10 3 1 2 3 
5 6 1 3 
2 4 7 1 3 
4 6 4 5 2 3 
5 2 1 11 1 3 
7 2 4 9 1 3 
6 3 8 7 1 3 
3 8 4 8 2 3 
7 8 8 2 3 
4 2 4 7 1 3 
5 8 1 3 
4 2 5 1 1 
2 1 5 2 1 2 
2 1 7 1 3 
2 9 1 4 
2 8 2 2 4 
2 7 4 7 
2 6 5 6 
2 5 6 2 4 
2 3 7 2 2 
2 1 9 2 1 
2 2 2 8 4 3 
2 2 2 5 7 3 
2 2 6 7 3 
1 2 2 7 3 
2 3 4 3 
2 2 3 
3 3 3 
8 3 
5 3 
/
5 3 
7 4 3 
7 7 2 
6 8 2 
4 7 3 
3 3 3 2 3 
9 2 2 3 3 
5 1 7 2 2 3 6 
10 3 6 2 3 2 3 
9 6 1 2 2 3 1 2 
6 2 3 2 2 6 2 
6 2 4 2 12 2 
8 3 3 2 1 6 2 
12 1 5 9 2 
12 4 8 2 3 
11 2 2 7 2 4 
10 2 2 5 8 5 
9 2 2 5 7 3 
7 2 5 4 1 
4 1 1 2 3 2 2 2 
2 2 2 5 1 5 
1 2 5 4 6 
1 2 3 8 7 
1 3 14 8 
2 8 15 7 
3 2 4 11 6 2 
13 9 8 
3 1 2 2 2 8 6 
17 4 2 4 
7 7 2 5 
6 3 3 6 4 5 
4 8 11 5 
7 3 2 
6 6 
11 4 12 8 9 
12 13 7 9 
32 4 10 
