#8.217 
#nonogram 1099

6 
3 2 
3 6 2 
4 9 2 
5 5 12 1 
5 7 20 
5 8 2 15 
14 5 13 
3 8 8 12 
1 4 11 11 
3 1 3 11 10 
3 2 1 12 9 
4 3 1 1 10 8 
5 4 5 4 11 7 
6 4 10 1 8 7 
6 4 6 1 2 9 6 
4 7 9 4 4 11 5 
6 10 6 4 3 13 5 
6 7 1 7 9 1 12 4 
7 5 1 4 2 9 3 12 3 
7 3 4 3 2 1 3 11 3 
6 6 1 3 4 1 1 4 9 2 
6 5 1 2 3 1 12 4 10 1 
5 6 6 5 2 9 4 10 1 
6 1 2 1 3 5 2 10 17 
6 1 2 1 1 7 3 9 17 
6 5 5 5 1 2 2 2 16 
6 5 1 5 5 2 2 2 17 
7 5 5 4 12 16 
7 6 4 4 13 16 
7 9 4 5 14 15 
7 10 3 5 16 14 
7 11 6 17 14 
8 10 4 2 19 13 
8 3 6 4 21 12 
9 1 8 1 22 12 
12 6 1 2 23 11 
11 5 2 2 20 2 10 
10 5 3 14 2 9 
7 5 11 5 2 8 
4 11 14 2 7 
1 4 11 14 2 4 
2 1 2 4 11 9 3 1 
4 3 2 12 6 
4 1 12 
8 2 13 
4 3 2 15 
2 1 2 2 14 
2 2 1 16 
1 2 2 12 
2 1 4 10 
3 6 9 
3 4 9 
1 7 5 
1 1 5 
/
9 3 
14 3 
18 3 
20 6 
23 1 7 
24 1 4 2 
24 2 2 1 
7 7 2 1 4 
5 10 5 1 1 2 3 
7 9 4 2 4 2 
3 14 1 1 2 
14 3 1 2 3 2 
3 13 2 2 7 
8 6 4 3 5 
1 8 11 2 4 
11 11 2 3 
10 5 10 2 2 
8 1 1 1 8 1 3 
7 2 2 1 5 1 1 
5 2 2 1 3 8 
10 1 2 8 
2 2 2 2 1 8 
1 1 2 9 
1 1 1 2 1 2 9 
2 2 2 4 4 9 
6 9 2 10 
3 18 3 10 
4 16 2 11 
5 7 6 2 12 
4 4 3 3 4 13 
4 1 5 15 
4 2 6 15 
4 2 6 15 
2 6 6 4 15 
3 9 4 2 15 
5 8 1 1 1 16 
6 7 3 16 
7 7 20 
7 2 2 19 
8 1 2 4 11 
4 3 2 4 11 1 
3 2 3 17 2 
3 7 17 2 
2 5 2 6 10 3 
2 4 1 2 4 10 3 
1 5 2 3 14 3 
1 9 1 5 12 3 
1 7 1 6 10 4 
1 7 3 7 8 3 
1 13 8 6 3 
2 13 7 4 3 
3 13 9 3 3 
4 12 10 2 3 
6 26 2 3 
7 26 2 2 
9 26 2 1 
12 26 2 
13 25 2 
15 25 1 
1 14 23 2 
1 16 23 1 
2 16 21 1 
2 17 20 1 
2 17 18 1 
2 18 14 2 
