#8.210 
#nonogram 1601

19 5 
15 7 
12 9 2 7 3 
10 3 11 1 2 3 
7 2 5 7 1 8 2 
5 10 5 6 2 3 
4 2 7 2 2 7 9 
4 2 4 3 3 18 
3 1 3 4 2 1 12 2 
2 1 4 2 3 1 1 2 17 
1 2 5 4 1 2 5 15 
1 3 4 2 1 2 1 13 
1 2 4 2 2 5 12 
3 4 5 2 1 11 
1 1 5 6 1 10 
1 1 5 3 4 3 1 2 2 9 
1 2 5 7 3 1 1 1 1 6 
1 2 12 3 1 1 1 3 4 
1 1 10 1 4 1 1 1 1 2 
1 2 9 1 3 2 1 1 
2 1 4 4 2 1 2 1 
2 5 3 1 5 1 
3 3 2 3 1 
4 2 3 1 
3 1 2 2 2 2 
4 1 3 5 1 
2 2 1 3 3 2 
2 1 2 3 3 3 
3 2 2 3 4 
4 3 3 3 6 
4 9 1 9 
5 2 7 17 
5 11 3 5 5 
4 16 2 4 
5 17 3 5 
23 2 5 
19 3 1 6 
18 2 1 4 
15 1 1 3 
15 1 2 1 
15 2 1 
12 1 1 2 
16 1 1 
13 2 1 1 
11 1 2 1 
8 1 3 2 
4 2 5 2 
1 2 5 2 
2 7 
2 9 
11 
2 7 
9 
12 
1 3 8 
1 10 
11 3 
11 2 
1 4 1 1 
5 1 
/
13 12 
10 2 10 
9 3 2 4 5 
8 10 1 2 5 
6 3 2 1 2 4 
5 2 5 1 1 4 
5 2 12 1 2 4 
4 1 14 2 2 4 
4 1 16 2 2 1 4 
4 19 3 1 2 3 
3 6 3 2 2 2 1 4 
3 4 7 2 2 4 4 
2 3 9 1 12 
2 1 2 1 1 12 12 
2 5 2 3 5 5 12 
1 8 6 4 12 
1 1 2 2 2 7 16 
1 1 2 2 6 15 
1 1 1 1 3 1 2 4 2 12 
2 1 1 2 6 12 
3 1 1 1 5 12 
4 5 2 1 2 12 
7 1 1 15 
5 2 15 
4 2 3 15 
5 4 1 14 
2 2 2 1 2 1 5 8 
1 3 3 2 2 2 1 7 
1 5 1 1 2 3 1 5 2 
1 5 3 3 2 5 1 1 1 
1 6 3 2 3 1 2 3 2 1 1 2 
1 7 6 4 1 1 3 2 2 2 2 
1 1 5 2 1 2 3 2 3 2 3 2 2 
1 2 6 1 2 1 4 1 1 3 3 3 4 
3 7 2 2 6 2 8 3 1 
4 9 4 7 3 18 
2 12 12 16 
2 14 5 5 1 15 
2 1 14 4 1 13 
3 1 2 10 4 1 10 
2 2 2 9 3 2 9 
2 1 2 8 3 1 4 2 
1 2 2 8 4 3 1 
1 1 3 8 3 1 3 
1 2 8 4 1 3 
