#8.213 
#nonogram 1672

12 
4 12 
3 9 3 8 
1 2 13 2 1 6 
2 1 1 4 9 2 5 
1 1 1 1 3 6 2 5 
3 2 1 2 5 2 5 
3 1 1 1 2 2 2 2 7 
1 1 1 2 2 2 2 2 2 5 
1 3 5 3 1 3 1 1 5 
1 2 5 1 6 2 2 1 4 
2 2 2 5 6 3 1 2 
2 1 7 4 2 2 2 
2 2 5 3 6 
3 2 3 6 3 2 1 1 
4 4 4 2 3 1 2 2 
6 2 2 2 3 2 1 3 
3 2 1 1 2 1 2 3 
2 1 2 2 1 5 4 
2 2 1 2 2 2 2 5 
2 1 1 1 2 10 
2 1 2 1 1 4 8 
3 1 1 1 3 8 
3 1 3 3 9 
3 1 2 3 9 
2 3 4 9 
2 3 4 9 
2 3 2 10 
1 2 3 10 
5 4 10 
6 2 10 
2 1 3 10 
4 10 
/
6 
2 5 
1 3 
2 2 3 
3 1 4 3 
1 4 1 1 1 2 
2 1 3 
3 4 2 
2 4 2 
2 3 2 
1 4 2 
2 1 2 
1 2 
2 3 
2 2 
2 2 
1 3 
2 2 
2 3 
2 6 
3 8 1 
2 2 4 2 
3 1 3 3 
4 2 1 2 3 4 1 
4 2 1 3 5 4 
4 3 3 3 2 1 
4 2 1 4 3 2 
4 2 2 4 3 1 
5 3 4 3 3 
5 2 9 2 
6 4 3 2 
3 2 5 5 4 
2 8 4 
3 3 3 
3 1 5 
5 4 5 
3 6 2 3 
9 2 2 1 1 
11 1 2 2 6 
2 2 3 1 10 
4 8 14 
3 2 14 
4 1 13 
10 14 
11 15 
11 17 
13 18 
13 19 
