#8.220 
#nonogram 1482

17 2 26 
12 2 23 
8 2 19 
6 2 16 
4 2 14 
3 2 12 
2 4 10 
1 2 1 9 
1 1 5 3 7 
3 1 1 3 5 6 
7 1 4 1 4 2 2 2 5 
1 4 1 1 2 1 1 1 3 2 1 2 1 4 
1 3 2 2 3 1 2 3 2 4 2 3 
2 2 2 2 3 2 2 3 2 4 1 2 
3 1 2 1 1 2 2 3 1 5 2 2 
3 1 1 1 3 3 2 2 2 8 1 1 
3 1 1 2 1 3 1 1 1 2 1 8 3 1 
4 1 2 2 2 1 1 1 1 9 5 
6 1 3 1 1 1 2 9 6 
6 2 2 3 2 11 7 
7 1 5 1 8 1 7 
7 9 2 3 1 7 
9 1 7 2 2 1 7 
15 2 1 3 1 2 7 1 7 
15 2 2 1 2 6 2 7 
16 3 1 1 2 6 1 7 
15 4 1 3 2 5 1 8 
1 13 4 5 2 5 1 8 
1 12 4 5 2 5 1 8 
1 8 3 5 2 3 2 8 
2 4 4 3 2 2 2 8 
2 4 3 1 1 1 1 1 9 
3 3 1 3 1 1 1 9 
4 1 3 1 2 2 9 
4 1 2 2 1 1 1 9 
5 1 2 4 4 10 
5 1 1 2 2 1 4 10 
6 1 2 2 5 2 10 
7 2 2 2 2 2 12 
8 2 2 4 1 3 1 5 
9 1 9 1 2 3 7 
10 2 3 9 1 4 1 3 
11 2 3 8 3 1 2 2 2 
12 3 1 9 1 2 1 2 4 
14 5 2 5 1 2 2 1 1 1 
15 1 5 1 2 1 1 2 
17 2 3 2 2 1 3 2 
19 1 1 3 1 1 2 3 1 
22 1 2 1 1 2 2 2 1 
25 3 1 1 2 2 2 
/
9 8 23 
7 14 20 
6 1 12 18 
5 4 10 17 
4 8 10 15 
4 4 12 13 
3 3 4 9 12 
3 1 3 2 8 11 
2 2 3 8 10 
2 1 2 1 8 9 
2 3 7 1 8 
2 1 2 1 7 2 7 
1 1 1 3 10 6 
1 2 2 1 9 6 
1 1 1 4 17 5 
1 1 2 2 8 4 4 
1 1 2 2 1 5 2 4 
2 1 1 1 2 1 1 2 3 
1 3 2 3 1 1 3 
4 2 9 2 2 2 
2 4 7 2 1 2 
5 4 5 6 2 1 2 
6 3 2 4 3 2 4 1 1 
5 3 5 1 8 1 1 
1 1 1 2 3 5 3 4 4 1 
1 1 1 1 3 1 5 3 2 3 1 
1 2 1 5 4 1 2 4 
2 4 5 8 1 6 2 
2 1 4 5 8 9 1 
2 1 6 5 2 2 8 1 
2 1 4 2 6 1 8 1 
3 2 4 6 1 6 1 
3 10 3 2 2 5 1 
3 2 7 6 1 6 2 
4 2 8 7 1 1 3 7 
4 2 10 8 10 3 
5 2 10 9 2 3 3 1 
5 2 10 7 3 1 2 5 
6 2 8 2 5 1 1 2 2 1 
6 2 5 7 1 2 2 2 
7 3 6 4 3 2 2 
8 3 9 1 1 2 1 
8 4 13 2 1 2 
9 23 1 2 2 2 
10 23 2 1 2 1 
11 24 1 1 2 
12 24 2 2 
13 24 1 1 2 
15 26 2 1 
17 26 3 
