#8.222 
#nonogram 2078

5 
2 4 
1 4 
1 3 
2 4 2 
2 4 4 
2 4 6 
7 6 
6 6 
6 8 
1 5 8 
1 5 8 
1 4 8 
1 5 9 
1 7 8 8 
2 11 11 6 
1 13 8 6 
2 10 3 7 5 
2 6 7 7 5 
3 3 3 5 7 4 
3 2 2 3 6 4 
2 2 2 3 7 3 
4 2 2 2 7 3 
2 2 1 5 7 3 
4 2 2 4 7 2 
3 1 1 2 7 2 
3 2 1 1 8 2 
3 1 4 2 7 2 
3 1 5 2 7 1 
3 1 6 2 7 1 
3 1 2 4 3 8 1 
3 1 2 4 3 8 1 
3 1 6 2 8 1 
3 1 6 1 2 8 1 
3 1 6 1 1 8 1 
3 1 6 2 2 8 1 
3 1 8 2 8 1 
3 1 8 2 8 1 
3 1 1 5 1 7 1 
3 1 2 2 1 1 2 4 1 
4 1 1 1 1 3 4 2 
4 2 1 2 8 2 
4 1 3 7 2 
3 1 2 8 2 
4 1 1 3 8 3 
4 3 2 7 3 
1 2 3 3 8 3 
1 2 5 8 3 
2 2 2 4 3 3 
1 3 4 3 4 
2 3 5 2 5 
2 8 2 5 
3 8 5 
11 7 
7 6 
/
4 
2 4 
1 8 
3 3 3 
12 3 
15 2 
15 2 
13 1 
8 2 
5 1 
4 3 
5 2 14 
4 3 20 
34 
7 5 6 3 
5 4 9 4 2 
4 3 4 3 4 2 
2 3 3 6 3 2 2 
2 3 3 12 2 2 2 
3 2 2 4 6 2 2 2 2 
2 2 2 2 11 4 2 2 
2 5 2 13 3 1 2 
2 4 1 15 2 4 
3 2 3 3 3 2 5 
3 2 3 7 4 5 
4 1 3 4 5 6 
5 8 4 7 
5 7 8 5 2 
8 8 7 1 
11 9 2 
5 32 3 
9 34 2 
10 21 9 2 
13 30 4 
14 26 5 
14 22 6 
15 16 9 
15 8 10 
15 11 
28 
