#8.224 
#nonogram 1212

9 
3 2 6 
2 12 
2 3 3 11 
2 8 2 12 
3 1 3 1 2 3 14 
3 1 2 1 2 3 16 
4 1 2 1 2 1 3 18 
3 2 8 1 1 2 18 
4 1 1 2 1 1 2 18 
3 2 1 1 1 2 1 2 18 
3 7 2 1 4 16 
3 3 1 2 1 2 16 
3 3 3 3 1 15 
3 4 2 2 1 17 
3 4 2 5 18 
2 4 4 3 16 2 
3 3 6 17 2 
3 2 30 1 
3 2 1 3 26 1 
7 1 27 
7 29 
7 31 
8 31 
3 4 31 
2 2 2 29 
2 2 2 27 
1 4 1 2 8 10 1 
2 3 2 11 4 9 2 
1 1 1 1 10 1 2 11 
2 2 1 2 9 1 1 10 
2 1 1 1 7 2 3 9 
1 2 1 2 5 1 1 9 
2 2 2 3 6 1 1 10 
2 2 2 12 2 4 10 
1 2 14 1 2 2 11 
2 2 13 1 13 
1 4 15 12 
8 13 11 
12 12 
10 8 
8 1 8 
8 2 6 
2 4 8 
1 1 1 1 
1 2 2 2 
1 1 2 2 
1 1 4 
2 2 3 
10 
/
3 
3 3 1 
5 2 1 
7 3 1 
7 2 1 
7 3 1 
6 3 1 1 
5 2 2 2 
5 3 2 2 1 
2 3 3 1 1 3 1 
2 2 3 2 4 2 
2 3 1 4 2 2 
1 7 9 6 2 
2 2 1 1 11 2 2 
1 3 2 2 5 6 2 1 
1 2 1 1 4 6 2 4 
1 10 1 4 3 8 6 
1 1 3 1 4 7 9 2 2 
1 2 1 2 6 2 2 10 1 
1 3 2 7 3 5 10 2 1 
1 2 5 3 3 5 19 1 
2 1 1 2 7 16 1 
3 7 10 16 3 
1 3 2 25 2 
1 5 2 25 1 
2 2 2 5 14 9 2 1 
3 2 3 2 13 7 2 2 
8 2 2 12 5 3 
9 2 2 11 2 2 2 
10 4 11 4 2 1 
10 11 4 1 2 
9 11 2 1 1 2 
10 12 2 1 1 3 
11 13 1 2 1 3 
24 1 1 1 6 
24 2 1 10 
24 15 
24 7 
25 8 
25 8 
26 9 
35 
33 
32 
31 
29 
28 
5 8 8 
6 5 8 
6 3 7 
