#8.226

9 2 1 1
3 5 1 1 1
1 1 3 2 3    1 2
1 2 2 2 1   1 1
3 2 4 1 1   1

2 2 5 1
1 1 3 2 1   2  1
1 1 1 1 2   2 2 1
1 1 2 1 3   2 2 2
2 1 2 9 1 3

4 8 1 1 5
3 10 1 3 5
4 2 6 1 1 6
8 5 1 1 6
6 4 1 8

6 6 1 7
6 2 6 6
4 2 6 5
3 2 2 7 4
2 1 2 9 3
1 1 1 3 2 3 3 2
1 1 2 1 1 2 2
2 1 2 2 1
2 1 2 1 
1 1 1 3 2

10 2 2
2 3 1 1
1 3 2 2
1 2 2 2
4 2
/

22
2 2 11
2 1 9
1 5 6 2
1 4 2 1
 
3 3 4 1 1 1
2 2 2 1
2 3 3 1
3 1 1 2 1
2 1 1 1 3

2 3 2 3 1
1 3 4 7 1
3 15 2 1
2 10 1 4
2 9 2 3 1

1 11 1 3
1 3 5 3
2 2 5 4
2 13 4
1 2 5 3

4 5 3 1 2
3 1 3 3
1 5 3 3
3 2 3 2
9 5 3

10
3 9
18
14 2
14 3
