#8.22 
#nonogram 1976

9 6 
3 3 
6 2 3 
7 2 3 3 
7 4 3 2 
6 2 3 1 2 
5 2 3 1 1 
5 2 3 1 1 
7 2 5 1 
8 2 3 1 
8 3 1 
8 3 1 
7 1 3 2 
8 2 2 2 
9 3 3 
2 9 2 1 3 
2 8 3 4 
2 9 2 1 5 
2 9 4 6 
3 8 3 1 2 3 
1 1 8 1 4 2 
1 10 4 2 1 
1 10 4 2 1 
1 10 2 4 
2 11 13 
1 19 4 
1 17 5 
1 16 5 
2 14 5 
20 
/
7 
13 
6 1 2 
10 1 3 
12 2 1 
19 1 
21 1 
23 1 
8 14 1 
3 2 15 
3 15 
3 1 13 
2 12 
3 9 
3 7 
2 6 
2 5 
2 1 5 
4 1 5 
1 3 2 6 
1 4 9 
1 1 3 1 7 
1 1 3 1 6 
1 8 3 1 
1 2 5 2 2 
1 2 1 3 
1 2 1 4 
1 5 
1 5 
5 
1 4 
1 2 2 
8 2 
7 2 
2 5 3 
4 1 
1 5 1 1 
1 3 3 1 
1 1 
1 2 
2 2 
3 3 
3 6 
4 9 
20 
