#8.223 
#nonogram 1586

18 7 7 20 
16 5 3 12 19 
14 9 1 15 18 
13 12 6 6 18 
12 12 5 4 4 17 
12 10 5 5 3 17 
11 9 4 3 2 2 16 
11 10 4 6 1 3 3 11 
10 27 3 2 4 8 
10 6 12 5 6 5 6 
9 4 9 4 6 4 4 5 
6 4 3 7 8 4 3 4 3 
4 2 3 4 6 11 4 2 5 2 
3 2 2 4 5 6 2 3 1 5 1 
3 2 2 3 5 5 1 3 5 1 
2 2 2 4 4 4 2 5 
2 4 3 3 4 3 1 5 
1 7 4 4 3 6 
1 8 5 4 3 15 5 
1 7 10 2 24 6 
1 3 2 10 2 15 3 6 
1 3 9 2 13 6 8 
1 2 8 2 13 14 
2 2 7 1 21 12 
2 1 3 5 2 26 10 
1 2 4 3 1 6 19 7 
4 1 4 1 1 4 14 5 4 
6 2 3 2 6 6 3 8 
6 1 1 2 4 5 6 6 
8 2 2 2 4 3 5 4 
2 3 1 2 3 1 2 5 6 5 2 
2 2 2 2 6 12 5 5 
1 2 1 3 1 3 4 3 4 14 
2 2 1 4 6 4 12 
1 1 2 4 2 6 2 2 2 4 10 
1 2 2 2 3 2 2 3 3 4 4 1 
4 2 3 4 2 6 3 3 2 
4 2 2 8 3 2 5 3 5 2 
5 2 2 6 1 2 1 3 3 3 3 
4 2 4 4 3 1 2 2 2 3 
3 5 2 3 3 2 2 7 1 6 
2 2 3 2 2 6 4 2 3 2 
1 2 3 2 3 6 8 2 3 2 
6 2 2 2 4 2 7 1 4 2 
8 2 1 5 2 
4 4 2 1 1 2 4 2 2 
6 3 1 2 3 6 3 
12 3 2 2 2 8 3 
12 1 2 2 2 3 2 4 
12 2 2 3 1 5 
13 1 2 3 1 3 
15 3 6 
16 2 4 
16 1 
17 
/
26 3 9 10 
17 2 6 6 10 
15 4 4 7 1 10 
13 8 5 5 2 10 
12 20 1 3 9 
12 7 12 2 2 9 
11 2 5 3 5 1 2 8 
11 1 4 1 2 2 4 3 8 
11 4 4 4 3 2 8 
10 4 2 4 4 3 2 8 
8 6 4 2 3 2 4 2 2 8 
6 6 7 2 1 2 2 3 3 8 
4 6 10 2 2 1 2 3 3 5 
3 7 12 2 2 1 3 1 2 4 4 
2 7 14 2 1 2 1 3 2 5 
2 7 4 9 2 2 1 6 3 
1 7 3 7 3 2 3 3 1 
1 7 2 6 1 2 1 2 3 2 3 
7 1 5 2 2 2 4 1 3 
8 5 3 1 5 1 5 
9 5 2 1 2 1 6 2 3 
17 2 2 2 2 8 2 
5 9 3 2 1 2 4 6 1 2 
4 8 3 3 1 2 1 3 4 3 2 
1 3 7 3 3 2 2 4 1 6 2 2 
1 3 7 3 3 2 2 3 1 2 3 1 2 
2 1 7 3 4 1 2 5 2 1 2 1 
3 7 3 4 2 2 3 1 1 1 2 1 
2 7 4 4 1 3 3 3 
1 4 3 3 4 3 6 3 1 
1 4 3 4 5 5 3 2 2 
4 3 3 5 6 2 2 2 
4 2 4 6 3 2 2 2 1 
3 1 2 3 10 3 1 2 3 2 
3 1 2 3 9 6 2 3 2 
3 1 2 3 9 2 3 1 2 1 
3 3 2 2 8 2 1 2 1 2 1 
3 3 2 2 9 2 1 2 1 1 1 
3 1 1 3 2 9 2 2 2 1 
3 1 1 2 1 4 4 3 1 2 2 1 
4 1 3 1 4 5 2 1 4 2 
4 2 3 3 5 3 2 2 2 
4 8 3 6 2 1 2 2 2 
4 9 3 6 2 1 2 2 2 
4 2 5 3 7 2 1 1 2 3 
1 5 2 2 3 3 1 2 1 1 2 
2 7 2 2 3 1 1 2 3 
4 6 2 2 3 2 8 
6 4 2 1 2 3 2 6 
7 1 2 1 2 2 
7 1 2 1 2 3 1 
7 2 2 2 2 3 1 
7 2 1 2 2 3 1 
7 1 1 3 2 3 1 
8 2 2 2 1 3 1 
8 3 2 3 3 2 
8 3 1 3 4 1 
9 4 4 1 4 2 
9 5 5 1 4 1 
10 6 7 2 5 2 
11 14 2 4 2 
11 17 6 
12 21 
13 17 
15 13 
