#8.233 
#nonogram 1444

4 2 17 1 2 2 2 2 10 
4 2 15 2 4 2 2 2 1 10 
5 3 14 2 6 4 2 4 8 1 
6 3 13 2 8 4 2 4 7 3 
7 3 12 2 10 2 1 4 6 6 
8 4 11 3 13 1 3 2 2 8 
9 4 10 2 14 2 2 11 
10 4 9 3 15 1 2 2 7 
11 5 8 4 13 2 1 2 3 5 1 
12 5 6 4 10 2 2 2 2 4 2 
13 6 3 4 8 2 3 1 7 3 
14 7 7 3 3 4 1 2 3 2 
15 9 3 1 2 2 3 6 1 3 1 2 2 
16 10 1 17 2 6 3 3 
14 7 1 6 2 5 6 3 
2 12 5 2 1 1 10 3 
3 11 3 1 1 3 7 3 
1 3 9 2 2 3 3 2 5 
2 4 7 1 2 2 5 2 2 2 3 1 1 
4 5 3 2 3 7 2 1 2 6 2 
6 6 2 4 3 3 2 1 1 3 3 3 
7 7 2 3 3 2 1 4 1 5 
9 7 2 4 2 6 5 
11 5 2 4 4 2 7 4 
13 3 2 3 5 2 8 3 
14 1 2 5 2 10 2 
17 2 4 5 1 4 10 3 
19 1 3 4 7 14 
19 2 6 11 14 
20 1 4 7 29 
20 3 6 28 
21 35 
18 4 3 31 
13 3 3 29 
9 8 3 24 
4 13 4 2 23 
2 14 3 1 9 12 
2 8 4 3 2 4 11 
2 13 3 2 1 10 
26 4 2 10 
27 1 9 9 
28 2 7 10 
26 1 2 7 11 
25 3 10 15 
23 6 9 3 12 
22 8 6 1 11 
21 7 5 5 1 10 
20 5 1 14 3 2 9 
19 4 18 2 6 7 
18 4 1 21 5 6 
17 3 2 31 5 
16 2 5 31 4 
16 2 8 31 4 
17 11 30 2 1 
32 7 19 2 1 
34 20 2 2 
38 1 19 2 2 
46 19 2 2 
47 20 2 
49 5 9 3 
/
14 1 43 
14 2 42 
14 1 17 21 
15 2 17 1 21 
13 1 15 1 21 
1 12 2 15 2 21 
2 12 1 14 2 21 
2 11 2 13 2 21 
2 11 3 13 2 21 
1 3 10 2 11 2 21 
1 3 9 3 11 3 21 
2 3 9 3 10 2 21 
3 3 8 3 10 2 22 
4 4 8 3 8 2 22 
4 4 7 3 7 3 22 
5 4 6 3 7 3 22 
6 4 6 4 7 3 13 7 
7 5 5 3 6 3 12 1 6 
7 5 4 4 5 3 11 2 6 
8 5 2 3 3 10 2 6 
9 6 1 3 9 2 7 
9 6 6 3 9 3 7 
10 16 1 8 3 8 
10 6 4 7 4 8 
11 4 2 2 2 7 3 9 
11 3 1 2 2 2 4 3 9 
7 1 1 1 2 2 2 2 2 4 10 
3 3 2 1 1 2 2 2 1 4 11 
5 1 1 1 2 2 5 9 
7 2 1 2 2 6 8 
2 7 1 1 2 2 3 7 
4 5 2 1 3 4 6 
5 5 1 1 1 1 2 8 5 
6 2 5 2 2 2 7 5 
7 1 14 1 8 4 
8 2 15 3 2 8 4 
9 1 20 2 7 4 
9 2 10 1 2 8 4 
9 3 6 2 2 8 3 
8 2 7 1 3 8 3 
7 2 5 6 7 8 3 
7 3 9 8 16 3 
6 3 4 2 26 3 
6 1 3 27 3 
1 5 2 5 10 14 4 
2 3 3 3 10 14 3 
2 3 4 1 1 10 3 2 8 2 
3 1 3 2 10 3 8 1 
3 3 3 10 2 9 1 
1 1 3 11 4 10 
5 19 11 
7 4 17 2 9 
3 4 5 16 1 2 9 
2 3 2 16 2 10 
2 2 3 15 12 
2 5 2 2 16 13 
1 6 3 1 2 16 13 
6 6 2 17 12 
6 4 2 1 21 10 
1 3 4 4 16 4 9 
2 3 7 16 3 9 
2 3 9 15 4 9 
1 3 11 16 4 8 
3 5 21 4 7 
9 22 4 6 
9 3 11 5 5 
5 3 2 10 6 3 
4 3 3 7 6 2 
4 3 1 2 4 8 2 
3 3 1 1 3 14 
3 3 2 1 2 3 12 
2 3 2 2 4 2 6 
2 4 2 3 7 1 
2 4 2 4 8 5 
1 4 3 3 6 7 
