#8.230 
#nonogram 2304

23 4 43 
21 3 1 11 27 
18 3 2 2 4 26 
8 3 4 3 2 3 24 
6 4 3 3 3 3 2 4 1 1 23 
4 3 3 2 2 1 1 1 2 1 3 4 22 
3 2 2 1 3 4 1 1 1 2 3 2 22 
2 4 2 4 2 3 4 1 2 1 3 1 21 
1 1 1 1 4 1 2 2 2 8 2 1 7 6 
1 3 1 2 2 2 4 4 1 5 6 4 
1 3 1 1 2 2 2 3 3 1 1 2 2 2 3 10 3 
3 2 1 1 3 1 4 1 3 1 4 5 2 13 1 
2 2 3 2 3 2 3 4 2 1 1 2 2 9 3 1 
1 1 1 2 1 1 1 1 5 1 2 1 1 1 1 1 8 2 
1 2 2 1 4 2 9 2 13 7 2 
1 2 1 7 1 1 5 4 3 2 4 6 2 
2 2 2 3 2 10 2 4 2 4 5 4 
1 4 2 10 3 1 1 2 4 6 6 
1 2 1 4 10 2 3 3 3 3 5 1 
1 3 1 3 4 5 1 2 2 3 1 1 4 1 1 
1 2 1 2 2 1 5 6 1 4 1 1 4 2 1 
1 2 3 3 1 3 2 6 1 2 
2 1 2 2 2 1 1 3 2 2 3 4 1 4 3 2 2 
1 2 2 2 2 11 3 3 7 2 2 2 
1 2 1 1 3 6 1 2 4 3 7 2 2 3 
2 2 3 5 2 1 2 8 1 2 2 1 2 3 
2 9 3 3 4 2 4 2 2 1 2 2 2 
1 3 2 3 2 2 2 2 1 2 1 1 2 2 2 2 3 1 
1 2 2 1 1 1 2 4 2 2 1 1 2 2 2 1 2 2 2 1 
3 2 4 1 3 2 5 2 1 2 2 2 4 2 1 2 3 2 
3 11 4 3 5 1 1 1 2 2 1 2 1 3 2 
1 3 1 2 2 2 4 1 2 2 2 9 3 2 2 2 3 
1 5 2 1 8 1 3 2 5 7 1 3 3 2 3 4 
2 8 2 2 3 3 3 1 6 7 2 3 2 2 2 4 
3 4 2 6 4 2 1 12 1 3 3 1 3 5 
3 2 1 9 3 2 2 11 2 2 2 2 3 5 
4 10 1 5 10 11 3 2 2 2 3 6 
4 4 1 4 1 3 3 15 2 2 3 1 3 6 
5 12 3 4 3 8 3 2 3 1 3 7 
6 16 2 4 2 3 3 6 2 4 8 
6 26 4 3 6 2 3 8 
7 12 9 3 11 6 2 3 9 
8 12 2 3 5 6 5 2 3 10 
9 14 4 1 3 7 4 4 11 
10 16 2 1 14 4 12 
12 14 9 10 5 13 
13 4 4 11 16 14 
15 14 14 16 
41 10 18 
43 5 20 
/
11 3 3 1 19 
8 5 3 1 2 17 
7 3 4 2 16 
6 3 2 3 7 14 
5 6 1 2 2 5 12 
5 2 1 6 1 1 2 6 11 
4 2 3 2 2 2 2 6 9 
4 1 2 2 3 1 3 3 3 4 8 
3 1 4 3 3 2 1 6 7 
3 2 2 1 1 3 2 2 2 1 6 6 
3 1 2 3 3 2 2 2 1 1 5 5 
3 3 3 4 4 3 2 8 5 
3 2 1 1 3 3 3 3 6 4 
3 1 3 2 3 2 3 10 3 
3 1 3 1 1 2 2 1 14 3 
3 1 4 2 1 2 2 3 9 2 
3 1 4 2 1 1 5 2 13 2 
3 4 3 5 2 4 5 9 2 
2 2 3 3 4 4 14 2 
2 1 5 2 4 3 1 1 3 8 2 
2 2 1 3 3 3 3 2 2 7 2 
1 1 2 3 3 3 2 1 2 2 2 4 2 
1 2 6 4 3 1 2 3 6 4 2 
1 1 2 3 1 4 1 3 2 2 4 2 
2 1 6 1 1 1 1 1 1 2 9 2 
1 7 2 1 3 1 3 4 3 2 
2 2 6 2 2 5 3 3 2 3 2 
1 2 6 2 1 3 4 2 6 3 
1 1 2 4 2 3 2 2 3 5 3 
1 7 2 2 4 2 4 2 6 4 
4 1 5 2 1 4 1 2 4 5 
1 3 1 1 1 2 4 2 1 3 7 
2 5 2 2 1 4 1 3 2 3 6 
2 1 2 1 2 3 3 2 1 3 3 5 
3 1 3 2 2 1 2 2 2 1 4 3 5 
3 1 1 2 1 2 2 3 3 2 3 2 2 5 
2 2 2 4 1 3 1 6 1 1 3 5 
2 2 2 3 1 1 1 3 5 7 5 
2 1 1 7 1 3 2 9 6 
2 1 1 3 4 2 3 2 7 3 4 
2 1 6 2 2 3 14 3 
2 2 2 1 1 2 4 11 5 1 
2 2 3 2 1 2 3 2 8 7 1 
1 1 3 1 2 3 4 3 5 7 
1 1 1 1 2 3 3 1 1 6 8 
1 4 2 2 1 4 10 2 6 
1 2 4 2 2 2 7 10 
1 5 4 2 1 8 2 1 6 
2 2 3 5 2 8 2 2 6 
3 1 2 1 3 3 2 4 2 2 6 
3 2 1 2 3 1 3 3 3 6 
4 2 4 2 2 4 3 3 1 3 
5 3 1 3 4 4 1 3 
7 2 3 3 2 5 2 3 
13 4 2 4 2 1 2 
12 5 1 6 3 1 3 1 
11 5 1 4 3 2 2 1 
10 5 2 2 5 2 2 3 2 
10 5 7 2 2 3 2 
9 5 4 3 2 3 3 
9 5 3 4 2 3 3 
8 5 3 4 2 3 4 
8 5 5 3 2 4 5 
8 5 1 3 3 3 4 6 
8 4 1 3 2 4 7 
8 4 2 4 2 5 8 
8 3 5 4 4 9 
8 3 5 4 5 11 
8 2 4 3 5 12 
9 2 4 3 4 14 
9 2 3 3 4 16 
10 2 3 3 5 18 
11 9 4 19 
11 4 5 21 
13 9 23 
