#8.231 
#nonogram 1512

3 2 
4 2 
5 3 3 
3 2 1 6 3 
1 1 2 1 3 1 3 
1 1 5 2 1 4 
1 1 5 1 2 4 
1 2 5 1 2 1 5 
1 1 3 4 2 1 5 
2 2 3 2 1 5 
2 1 2 4 3 2 6 
3 1 1 4 1 2 1 1 6 
1 4 1 2 3 1 3 2 2 6 
2 3 1 2 3 3 1 1 6 
2 2 1 5 2 2 6 
2 2 1 6 1 1 6 
2 2 1 3 2 1 1 2 6 
2 4 1 4 2 1 6 
3 3 1 2 3 1 2 2 6 
3 2 4 2 5 2 2 6 
2 2 2 1 2 2 1 2 1 
2 2 2 1 2 3 1 6 3 
1 2 1 3 2 1 1 3 1 1 4 2 5 
1 3 3 3 5 3 2 2 2 2 
1 3 3 3 1 1 2 2 3 2 2 2 
1 3 3 2 4 1 3 2 3 3 1 
1 2 6 2 3 3 1 6 2 1 
1 1 4 1 3 2 1 4 2 1 1 5 1 
1 3 1 2 1 2 3 1 1 2 10 1 
1 2 1 2 1 1 3 5 5 10 1 
1 1 1 1 3 4 2 1 10 1 
2 2 1 1 1 1 3 3 1 10 1 
2 2 1 1 1 1 1 2 3 3 3 8 1 
1 1 1 1 1 1 2 3 3 6 1 
1 2 1 1 1 1 1 1 4 2 7 
1 1 1 1 1 1 1 4 2 5 
1 1 1 1 1 1 1 1 1 3 4 2 3 
1 1 1 1 1 1 3 3 1 1 
1 2 1 1 1 2 3 5 5 2 
2 1 1 1 1 1 3 10 2 
2 1 1 1 1 4 15 5 
2 1 1 5 17 5 
1 1 5 20 5 
1 4 24 5 
1 5 28 5 
1 3 2 30 5 
4 4 30 5 
2 1 2 2 29 5 
2 3 1 29 5 
1 4 1 29 5 
1 2 1 1 29 5 
1 1 1 2 29 5 
2 2 1 29 5 
2 3 30 5 
6 30 5 
/
14 12 14 
4 3 2 2 11 3 2 
8 2 2 2 4 2 2 
2 2 2 2 1 2 2 7 1 
4 5 4 1 2 2 2 1 1 2 3 1 1 
6 4 2 6 4 4 2 1 3 1 1 
6 2 2 2 4 1 2 3 1 
11 2 2 2 3 5 5 1 1 2 
3 2 2 2 1 4 1 
3 5 2 2 2 3 3 2 1 3 3 
6 3 2 3 1 5 
8 2 3 1 2 2 3 2 2 2 
4 4 2 1 10 
7 2 2 3 3 1 3 1 11 
8 2 2 1 11 
6 4 2 2 4 3 2 11 
2 4 1 1 1 11 
6 2 2 4 3 1 12 
1 7 2 2 2 1 12 
2 6 3 1 4 2 12 
3 1 4 2 2 1 12 
2 2 2 5 2 1 3 1 13 
2 4 8 1 2 2 13 
2 2 3 3 1 1 13 
2 3 2 1 2 2 14 
2 3 6 2 1 1 14 
2 6 6 2 2 15 
4 11 3 1 1 15 
5 2 2 2 2 2 16 
3 2 1 2 1 1 16 
3 1 3 2 1 3 17 
3 2 2 1 2 1 2 17 
3 4 2 1 1 17 
2 1 11 2 17 
3 2 2 1 17 
3 8 1 1 16 
4 1 4 1 2 16 
4 5 1 1 16 
2 5 1 1 15 
2 6 1 1 15 
2 8 1 1 15 
10 2 9 2 
13 2 11 1 15 
15 2 11 1 15 
18 2 10 15 
20 3 2 17 
21 12 18 
