#8.235 
#nonogram 2431

4 
6 
2 4 1 
2 3 3 
1 2 4 
1 3 6 
1 4 7 
1 4 10 2 6 2 
1 3 2 7 6 2 
1 2 3 4 7 7 2 
1 5 6 1 2 7 2 
1 6 6 1 10 2 
1 6 11 2 3 2 
1 6 3 2 2 7 
1 2 7 1 1 7 
1 2 5 1 2 4 
2 4 4 2 1 4 
2 2 3 1 1 4 
1 2 3 1 3 2 4 
1 3 3 2 3 1 1 4 
1 1 3 7 1 1 2 
2 2 2 6 1 2 1 
1 1 2 1 1 1 
1 2 2 9 2 1 1 
2 1 8 7 1 1 
1 2 3 1 1 
2 9 6 3 1 1 
1 5 2 7 3 1 2 
1 5 1 6 1 3 1 2 
5 5 1 7 1 2 1 2 
7 4 1 6 1 2 1 4 
8 4 2 1 1 1 6 
8 4 2 3 1 2 6 
8 4 7 1 1 6 
9 3 2 1 7 
9 3 1 2 7 
15 3 1 8 
15 2 2 8 
14 3 1 2 4 
14 2 2 1 3 
14 3 1 1 2 
19 4 2 1 
14 3 2 1 
14 5 4 1 
13 10 2 1 
25 2 1 
16 2 1 
15 7 
13 6 
/
18 
4 6 
2 4 3 
2 3 4 
2 9 
2 8 
2 9 
4 3 9 
4 2 3 10 
2 4 4 10 
2 2 2 10 
3 3 1 10 
2 6 1 10 
7 5 10 
5 3 7 10 
12 9 11 
14 22 
10 2 23 
3 3 2 17 
1 2 1 13 
1 3 1 1 12 
1 5 1 5 10 
1 5 1 1 2 9 
1 5 2 1 2 2 8 
1 4 2 5 1 8 
1 4 2 5 1 1 6 
1 1 1 5 1 1 4 
2 1 1 5 1 1 4 
1 2 4 1 5 1 2 4 
2 5 3 1 3 2 1 4 
6 2 2 1 1 2 4 
3 2 2 5 2 3 
2 2 1 1 4 
2 3 1 2 4 
1 3 1 1 2 5 
3 3 1 3 1 1 3 
2 1 2 5 3 1 2 
3 6 8 3 2 
7 3 2 
4 4 3 2 
5 4 4 3 
5 12 6 
5 3 2 
9 4 4 
10 7 4 
3 3 7 2 
3 7 9 2 
4 7 10 2 
18 14 2 
47 
