#8.232 
#nonogram 1148

9 7 3 3 2 
13 11 4 4 3 3 
16 13 7 7 
30 3 2 1 
19 4 6 4 1 2 
6 4 3 2 2 3 7 7 
5 2 2 3 2 3 9 3 3 
4 2 3 8 16 
5 4 24 6 5 
26 5 2 5 7 
12 2 3 3 3 2 3 3 7 
4 6 1 2 2 4 6 2 6 
4 5 2 2 2 12 4 7 
4 6 2 2 5 10 4 2 
4 5 4 4 3 5 3 2 
4 4 4 4 3 4 2 2 
4 4 3 3 2 6 2 
4 5 3 3 2 8 1 
4 2 1 3 2 2 10 2 
4 1 2 1 3 2 5 4 1 
5 1 1 1 2 2 4 5 2 
5 1 4 2 2 3 6 2 
4 1 4 2 2 2 7 2 4 
4 5 2 3 8 2 2 3 
3 5 1 18 2 4 
2 5 3 3 13 
2 6 1 11 
2 1 1 1 2 1 8 
3 2 3 1 1 5 
2 2 3 1 1 1 2 
4 1 1 1 1 1 1 
6 2 2 4 1 1 1 
5 1 4 2 10 1 1 
6 11 2 3 8 
6 4 2 1 2 6 1 3 1 
4 1 3 3 1 9 5 2 
4 1 4 2 2 4 2 4 3 1 1 
4 1 2 1 3 3 3 1 3 5 2 
4 1 1 3 4 4 2 2 5 2 
4 3 4 13 1 5 2 
5 3 2 1 12 1 6 
5 5 2 1 12 1 5 
5 10 12 2 2 1 
27 2 2 
9 14 3 3 4 
3 3 11 7 2 2 
3 3 10 2 1 2 5 1 
6 13 1 2 10 
18 7 6 3 
12 3 3 4 3 
/
1 
3 
6 
8 
10 
12 1 
13 2 
6 6 3 
5 6 5 
5 2 4 7 
5 2 4 5 3 
6 4 4 5 2 
12 4 6 2 
13 4 8 3 
5 5 4 5 7 
3 5 4 5 7 
3 2 3 3 4 2 4 
8 3 3 4 2 3 
10 3 3 4 3 4 
4 10 3 3 9 
4 2 6 2 3 9 
5 3 8 2 4 2 10 
11 3 3 5 11 
12 1 3 2 4 2 10 
5 7 1 1 3 2 3 4 1 6 
4 3 2 1 4 6 4 1 7 
5 4 3 7 5 5 7 
10 4 5 1 3 2 4 
5 13 5 1 1 1 3 4 
3 14 3 1 1 1 11 
3 2 6 2 7 3 
6 3 2 4 4 
2 8 2 4 5 
3 20 13 
4 19 2 2 8 
3 3 7 2 2 2 7 
2 3 4 2 1 1 1 2 5 
2 5 3 3 1 2 1 2 1 4 
3 9 4 2 2 1 1 8 
3 5 11 2 1 3 9 
2 4 7 2 2 1 2 8 
5 6 2 2 6 4 2 
9 2 2 4 3 3 2 
6 2 2 3 5 3 6 
4 2 2 4 1 6 1 2 
4 4 2 6 1 2 2 1 
21 4 7 
17 1 2 3 3 3 
18 7 2 
7 4 1 7 
2 7 8 4 3 
3 2 7 3 4 2 5 
6 6 3 8 1 4 1 3 
1 2 5 3 7 1 4 2 1 4 
2 1 4 5 2 4 2 5 1 1 4 
7 9 1 3 6 6 
3 3 6 5 11 
2 3 4 1 3 4 
2 2 1 5 3 
1 1 9 4 
