#8.234 
#nonogram 1494

48 
44 8 
42 14 
40 5 4 
39 5 3 
38 4 2 
37 4 2 
36 3 2 
35 2 1 
25 6 2 1 
23 5 2 1 
22 3 3 2 1 
21 6 3 2 2 2 
21 3 3 1 2 3 1 
20 2 5 2 2 2 2 
20 2 5 2 2 3 2 
20 2 5 2 3 2 2 
20 6 1 2 3 2 3 
18 5 2 3 3 3 1 
17 6 4 3 3 1 
16 6 3 3 4 2 
14 6 5 3 4 2 
4 2 8 2 4 4 2 
2 2 2 6 2 9 5 3 
1 5 9 2 7 7 6 3 
6 5 2 10 10 2 
9 3 7 6 4 2 2 
2 6 1 7 5 3 2 4 2 
2 8 1 4 3 4 3 2 1 4 1 
1 2 6 1 2 3 1 5 6 1 
1 2 7 1 1 4 4 6 
3 6 1 1 3 11 1 7 
2 6 1 2 4 13 2 3 
6 2 2 4 4 17 2 
9 2 4 5 13 7 
1 2 2 2 5 2 19 
2 2 2 16 1 7 2 2 4 
3 1 3 9 5 9 2 2 2 
3 1 2 8 9 6 3 2 2 
4 1 8 8 3 2 3 1 2 
4 5 9 4 1 1 1 1 
4 1 2 2 10 7 2 1 1 1 
4 2 18 5 1 2 1 1 
4 2 2 11 8 6 1 2 
4 2 2 1 14 2 17 2 
4 2 2 1 1 6 1 6 5 4 2 
5 2 2 2 3 1 2 2 6 1 1 2 2 
5 2 2 3 2 3 1 5 2 2 
6 2 2 9 4 2 5 2 1 
7 3 9 4 2 3 2 1 
7 4 9 5 2 2 2 
8 13 5 2 2 2 
9 10 6 3 2 2 
12 6 7 2 3 2 
13 9 3 3 2 1 
15 11 3 4 2 1 
33 5 5 1 2 
34 13 2 
36 7 2 
38 2 
/
25 5 25 
24 3 3 24 
23 3 2 2 23 
23 3 2 2 21 
22 3 2 5 14 
22 6 9 4 12 
22 12 5 11 
22 9 2 3 9 
23 7 5 3 8 
23 7 1 4 3 7 
22 1 5 2 1 2 7 
22 2 3 2 1 2 7 
22 3 2 1 1 2 6 
22 3 6 1 2 2 2 5 
21 5 3 1 3 2 2 5 
21 5 3 2 2 4 4 
20 4 2 1 1 6 4 
19 4 1 1 9 4 
18 5 1 4 8 4 
18 5 1 7 7 4 
14 4 5 4 6 4 
12 8 1 1 5 5 5 5 
11 12 2 2 5 5 5 5 
10 3 4 6 2 5 5 4 6 
10 2 4 4 2 4 5 3 7 
9 2 5 2 1 5 4 2 8 
9 7 4 6 5 10 
9 6 7 6 5 12 
10 6 6 6 6 14 
11 2 3 7 5 1 14 
13 3 6 5 2 13 
14 5 6 7 3 6 
13 10 3 5 1 1 5 4 
11 5 2 6 4 5 1 10 3 
9 18 4 4 4 4 2 
8 4 5 3 4 4 3 3 2 
7 3 1 3 1 4 1 3 2 2 1 
6 3 2 4 1 4 2 4 1 2 1 
5 3 1 1 3 1 4 1 2 1 1 2 
4 3 2 2 2 1 4 1 3 1 1 2 
3 2 1 1 2 2 4 7 1 1 2 
3 3 2 2 2 1 11 1 2 2 
2 2 1 1 2 2 10 1 1 2 
2 2 2 2 1 1 8 1 1 2 
1 2 2 1 1 2 8 1 1 2 
1 3 2 2 2 5 7 3 2 2 
1 2 2 2 2 3 1 2 6 1 2 
1 2 2 2 2 2 2 1 1 2 3 3 2 
1 2 2 2 3 15 2 
2 2 2 1 5 5 4 2 2 
2 3 1 3 1 2 2 
2 2 7 2 2 2 
2 3 20 2 
2 3 13 3 3 
2 2 5 2 1 2 
2 3 2 2 
3 3 2 2 
2 3 3 2 
3 3 2 3 3 
3 4 7 3 4 4 2 
4 4 8 4 5 4 4 
7 7 8 4 4 
