#8.246 
#nonogram 1416

12 10 9 
9 3 5 3 8 
7 4 4 3 2 6 
6 8 5 3 1 3 5 
4 12 5 4 1 1 5 
3 15 2 5 2 1 2 
2 5 6 2 2 6 1 
2 4 5 5 1 11 1 
1 3 2 3 5 1 9 
1 3 2 3 3 6 2 2 3 
1 3 3 6 6 3 2 
3 5 2 1 11 
2 9 3 13 
3 9 2 2 13 
2 3 7 2 13 
2 2 4 1 1 13 
2 2 2 2 2 14 
2 1 3 2 3 11 
1 2 3 4 8 
1 1 3 4 2 
2 3 6 
2 4 10 
2 5 1 3 1 
1 1 2 1 2 2 3 
2 5 2 2 2 7 
1 1 4 2 3 1 2 6 
1 2 2 2 1 1 1 2 4 2 
2 2 5 3 1 2 1 1 2 2 2 
3 3 3 4 1 2 2 3 1 3 
4 3 4 2 1 3 2 5 3 
6 8 2 2 3 3 3 3 
8 2 2 2 3 4 1 
18 5 2 7 1 
3 8 6 3 11 
1 5 7 2 5 2 5 2 1 
9 6 5 2 3 1 1 
12 3 5 2 5 
14 13 7 
9 6 3 11 6 5 
7 2 7 13 2 5 
5 2 4 3 10 3 
4 2 3 1 13 7 
3 3 6 2 6 12 
2 3 7 6 8 12 
4 8 1 1 1 1 9 11 
11 1 1 3 6 11 
/
11 10 5 
8 10 7 8 
6 7 5 6 10 
5 5 3 4 7 1 
4 4 2 3 7 2 
4 4 2 3 6 2 
3 3 1 2 6 2 
2 2 2 2 5 1 1 
2 3 1 1 5 2 1 
1 3 2 2 1 3 2 2 
1 3 1 1 1 1 3 2 3 
1 3 1 2 1 2 4 4 
3 2 2 1 2 3 5 
3 2 2 1 3 2 5 
3 1 2 1 3 3 5 
3 1 1 1 2 4 2 4 
3 2 2 4 3 4 
1 3 1 2 1 5 2 1 
1 4 1 3 3 2 4 2 
1 3 2 6 2 3 5 
2 4 7 2 1 2 4 
2 3 6 4 2 1 1 
3 4 4 10 2 1 3 
1 1 5 3 8 5 1 1 1 
1 1 8 5 2 2 1 1 6 
1 2 1 7 5 1 1 1 2 1 
2 1 3 4 7 1 1 2 5 
1 1 5 7 1 1 2 3 3 
1 2 5 4 1 9 
1 2 4 2 1 1 9 
2 2 4 2 3 2 8 2 
1 2 3 1 2 2 4 8 3 
1 2 2 2 5 2 1 6 3 
2 2 2 3 2 2 2 5 3 
1 5 5 4 3 5 2 
3 2 3 2 4 2 
1 1 1 7 4 2 4 4 2 
2 1 1 7 6 4 5 2 
1 2 1 6 12 4 3 2 
2 4 8 3 3 3 5 
16 2 7 3 3 5 
1 1 4 7 2 11 5 5 
2 6 8 1 2 7 4 5 
2 3 8 1 4 1 4 3 5 
3 3 8 1 6 3 2 5 
5 3 8 2 4 1 2 2 5 
5 3 8 3 5 2 4 
5 2 8 1 3 3 4 
6 8 5 3 4 
8 3 3 3 4 
