#8.243 
#nonogram 2263

21 5 27 
20 3 4 25 
18 2 5 19 
17 2 4 10 17 
14 3 3 11 16 
10 5 2 3 9 16 
8 10 7 2 15 
7 6 2 9 5 1 15 
6 4 1 7 13 14 
6 2 14 2 13 13 
5 1 2 20 3 12 
5 2 1 20 5 2 12 
5 1 2 3 5 2 13 3 11 
5 1 1 2 5 2 15 3 8 
3 1 1 1 8 2 2 1 7 6 6 
1 5 7 1 2 2 6 5 4 
1 6 4 4 5 2 4 
4 2 3 1 7 1 2 1 
2 3 3 5 7 1 2 1 
3 3 2 2 7 2 2 
2 1 3 1 4 6 1 2 
2 2 3 3 1 1 3 6 4 
1 1 3 3 2 1 2 1 2 5 4 
1 1 4 2 6 1 2 2 7 6 
2 2 5 3 1 3 1 2 2 1 12 
2 2 2 5 2 2 1 1 1 1 2 1 5 
2 2 8 2 1 1 2 2 2 1 3 
2 3 6 1 1 4 4 2 1 
4 5 4 1 1 1 1 3 1 
1 2 5 5 3 2 
1 2 9 3 3 
1 2 8 2 3 
2 2 3 3 2 4 
2 3 3 3 6 
1 2 4 2 5 10 
1 2 3 2 8 17 1 
2 2 18 17 3 
1 2 2 1 18 24 
1 1 2 10 7 25 
2 2 1 6 1 30 
2 1 3 2 29 
3 2 2 5 2 1 17 9 
3 3 3 5 2 1 3 3 3 3 6 
5 3 2 5 2 2 3 3 1 3 4 
7 6 4 3 2 5 2 7 4 
8 5 2 17 5 5 3 
10 4 2 19 7 3 
12 3 2 3 12 4 3 
14 3 3 11 1 2 
15 3 4 10 2 2 
17 13 5 3 
18 10 3 2 
20 6 2 
23 1 
25 1 
/
17 7 6 18 
15 5 5 5 16 
15 4 4 2 14 
14 2 5 6 3 12 
14 3 2 3 6 3 12 
10 2 2 4 2 11 
8 6 1 2 1 11 
7 3 2 2 1 2 10 
6 2 2 1 1 1 9 
6 2 5 2 2 1 2 9 
5 2 5 7 1 2 2 2 8 
5 3 2 12 3 1 2 8 
5 2 1 6 5 2 5 7 
5 2 2 5 4 3 2 4 7 
4 2 1 1 2 5 5 3 4 6 
4 2 2 2 2 12 1 3 5 
4 3 1 1 2 13 2 2 5 
3 3 3 2 5 5 1 1 2 4 
2 3 3 2 5 4 2 2 2 3 
2 4 6 11 4 2 2 2 3 
1 3 1 5 5 9 3 2 2 2 
2 1 6 4 5 2 4 2 
1 2 5 2 4 3 7 
2 1 6 2 4 1 4 3 4 1 
1 2 6 3 3 3 4 4 1 
1 1 6 3 1 6 4 4 3 
2 1 10 3 1 2 3 1 3 3 
2 1 4 3 1 3 4 4 3 3 4 
2 3 3 4 6 4 5 4 
3 2 3 6 1 5 3 4 
3 2 5 1 1 7 7 
3 2 4 3 5 4 5 
1 3 8 1 5 7 
1 3 6 1 4 6 
2 3 6 1 5 5 
2 3 3 2 1 2 6 6 
2 3 4 2 2 13 
2 3 3 4 1 3 6 2 
2 3 3 4 4 1 4 5 2 
2 2 3 5 3 3 5 5 2 
3 2 3 5 2 6 8 4 
3 2 2 6 6 1 8 3 
4 5 6 2 3 8 2 
6 3 5 6 8 2 
8 4 4 3 9 2 
9 4 4 10 2 
10 3 4 13 2 
12 3 5 16 2 
13 2 7 16 4 
13 2 10 9 4 
13 2 6 8 3 
14 2 6 7 4 
14 2 4 7 4 
15 1 2 10 
17 2 8 
21 1 7 
20 2 8 
17 4 8 
15 9 1 7 
7 8 
5 10 
4 12 
3 3 7 
2 2 6 
5 
