#8.24 
#nonogram 2441

23 3 
26 3 1 
29 2 2 
30 2 4 
31 2 5 
20 7 3 4 
18 3 5 4 4 
17 2 4 3 5 3 
19 1 1 14 3 
21 7 1 2 
22 1 1 2 
23 3 2 1 
22 3 1 1 
19 2 2 
15 2 1 
13 2 2 
12 1 1 2 1 
12 2 1 2 1 
11 1 1 1 2 
11 1 3 1 1 
11 1 3 2 2 
11 1 2 1 3 1 1 
11 2 1 1 5 1 2 
11 1 3 6 2 2 
10 1 2 7 1 1 1 
10 3 5 1 1 2 1 
11 1 2 1 1 2 2 2 
12 2 1 1 1 2 3 
9 4 5 7 4 
10 2 8 4 2 1 4 
9 4 3 5 2 2 
9 3 4 3 
13 1 1 4 3 
22 4 2 
25 2 
23 1 
20 
18 
14 
12 
4 
/
14 
20 
26 
30 
33 
35 
36 
37 
37 
38 
24 15 
18 2 1 9 
16 1 8 
15 8 
15 8 
14 9 
14 8 
14 8 
14 6 8 
7 5 2 4 11 
6 1 4 4 2 4 7 
6 6 2 7 1 10 
5 1 2 3 2 3 6 
5 2 3 2 5 
5 2 1 4 
5 1 1 2 
6 1 1 1 2 
7 1 1 2 
8 1 1 2 
10 2 2 
8 1 3 1 2 
7 3 6 1 1 
6 2 1 9 2 
3 1 2 6 4 
1 1 13 
1 2 3 4 
1 2 5 1 
1 2 2 
1 2 2 
1 2 1 
1 2 3 
3 3 4 1 
5 4 1 
6 1 
2 4 4 
2 1 2 2 2 
1 4 3 2 2 1 
2 6 3 3 3 2 
1 9 3 2 5 3 
13 3 2 7 4 
