#8.245 
#nonogram 1622

2 9 6 13 13 
2 4 5 12 8 1 12 
3 5 2 6 8 2 12 
3 2 3 4 14 12 
3 1 2 3 7 8 2 12 
3 1 1 5 12 2 7 
3 1 1 4 18 12 3 
3 1 2 2 38 1 
3 1 2 2 42 
2 2 2 1 43 
2 1 2 1 10 23 1 
2 1 4 6 19 
1 2 4 5 4 3 13 2 
2 4 4 4 4 10 2 
2 9 3 2 3 9 2 
2 8 3 6 3 6 2 
1 8 2 1 1 5 4 4 2 
1 8 3 2 1 2 3 1 1 2 
2 7 2 2 2 2 4 1 1 1 
10 3 3 3 2 3 1 1 2 
1 8 3 6 2 3 1 1 2 
1 6 2 1 2 2 2 1 2 2 
2 6 3 1 2 3 1 2 1 1 
2 6 3 2 2 4 2 1 2 2 
1 6 3 1 1 1 2 1 2 2 1 
1 6 3 1 1 2 2 2 1 2 2 
2 5 3 2 2 2 1 1 2 2 1 
2 6 3 2 1 2 2 1 1 2 2 
2 5 3 1 1 2 1 2 1 2 1 
2 5 3 1 1 3 1 2 2 4 
2 5 3 1 2 1 3 1 4 
2 5 4 1 2 1 4 1 4 
3 4 4 3 2 1 1 2 1 4 
3 3 6 4 5 2 1 1 2 1 3 
3 1 7 4 2 1 2 4 3 
4 1 7 5 5 2 1 3 6 
4 2 5 2 2 2 3 1 3 2 2 
7 4 1 3 5 2 1 5 4 
9 2 3 2 2 1 6 3 
4 1 3 6 2 1 2 2 2 
2 2 3 3 4 2 1 2 
2 3 8 3 3 4 
3 2 2 3 3 3 
2 3 9 5 3 
2 4 7 2 
2 18 2 
1 2 10 
1 2 
3 
2 
/
13 6 
12 7 7 
7 4 2 5 
1 4 10 4 
3 5 14 3 
4 19 3 
2 27 3 
1 2 25 3 
1 5 22 2 
2 8 7 7 3 
3 4 6 4 4 2 
3 3 6 10 3 2 
2 3 7 15 4 
2 2 6 6 8 3 
1 2 7 4 6 2 
1 2 6 3 5 2 
2 6 2 5 2 
2 6 2 8 
2 6 2 8 
3 7 1 6 5 
2 7 1 4 10 
2 6 1 3 1 2 
2 6 8 3 2 2 
2 6 1 4 5 2 7 
3 6 2 3 10 8 
2 6 2 3 4 5 3 
2 5 3 2 2 9 2 
2 6 6 4 6 2 
1 2 6 1 2 2 4 1 2 
1 2 5 1 1 1 1 1 2 
1 2 5 2 2 1 1 1 1 1 1 2 
1 3 6 1 2 1 1 1 1 1 1 2 
2 2 5 2 2 1 1 1 1 1 1 2 
2 2 5 3 2 1 1 1 1 1 1 2 
2 2 6 3 4 1 1 1 1 1 1 2 
2 2 6 2 5 1 1 2 1 2 
2 2 9 2 2 3 1 1 2 1 1 
2 2 9 3 2 4 1 1 2 
2 2 10 4 2 4 1 2 
2 1 12 4 3 8 2 
1 15 6 2 11 1 
4 11 3 3 9 
1 17 2 4 5 
5 10 3 5 5 2 
5 9 3 8 3 
5 8 5 2 2 10 
5 7 4 2 2 8 
5 6 4 3 2 3 3 
6 15 3 1 2 2 
6 7 5 4 1 2 2 
6 3 3 4 4 2 
6 3 3 4 3 3 
7 2 9 2 3 
7 2 16 
8 2 14 
