#8.242 
#nonogram 2281

8 6 4 
8 2 6 4 
6 5 6 4 
5 7 11 
4 1 5 2 10 
2 4 3 4 5 
1 3 3 3 4 5 
1 3 6 3 4 6 
4 1 2 2 4 6 
5 2 1 1 10 
5 3 2 1 2 10 
9 2 2 4 1 10 
7 10 3 10 
7 3 2 1 4 6 3 
8 2 1 2 6 3 
8 1 2 2 3 8 1 
7 2 4 5 4 8 
2 5 4 7 4 7 1 
2 6 12 3 3 1 
1 1 2 2 16 2 2 2 
3 3 1 4 2 1 2 
4 3 2 7 2 
5 3 3 13 4 
6 4 3 6 1 
6 9 4 
7 6 4 2 2 5 1 
8 5 4 2 2 5 1 
8 4 6 1 8 2 
7 6 10 1 3 5 3 1 
7 10 9 1 1 7 4 1 
7 20 8 5 3 
6 21 6 4 3 
6 2 21 3 3 1 3 
6 28 3 1 2 3 
6 31 4 3 
5 24 2 9 
5 2 24 9 
5 26 9 
6 27 7 1 
6 14 6 6 
6 13 9 3 1 2 
6 14 5 4 3 3 
5 13 2 3 2 4 3 1 1 
5 10 7 2 3 1 1 2 1 
5 2 5 5 3 3 1 2 1 
5 2 3 4 5 4 2 2 
5 2 1 2 4 4 3 2 
5 2 9 2 4 2 1 
5 3 4 4 3 1 
5 2 2 2 2 
6 2 1 5 3 3 
6 3 2 2 5 5 
6 3 2 2 1 2 2 1 5 
6 4 2 2 9 7 
6 4 2 2 8 5 1 
7 6 2 2 7 3 5 1 
7 9 1 7 2 5 1 
7 11 1 7 1 2 5 1 
7 9 2 6 5 2 1 7 
7 9 3 14 4 6 
7 28 2 6 
7 22 4 4 1 2 
7 19 3 5 1 
7 16 3 2 2 2 1 
7 4 6 3 3 2 1 
7 2 1 1 2 3 7 1 
7 4 1 1 5 2 1 4 4 1 
7 10 1 2 6 4 2 1 
7 1 2 2 3 2 3 8 1 
7 5 2 
/
8 1 4 51 
6 9 50 
5 11 51 
5 11 49 
4 13 48 
3 2 13 12 4 20 
2 2 1 7 3 6 1 6 15 
2 1 2 3 2 2 3 2 1 1 3 13 
2 1 3 3 4 1 4 7 8 
1 5 2 2 5 2 1 12 7 
1 3 2 2 23 7 
2 2 4 2 23 7 
2 3 2 3 22 7 
2 2 2 2 21 8 
2 2 2 3 2 16 9 
3 3 6 1 15 11 
6 3 2 14 12 
4 3 2 14 9 1 
3 2 13 2 7 2 
4 2 1 13 2 2 4 3 
2 2 3 1 14 3 5 2 
2 1 2 1 12 3 4 6 2 
3 5 2 11 6 8 2 
8 2 11 6 2 5 2 
1 4 13 1 4 1 5 2 
5 16 2 2 1 6 2 
4 17 2 2 8 3 
5 18 2 9 3 
5 18 3 1 8 2 
2 2 1 1 12 2 11 2 
2 2 2 9 1 2 1 9 1 
1 3 1 6 1 2 1 2 8 1 
5 2 2 3 2 1 5 3 2 
1 3 2 2 1 1 3 4 1 
1 1 2 6 2 1 3 3 1 2 
1 2 7 2 5 5 1 2 1 
2 6 1 2 3 4 2 3 
2 4 2 2 2 7 4 
1 4 1 2 1 3 4 2 1 1 
1 2 2 2 2 3 2 4 
1 3 1 4 4 1 1 4 
1 3 2 2 1 2 2 1 1 
1 2 1 4 2 1 3 2 
1 3 1 3 1 3 1 1 
9 2 4 2 1 2 4 1 2 
19 2 1 1 1 2 2 4 2 2 
21 2 2 1 9 2 2 2 6 1 
20 1 3 2 10 1 1 2 2 1 
5 9 1 2 2 9 2 2 7 1 2 1 
20 2 2 1 8 1 2 8 2 1 
17 1 2 2 8 2 1 11 2 1 
13 4 1 2 1 5 3 2 10 3 2 
17 2 1 2 9 4 2 11 1 1 
15 4 4 8 2 2 5 4 3 1 
4 9 1 2 2 11 6 17 3 
