#8.241 
#nonogram 2303

6 1 1 11 2 
9 2 1 12 2 
11 1 2 16 
13 2 3 1 16 
15 1 1 1 2 17 
16 2 2 3 14 3 
18 2 1 1 1 15 3 
19 2 3 2 2 10 3 
21 2 3 3 2 6 1 
23 2 2 4 2 6 1 
25 2 1 2 2 2 6 3 
19 5 2 3 2 2 4 1 5 
18 8 2 3 1 2 2 2 3 1 7 
18 1 2 2 1 2 4 4 2 3 8 
17 3 2 5 1 1 2 5 2 3 9 
17 4 2 1 3 7 3 2 10 
17 3 3 3 3 9 5 12 
16 4 3 4 2 4 2 1 2 10 
16 4 5 5 2 1 1 1 5 7 
16 3 6 2 6 2 2 2 2 7 
1 13 7 6 2 2 4 11 
14 4 7 3 8 2 1 3 2 1 6 
15 3 9 2 9 2 1 3 2 2 7 
2 11 4 9 5 3 2 3 3 2 4 
1 1 10 1 10 2 3 2 2 4 1 3 8 
1 1 9 3 11 2 2 4 3 5 4 1 3 
9 3 12 3 1 2 8 2 9 
4 3 1 16 1 4 3 4 3 1 3 
1 1 1 2 4 9 5 4 2 4 2 2 2 
1 1 1 1 3 8 4 2 4 1 2 2 
1 2 12 2 2 2 2 5 2 
1 1 2 9 2 2 4 2 4 
1 1 1 2 7 2 1 2 1 3 1 
6 2 1 7 3 2 3 1 2 
7 8 2 1 2 3 3 1 
8 2 2 4 2 1 1 3 7 2 4 
11 2 2 2 2 2 2 7 3 2 2 
7 2 2 2 1 1 3 9 3 3 
3 2 2 1 2 2 2 14 6 
3 2 3 2 1 1 1 1 24 
7 1 2 2 1 3 26 
10 1 1 2 3 26 
13 1 2 1 1 25 
15 2 1 1 25 
1 17 2 2 25 
21 2 2 3 25 
25 2 2 1 3 26 
34 1 2 29 
36 35 
73 
/
4 3 
6 2 
5 2 2 5 3 
11 2 3 6 
18 4 5 
22 4 8 
22 3 10 
28 2 11 
25 3 11 
28 3 3 11 
32 1 2 10 
28 2 4 10 
27 3 1 4 10 
25 4 1 3 9 
23 2 3 4 1 9 
21 1 2 1 2 2 2 9 
19 6 5 3 1 8 
17 3 8 2 8 
15 2 3 11 2 7 
12 2 1 18 7 
11 2 2 18 6 
9 3 1 16 6 
7 3 15 5 
5 1 2 15 5 
4 2 14 4 
5 15 7 
19 11 
5 11 5 4 
3 4 8 3 3 
2 1 2 1 1 5 3 4 
3 2 1 2 2 4 3 5 5 
3 2 2 3 3 3 3 1 3 
6 6 2 2 2 4 
10 12 3 1 4 4 
3 4 11 2 3 2 3 
2 5 8 2 2 5 3 
3 6 6 1 2 
4 3 4 5 2 2 
3 5 3 1 2 1 
6 2 1 2 1 
2 3 2 3 1 1 2 
3 3 2 1 2 2 2 4 
5 3 2 5 2 
3 2 2 2 3 5 
1 3 2 1 3 7 
3 4 2 2 1 1 3 2 
2 2 5 2 1 2 3 
3 2 5 2 2 3 3 
4 2 5 2 2 5 3 
5 2 3 4 7 4 
7 2 2 3 2 10 
8 3 4 2 11 
8 3 4 3 11 
8 3 2 12 
12 3 2 12 
17 3 13 
19 3 14 
15 2 14 
11 2 15 
13 2 2 1 15 
5 8 2 16 
8 3 2 1 3 17 
8 2 2 1 1 20 
8 8 1 4 1 1 1 13 
3 7 1 1 2 1 2 12 
7 1 1 2 1 12 
12 1 2 3 15 
11 3 2 4 2 1 11 
13 1 1 5 1 11 
12 3 1 1 1 1 1 12 
13 1 1 2 1 12 
11 1 1 1 1 12 
12 1 1 1 1 13 
12 15 
5 1 1 16 
