#8.248 
#nonogram 2099

3 3 
7 3 
10 3 
12 3 
5 2 4 3 
3 1 2 5 3 
3 11 3 
8 2 4 3 
11 4 3 
2 4 6 3 
2 1 4 5 3 
1 2 1 12 3 
3 1 1 6 5 3 
4 3 1 6 4 3 
7 2 1 3 4 3 
6 2 4 4 3 
5 4 2 4 3 
20 3 
3 1 10 3 
3 1 8 3 
2 1 4 3 
1 2 3 3 
1 3 3 3 
2 4 4 3 
1 4 3 3 
1 1 5 3 2 
2 2 12 2 
2 2 13 8 2 
6 2 12 9 2 
8 2 12 2 1 4 2 
27 2 2 2 2 
1 5 26 4 2 2 
3 5 2 21 2 2 2 
4 5 21 2 2 2 
12 2 2 13 3 2 2 
3 2 5 3 12 1 3 2 
3 2 5 1 1 2 1 12 1 1 3 2 
2 1 6 2 2 2 16 3 2 
2 2 8 3 3 5 12 3 2 
1 2 6 2 3 8 8 3 4 2 
1 1 4 2 4 9 2 5 3 4 2 
3 4 3 13 1 3 2 5 2 
15 10 1 2 2 11 2 
14 10 3 1 2 4 5 2 
16 9 5 1 4 4 2 
14 9 8 1 4 3 1 
13 21 6 2 4 1 
11 22 4 1 9 1 
11 15 7 4 1 11 1 
9 13 4 10 11 
8 11 4 4 1 3 3 8 
7 10 5 5 3 3 2 5 
6 8 5 4 5 4 6 
4 7 4 11 4 2 3 
6 4 9 1 3 2 4 
4 7 1 2 6 5 
4 11 1 2 8 
3 8 2 2 11 
3 8 10 4 
3 11 5 2 3 
2 14 1 11 
2 13 5 1 6 
10 5 2 4 5 
4 3 7 2 1 1 4 
4 1 5 1 1 2 1 3 
4 7 1 8 1 
4 16 1 
4 14 1 
4 10 2 
4 6 2 
4 2 
4 2 
3 2 
2 2 
1 2 
/
5 
4 1 
3 2 
2 5 
2 3 3 
3 1 1 4 
5 9 
5 12 
1 14 
6 10 
7 10 
8 10 
7 11 
5 2 12 
5 14 
5 14 
4 12 
7 6 2 
5 3 1 1 
4 1 4 1 
4 1 10 
3 13 
3 15 
3 16 
3 17 
6 16 
2 9 13 
2 6 1 13 
1 5 2 14 
1 7 8 5 
2 9 7 5 
1 9 1 3 5 
1 9 5 6 
3 11 13 
4 13 4 5 
5 19 4 11 
6 4 13 2 23 
6 4 12 3 15 10 
7 1 15 11 13 
7 15 9 14 
2 1 6 11 3 3 5 
2 1 5 11 1 3 3 
4 3 3 1 1 13 3 8 
2 1 5 3 14 16 
3 1 9 2 11 18 
3 1 2 6 3 8 21 
3 1 1 1 4 2 2 3 10 11 
4 10 2 2 15 11 
6 3 5 2 1 1 5 5 1 14 
3 9 3 3 4 3 1 2 18 
3 9 3 3 6 1 7 1 9 
13 3 5 3 11 6 
4 3 2 1 3 18 2 5 6 
3 2 1 2 4 17 3 1 4 4 
10 6 17 5 2 6 
5 2 7 6 7 5 1 4 
4 2 7 10 2 9 
13 4 11 4 
11 15 8 
9 6 1 2 3 6 
5 4 7 1 4 
11 3 5 
6 2 3 3 
5 3 8 
10 7 
25 16 
45 12 7 
49 7 10 
