#8.247 
#nonogram 1374

4 4 3 
8 3 3 
2 4 3 3 
2 4 4 3 3 
2 9 3 3 3 
1 2 3 3 3 3 
1 2 2 3 3 2 
1 1 2 3 2 2 
6 2 3 3 2 
10 2 3 2 2 
2 7 2 2 2 2 
2 7 2 2 2 2 
1 3 7 2 3 2 2 
2 2 2 6 2 2 1 2 
1 1 1 7 1 2 4 
1 1 4 6 2 2 4 
1 1 1 6 2 2 3 
1 2 11 2 2 3 
1 1 13 2 2 3 
1 15 1 2 3 
1 3 11 1 2 2 2 
1 2 9 2 1 2 3 
3 4 8 1 2 1 3 
2 2 2 7 2 1 2 3 
1 1 1 7 1 1 2 2 
1 1 3 9 1 2 1 3 
1 1 2 12 1 2 1 3 
1 3 2 10 2 1 2 1 1 
1 2 2 1 1 9 1 1 2 1 1 
1 1 1 8 1 2 1 1 2 
1 2 5 7 1 2 2 1 2 
1 1 2 2 2 1 7 1 2 2 1 2 
2 1 1 1 6 2 1 2 1 1 
1 1 1 1 3 1 6 2 1 2 1 1 
1 4 3 3 6 2 1 2 2 
1 3 1 3 1 6 1 1 2 1 1 
2 2 1 5 1 6 1 1 2 2 1 
2 2 1 2 1 6 1 2 2 2 1 
3 1 2 3 2 6 1 2 2 2 
3 1 1 2 2 5 1 2 2 3 
4 2 2 5 5 2 2 2 4 
4 2 2 1 5 2 2 2 4 
5 2 2 1 5 2 1 2 4 
5 3 5 2 1 3 4 
6 4 5 1 2 2 4 
7 7 2 2 2 5 
7 1 1 3 5 
8 1 1 2 2 3 5 
9 2 1 3 2 2 5 
10 2 2 3 2 2 6 
11 2 4 2 3 7 
12 2 6 3 7 
13 4 4 8 
15 11 9 
17 7 10 
/
10 22 
3 11 19 
2 2 4 4 3 17 
2 2 2 1 3 5 1 2 15 
2 2 1 1 1 3 2 2 4 13 
2 2 2 1 1 2 2 2 11 11 
1 2 2 1 1 3 1 2 4 2 10 
1 1 3 2 1 3 1 1 2 2 2 8 
1 2 4 3 4 2 1 1 3 2 2 7 
2 2 5 4 2 1 1 2 1 3 2 2 6 
2 2 7 5 1 1 1 1 2 1 2 5 
2 2 13 2 1 1 2 1 2 2 4 
2 1 14 3 1 1 1 1 1 1 2 2 3 
2 1 18 2 1 2 1 1 1 1 2 2 
2 2 18 2 1 2 1 1 1 2 2 
2 1 17 2 1 2 1 2 1 2 1 
2 2 16 1 2 2 1 2 1 2 1 
2 2 12 5 3 2 1 
3 2 12 4 1 2 
3 2 23 4 
3 2 18 2 2 
3 3 17 1 1 2 
3 3 15 1 1 2 
3 3 12 2 1 2 
4 3 2 8 1 1 2 
1 3 3 3 2 1 2 
3 4 3 5 3 2 3 
5 4 3 8 6 2 2 
7 4 5 12 2 3 
6 4 7 4 3 
6 5 17 3 1 
5 6 5 5 2 
5 9 6 3 
6 6 18 5 
24 8 6 
34 10 
6 20 
7 19 
6 16 
4 15 
