#8.251 
#nonogram 1557

3 4 4 9 
3 5 6 10 
2 1 3 6 1 10 
2 1 1 2 5 1 1 11 
2 1 1 2 3 1 1 1 11 
2 1 1 2 3 1 1 1 11 
1 1 1 2 3 2 1 2 11 
2 2 1 3 2 1 1 1 1 11 
2 1 1 2 1 1 2 2 1 12 
1 1 2 4 1 1 1 2 12 
2 2 1 1 2 1 1 2 1 12 
2 1 1 1 1 2 1 2 13 
2 2 1 1 1 2 1 13 
2 1 1 1 2 14 
2 1 1 2 14 
2 2 11 
2 2 3 9 
4 2 2 7 8 
3 4 2 1 3 1 3 7 
2 2 5 3 2 2 1 2 7 
3 3 3 4 1 2 2 6 
1 3 6 2 2 1 1 2 6 
2 2 3 1 2 1 2 1 2 5 
3 4 2 3 1 2 2 5 
1 2 1 4 3 1 1 1 5 
5 11 3 1 1 1 5 
1 2 4 2 2 3 1 2 5 
5 4 2 1 2 1 1 5 
1 2 2 2 5 6 
6 2 7 4 1 6 
1 2 1 11 5 5 
5 5 2 3 2 1 5 
1 7 3 2 2 5 
2 2 2 2 5 1 
5 3 2 6 2 3 1 
1 4 8 3 1 2 
3 2 7 2 3 1 3 4 
13 4 2 2 9 
2 5 2 2 2 2 2 1 1 2 2 
5 2 2 2 2 2 2 4 1 2 
2 4 8 2 1 2 3 2 1 1 
1 2 2 10 1 1 1 2 2 2 2 
2 10 3 1 2 2 1 1 2 2 
2 3 3 2 10 3 3 3 
1 1 4 4 11 4 4 
1 2 2 1 3 5 4 2 7 
1 1 1 5 3 1 2 1 10 
2 2 2 3 2 4 3 1 2 11 
2 1 2 2 2 2 2 3 1 11 
1 2 2 1 1 1 1 4 2 2 12 
2 2 1 4 1 1 3 2 2 12 
1 5 1 2 3 5 2 2 13 
1 1 4 2 4 3 2 2 14 
1 1 1 4 1 3 1 2 2 15 
4 1 1 3 2 1 2 3 16 
4 1 1 4 2 4 17 
6 2 1 7 2 2 19 
9 1 7 3 21 
/
1 1 1 4 4 7 
1 10 2 3 4 
3 2 2 1 2 4 5 
1 1 1 1 1 1 1 3 3 4 
3 2 1 1 1 2 6 2 
1 1 1 1 1 2 1 2 3 1 3 
3 2 1 1 2 1 1 2 5 1 
4 1 2 1 1 9 1 6 3 
1 2 4 1 14 3 2 2 
2 4 1 2 6 2 5 5 
6 1 1 1 4 2 2 3 4 1 2 
8 3 2 2 2 2 3 3 4 5 
1 5 1 2 2 3 2 8 4 4 2 
3 3 2 2 1 3 2 14 1 5 
2 5 2 2 2 4 8 2 2 2 4 
2 4 2 2 3 2 5 2 2 1 2 4 
4 2 1 2 2 2 4 4 2 3 2 3 
2 5 1 4 4 2 2 5 4 2 2 
3 4 2 3 3 2 2 1 4 2 3 2 
5 2 5 3 2 1 3 2 3 3 2 
6 1 2 2 1 2 1 1 2 4 2 1 2 
3 2 2 1 1 2 3 1 3 4 
4 1 2 2 2 5 1 1 3 1 
4 1 1 2 2 2 6 4 
3 3 2 6 4 4 
3 3 1 3 3 2 2 2 1 
5 2 4 4 2 2 2 2 1 
3 4 1 2 3 7 5 1 1 
2 3 2 2 3 4 3 2 2 
6 3 2 3 2 4 2 2 
3 3 2 3 2 3 2 3 
2 4 3 2 5 2 4 
5 3 2 3 3 2 5 
2 4 2 4 2 3 3 6 
7 4 2 3 4 3 7 
1 7 4 3 4 3 9 
13 2 3 9 6 11 
15 3 2 3 10 2 12 
17 5 3 2 1 2 1 1 12 
18 6 2 2 4 1 1 12 
20 3 2 2 1 13 
22 7 5 2 13 
34 2 2 13 
34 2 3 14 
33 4 15 
32 4 17 
30 4 18 
