#8.256 
#nonogram 1499

8 4 1 13 39 
7 2 3 2 2 2 3 2 1 34 
13 8 1 5 1 1 1 1 3 29 
5 2 3 15 2 5 28 
5 1 1 19 1 5 27 
6 1 2 3 4 8 6 2 10 10 
2 3 2 2 1 2 12 2 6 8 
1 2 5 2 5 10 4 6 
1 3 4 3 4 9 2 5 
1 2 4 3 3 3 10 4 
1 2 2 2 5 9 4 
6 4 2 7 3 
1 3 3 5 5 2 
2 3 4 6 1 
2 1 5 2 3 
2 1 10 2 
1 2 1 3 7 1 
3 1 1 2 6 
2 2 3 2 6 1 
2 2 4 2 3 2 1 
3 1 2 5 5 2 2 
2 2 2 3 4 1 3 
1 4 1 2 3 1 3 
2 4 1 1 2 1 2 4 
3 4 2 1 2 1 5 
7 1 3 6 
8 2 7 
9 1 4 1 3 
8 4 2 4 
9 3 1 3 1 
4 3 2 1 2 2 3 2 
1 2 4 2 3 3 3 3 
1 1 5 3 3 4 4 4 
1 7 3 4 3 3 10 
1 8 4 3 7 2 1 2 12 
1 2 6 7 2 5 1 2 12 
3 1 6 9 8 2 2 1 9 
3 5 7 11 3 1 10 
4 4 5 10 6 4 8 
3 3 4 12 8 3 8 
3 2 3 5 7 9 2 7 
4 2 1 2 4 7 9 3 7 
5 2 2 4 10 13 3 8 
5 5 5 28 3 8 
5 4 5 27 3 9 
6 5 3 22 4 13 
8 5 24 1 2 10 
9 5 8 13 11 
11 5 6 6 6 12 
14 5 4 6 5 14 
15 7 2 3 5 16 
16 7 2 2 4 19 
20 6 5 3 3 20 
23 4 5 4 21 
25 17 23 
/
11 3 24 
7 5 4 19 
6 2 9 19 
10 2 10 1 14 
9 3 7 13 
3 2 3 9 10 
5 1 9 3 9 
1 2 5 10 3 9 
1 5 3 5 3 8 
2 2 4 4 3 7 
2 5 8 7 
1 2 2 7 6 
1 2 9 6 
1 3 2 6 6 
1 1 3 5 5 
2 2 9 4 
5 5 2 3 
4 5 1 3 
3 6 4 3 
4 5 2 4 3 3 
4 2 7 7 2 
1 3 2 16 2 
1 3 1 2 8 7 2 
6 1 1 5 9 1 
2 7 3 4 2 3 4 1 
1 8 9 3 4 
1 3 4 6 3 1 4 
5 3 4 2 2 4 
6 2 2 2 1 2 2 4 
1 11 2 10 4 
2 9 12 2 
2 5 1 12 1 
3 3 5 4 2 1 1 
1 5 1 6 4 4 
3 2 3 3 15 3 
1 2 5 1 15 3 
1 1 6 15 3 
1 1 3 4 13 3 
2 4 6 12 1 
1 5 10 9 1 1 
1 7 5 5 6 3 2 
2 3 2 4 6 9 2 
4 1 3 11 9 3 
4 6 6 1 8 3 
3 5 1 4 2 1 7 1 1 
2 7 8 2 7 1 
3 1 13 2 6 1 
4 7 3 3 5 1 1 
6 7 1 3 6 3 
6 7 4 11 
7 8 5 10 
12 12 10 
9 9 10 1 
8 7 11 1 
8 4 8 2 
7 3 7 1 3 
6 3 8 4 
6 5 9 4 
5 1 17 4 
5 2 3 10 5 
5 2 4 7 5 
5 2 3 1 2 1 6 
5 3 3 3 6 
5 3 2 8 7 
5 3 3 8 8 
6 5 3 3 10 
6 6 11 
7 8 13 
7 22 
8 22 
9 22 
11 23 
12 24 
13 25 
14 26 
