#8.253 
#nonogram 1595

11 5 
5 6 1 5 
3 4 1 5 
11 3 1 7 
6 3 9 
5 3 9 
4 2 9 
2 3 9 
3 2 9 
2 2 2 6 
2 2 2 6 
2 1 2 6 
4 1 2 6 
12 2 5 
4 10 1 5 
4 7 4 
4 5 2 4 
3 3 3 3 
2 7 3 
3 1 3 2 3 
3 2 1 2 3 
2 2 2 3 
3 1 1 2 3 
2 2 2 2 3 
2 1 2 2 3 
2 2 2 1 3 
2 3 2 1 3 
1 1 4 2 1 3 
3 5 3 1 3 
2 6 5 1 3 
2 11 1 2 3 
3 5 2 1 3 2 
2 1 2 2 2 2 2 
3 2 8 2 
2 2 7 2 
3 1 1 3 2 
1 2 2 3 1 3 
1 2 2 4 3 3 
2 4 1 2 3 7 3 
2 5 4 4 3 1 
3 4 1 2 7 1 
3 5 6 
3 3 2 2 
4 3 1 3 
4 3 2 
4 3 2 
4 3 1 2 
4 3 1 1 1 2 
4 2 3 2 1 1 1 
4 6 1 4 2 1 
4 4 5 2 1 
5 4 3 6 3 2 
5 2 3 1 9 1 2 
5 3 3 2 4 2 
5 2 3 5 1 2 
4 3 3 4 1 3 
4 3 2 4 2 3 
4 3 2 1 1 2 2 2 
4 3 3 3 1 2 2 
4 4 3 5 1 2 2 
4 5 1 1 2 2 4 1 2 
4 4 2 2 1 1 2 1 1 1 
5 3 2 1 2 3 4 1 
6 2 3 2 3 2 
6 2 4 3 7 1 
6 11 4 2 1 
6 3 2 1 3 1 1 
7 2 2 6 2 2 
7 5 2 4 
7 9 
/
7 34 
2 5 6 32 
3 6 2 5 30 
4 6 4 27 
2 1 5 4 4 8 
2 1 3 3 3 7 
2 1 2 4 4 4 5 3 
1 1 3 1 12 9 
1 2 2 24 
1 2 1 2 6 5 7 
2 2 2 3 1 4 8 
2 3 1 3 3 5 3 3 
2 2 1 3 2 2 6 4 1 
2 3 3 4 1 13 1 1 
2 2 3 3 2 3 4 7 1 
2 4 3 3 2 2 3 3 1 
2 9 3 2 2 2 1 1 
3 4 2 3 2 1 2 1 1 
3 3 3 2 1 3 1 1 
4 3 2 1 3 6 2 1 
6 3 2 2 1 4 2 1 1 2 
10 3 5 3 3 2 1 
3 2 1 3 5 2 2 1 
3 2 2 3 7 1 2 
4 2 6 2 2 3 3 2 2 
4 1 10 2 6 2 4 
12 3 7 8 9 2 1 
10 3 3 5 4 2 3 2 2 
8 3 4 3 9 3 3 
10 9 2 3 4 3 11 
15 18 3 6 6 
17 4 2 2 
31 3 4 6 1 1 
39 7 13 2 
41 14 6 
