#8.257 
#nonogram 2285

9 8 5 9 2 
9 11 2 4 6 4 2 
8 11 2 3 8 3 2 
8 12 3 4 5 3 3 2 
8 2 5 7 3 2 4 3 3 1 
7 1 4 4 2 5 9 3 3 5 1 
7 6 2 3 2 3 3 1 2 2 8 1 
3 2 3 2 2 1 3 3 2 2 12 1 
2 2 2 3 1 2 1 1 3 12 1 
1 4 3 2 6 1 2 1 3 12 1 
1 6 3 4 3 1 1 1 5 11 1 
2 4 2 4 4 2 6 2 1 
1 2 6 3 8 3 3 1 
2 4 8 5 3 1 2 3 1 
5 3 2 3 4 2 2 2 2 1 
2 1 4 1 3 2 8 3 6 1 
5 3 3 1 1 11 3 6 
2 2 3 2 2 2 4 4 2 7 
2 3 4 1 3 5 1 6 
3 5 3 5 6 6 1 6 
7 1 1 3 10 2 2 3 5 
5 1 1 2 1 2 2 1 3 3 3 
1 2 2 1 1 1 3 1 1 3 3 1 
1 2 1 1 2 1 5 3 2 3 
1 2 2 1 3 3 9 3 23 
2 2 3 3 1 5 1 8 23 
2 2 6 1 5 2 6 4 4 
2 2 2 3 2 5 6 3 3 2 15 
3 3 3 5 4 4 4 
4 3 2 6 1 3 23 
4 7 1 5 2 2 22 
3 9 7 1 3 2 3 3 1 
2 18 1 3 2 4 1 
2 20 2 2 2 3 1 
1 21 2 1 2 3 11 
20 3 1 4 3 11 
20 3 5 3 
20 2 4 1 3 10 
14 4 2 3 1 3 
13 4 1 4 2 3 9 
11 5 1 1 7 3 8 
4 6 6 1 7 3 2 
5 6 7 2 3 2 8 2 1 
5 7 7 4 1 17 1 
6 6 7 2 3 3 3 1 1 
7 6 7 2 1 2 2 2 1 
4 9 6 1 1 2 2 2 1 1 1 
2 11 6 1 3 2 2 1 3 
1 11 5 2 5 1 1 10 
1 12 6 1 5 1 2 4 1 
1 18 3 2 1 6 1 1 1 5 1 
1 17 5 1 2 3 2 7 1 3 1 
1 17 8 3 2 7 1 1 2 5 
20 6 3 1 7 1 1 4 
19 1 3 1 2 2 1 6 3 1 4 
20 4 7 6 1 2 5 
20 3 2 2 3 5 1 1 5 
19 9 1 5 1 1 2 3 1 
4 13 12 1 5 1 5 4 1 
4 13 14 4 8 1 4 1 
4 5 6 12 6 6 3 1 3 1 
4 3 6 14 7 3 1 2 4 1 
3 6 11 7 1 1 1 3 1 
4 7 11 12 1 4 1 
12 11 2 5 4 1 3 1 
10 15 4 5 1 
6 11 4 2 3 1 
3 8 5 
3 2 8 
1 2 2 6 
/
11 13 8 
9 3 3 9 4 6 2 
8 2 3 8 4 13 2 4 
7 2 4 8 2 14 4 5 
8 2 2 1 2 3 13 14 
8 2 2 1 2 2 31 
7 8 3 1 11 19 
5 4 2 2 3 14 19 
2 1 3 6 28 5 
2 5 3 32 3 
3 2 1 3 2 33 3 
4 5 1 2 2 2 33 3 
3 3 1 2 3 32 4 
4 2 1 1 1 1 1 2 9 18 5 
4 2 2 2 2 3 7 1 1 10 7 
4 3 1 4 1 3 6 6 18 
5 4 4 2 5 35 
6 11 2 37 
8 5 6 40 
8 2 2 3 41 
6 3 3 5 14 9 9 
3 3 6 4 12 5 5 
1 2 2 2 2 5 4 
2 1 2 1 2 4 5 
4 2 1 1 2 3 4 4 9 
1 1 1 2 2 2 2 3 16 
2 2 2 3 6 3 17 
4 1 2 4 3 2 5 10 
5 1 3 1 1 1 2 1 2 12 
3 2 1 4 2 2 1 2 12 
1 3 1 4 7 1 2 4 4 3 1 1 1 11 
2 2 1 1 5 3 1 4 4 1 12 
4 3 1 2 3 4 2 2 1 1 11 
6 1 2 2 4 1 1 4 12 
7 1 1 3 2 2 2 12 
4 1 1 2 6 3 3 2 1 1 4 1 
2 2 2 9 7 1 1 1 1 2 2 
1 1 2 2 7 11 2 1 1 1 1 
3 3 2 8 5 4 4 4 1 1 
2 16 2 3 2 1 4 3 1 
3 1 7 2 4 3 6 3 
7 5 3 4 4 5 4 
5 5 7 3 4 1 3 5 4 
3 4 7 3 2 4 3 4 3 
7 4 4 1 4 2 5 3 
4 3 2 9 3 4 2 
4 4 1 9 3 3 2 
7 1 1 9 3 1 2 1 
9 14 5 1 
2 3 6 3 6 2 3 1 
4 2 1 7 3 1 5 2 
5 3 2 4 2 1 2 6 2 8 4 
10 4 2 1 2 6 2 3 1 1 
4 5 2 2 1 2 5 4 1 1 1 5 1 1 
3 2 5 1 2 1 2 2 7 1 1 2 1 
12 2 1 2 2 1 5 3 1 1 2 2 
13 2 1 2 2 1 1 3 1 5 1 4 2 
1 2 8 3 2 1 2 2 1 2 2 1 1 7 4 
2 15 2 1 2 2 1 2 1 3 6 
12 7 2 1 2 2 1 2 1 1 3 8 
11 2 6 2 1 2 2 1 2 1 5 9 
22 2 1 2 2 1 2 4 14 
17 2 1 2 2 1 4 4 10 
4 6 2 1 2 2 1 3 2 5 
16 2 1 1 5 1 2 25 
