#8.254 
#nonogram 2200

11 
3 4 
2 1 4 
2 1 4 
6 1 4 
1 2 1 1 4 
1 3 1 4 
1 2 1 1 4 
11 1 4 1 4 
1 1 4 1 1 1 4 
2 2 5 1 1 4 
1 5 4 1 3 1 4 
1 1 1 2 1 1 2 1 
1 1 3 1 3 1 2 
2 1 3 1 7 1 
1 7 1 7 2 
1 1 8 3 
1 1 1 5 
1 3 5 1 3 
1 1 3 5 1 2 3 
6 1 6 3 3 
1 7 2 4 
2 10 1 5 
4 8 1 3 2 
8 1 2 1 
7 1 3 
7 1 2 
3 7 1 2 
6 2 13 2 
4 12 3 2 
4 3 11 1 2 2 1 
3 1 1 10 1 7 2 
3 1 1 2 2 12 2 3 
3 1 3 3 4 2 2 3 
3 2 1 1 1 1 1 6 
6 1 1 1 4 1 1 6 
4 1 3 2 1 1 3 2 
3 3 2 2 1 2 8 1 
3 1 1 2 1 10 2 2 
3 1 1 1 1 14 1 
3 3 10 2 1 
4 10 1 3 2 
5 10 1 2 7 
8 11 1 1 1 2 1 
6 1 14 3 1 
4 4 7 3 2 2 
4 7 2 2 4 
7 2 1 5 
11 6 10 
1 3 2 10 
9 1 1 1 6 3 
2 5 1 5 5 6 2 
1 1 2 1 1 1 1 1 6 1 
1 3 1 1 3 1 4 1 1 
1 1 1 1 1 3 1 1 
3 1 1 5 2 1 1 
4 3 1 2 2 1 1 1 1 
4 1 1 1 1 1 1 1 
1 2 3 1 2 2 1 2 1 
2 1 1 1 10 1 4 1 
/
11 1 3 1 4 
14 1 2 2 1 
7 16 1 1 1 3 
5 1 3 2 5 1 1 3 
3 1 3 2 1 2 4 1 3 1 
1 1 2 2 3 1 2 
1 1 1 1 2 2 4 1 2 1 2 1 
1 1 5 1 1 1 1 1 2 1 1 4 2 1 
1 1 1 2 1 1 2 2 1 1 1 1 10 
1 1 1 3 1 1 6 4 1 1 
1 1 1 1 1 1 1 2 12 
1 1 5 2 1 1 1 1 
1 5 1 1 2 7 1 
1 2 6 2 1 2 2 
3 7 2 4 2 
15 9 4 
1 1 29 1 2 
1 1 15 15 1 3 
1 1 1 14 1 14 2 
1 1 1 13 1 13 3 1 
1 11 11 1 1 
7 9 1 1 11 3 1 
1 5 5 1 7 3 1 1 
1 1 1 6 8 3 1 
1 1 1 2 17 1 3 1 
2 2 1 2 1 1 1 1 2 2 1 
4 1 6 2 5 7 2 1 
2 1 1 1 2 1 6 2 1 1 2 
2 8 2 5 2 2 5 4 
2 3 3 2 2 2 1 2 
17 1 1 1 3 13 
1 3 1 1 2 2 8 
1 3 1 1 1 9 
1 4 1 1 1 2 6 
1 2 1 17 2 5 1 
1 1 23 1 13 
14 9 9 4 2 
23 4 10 1 
12 2 6 7 
13 2 8 14 
