#8.262 
#nonogram 2300

33 3 5 18 
28 6 5 15 
23 5 5 5 14 
20 4 4 3 3 3 2 14 
17 10 2 2 2 5 2 13 
12 6 5 4 3 7 2 13 
11 3 4 3 2 3 1 2 3 2 3 13 
6 2 3 4 1 5 3 2 1 2 3 11 
5 2 1 2 1 3 2 1 1 2 4 7 9 
4 8 1 3 5 1 1 7 4 3 8 
4 2 3 9 8 7 5 9 8 
2 2 1 2 3 2 2 2 4 7 2 1 3 5 8 
1 5 7 2 3 1 10 2 2 6 7 
2 1 2 5 2 7 9 1 3 2 7 
2 2 2 1 2 1 14 6 1 2 2 2 6 
1 2 2 5 5 1 2 3 4 2 1 1 3 5 
2 2 1 8 1 2 4 1 4 1 7 6 5 
1 1 2 2 2 2 12 2 1 2 4 13 5 
1 4 1 2 2 14 3 2 10 4 
2 3 2 1 4 8 2 2 6 4 
2 2 4 1 3 3 8 2 2 3 4 
2 2 3 2 3 4 4 2 3 
1 2 2 2 2 2 6 2 3 
1 3 2 1 1 4 1 3 1 1 1 
2 2 2 2 4 2 2 2 2 
2 4 1 1 3 1 2 2 2 
1 2 4 1 2 2 4 3 1 
2 9 1 5 4 2 
2 4 2 2 3 6 1 
2 6 3 1 3 3 1 1 1 
2 1 4 2 3 2 2 1 2 
1 1 1 2 1 2 2 3 1 1 1 
1 1 1 3 1 1 2 3 1 2 
2 2 2 1 1 1 6 2 
3 1 1 1 1 4 7 1 2 1 
1 2 4 1 4 6 2 2 1 
1 2 2 2 2 2 3 1 2 1 1 
1 2 1 1 1 1 2 1 2 1 1 2 
1 2 1 1 1 2 2 2 2 1 2 2 2 
4 3 2 2 1 1 2 2 2 1 2 3 
3 2 3 5 2 4 2 2 1 2 3 
3 3 2 1 2 2 7 3 2 2 3 4 
4 2 2 2 4 4 3 7 2 2 4 
2 1 3 5 2 7 4 1 1 2 2 7 1 5 
2 6 1 2 2 9 5 3 2 4 6 
4 2 3 1 4 3 6 2 4 10 7 
5 5 1 2 31 8 
8 6 3 45 
9 2 7 46 
11 3 47 
/
13 7 6 1 7 
12 3 3 2 2 5 3 7 
11 2 2 4 9 5 
11 2 3 5 2 2 2 6 2 5 
9 1 3 7 1 1 2 2 4 
8 3 1 3 2 1 1 2 9 3 
7 5 3 2 3 3 3 7 3 
7 2 1 1 11 1 3 3 3 
7 3 3 3 14 2 1 2 
7 3 8 9 12 1 
7 2 2 2 4 3 1 2 5 1 
6 1 2 2 2 4 1 3 2 1 3 
5 3 2 3 3 2 3 2 3 3 3 
5 2 2 2 4 6 1 2 2 4 
5 1 1 1 6 1 1 3 4 2 1 1 
5 1 9 1 2 3 2 8 1 3 2 
5 1 4 2 7 2 2 6 2 2 
4 2 2 3 1 7 5 3 2 2 
4 2 2 1 1 2 6 2 3 2 
4 1 2 1 2 1 1 5 3 1 
3 2 5 1 3 6 5 2 
3 2 1 3 2 1 6 2 4 2 
3 1 2 1 1 3 2 6 
2 2 2 2 1 3 2 2 1 1 
2 2 1 2 1 4 3 3 2 
2 3 3 1 1 7 2 3 
2 2 1 2 1 2 7 3 3 
2 5 3 2 7 5 5 3 
1 4 2 10 8 5 3 
1 2 1 3 8 1 9 4 1 3 
1 5 5 5 3 4 3 1 4 
1 5 2 3 4 3 6 1 2 4 
1 2 2 2 3 2 1 7 3 2 1 4 
2 1 1 3 1 6 1 4 4 
1 2 2 1 1 1 4 1 1 4 
1 3 1 2 1 1 5 
1 4 6 2 5 
2 1 11 1 4 
2 1 3 7 2 4 
2 3 7 1 4 
2 4 6 2 6 4 
2 11 1 6 4 
3 7 5 2 3 5 
1 3 2 2 4 1 1 5 
1 9 1 2 5 
3 2 3 6 5 
2 4 4 1 8 4 
2 3 2 1 2 2 3 2 4 
6 1 2 4 2 1 4 
6 2 3 5 4 
1 2 2 1 1 2 6 5 
1 6 2 2 5 
1 2 6 2 2 5 
1 6 2 1 2 2 5 
1 3 1 2 2 3 6 
2 2 2 2 2 7 
4 5 2 3 2 6 
7 4 2 2 4 5 6 
7 3 1 3 9 1 5 
8 4 4 5 2 5 
8 9 3 4 
9 6 3 3 
12 6 4 
14 5 5 
15 2 6 
18 7 
21 9 
23 11 
23 13 
24 16 
