#8.269 
#nonogram 1635

1 4 
1 2 2 
1 1 1 2 
1 1 1 3 2 
1 2 2 2 
1 2 3 2 
2 1 1 2 2 
1 2 1 1 3 2 
1 3 2 1 4 2 
2 1 2 6 2 
2 2 1 1 1 3 1 
2 2 2 4 1 3 3 1 
3 1 11 1 3 11 1 1 
7 4 12 1 1 
3 1 4 12 1 1 
11 17 1 1 
1 1 4 2 1 1 2 1 
2 2 2 1 4 1 
2 1 3 1 2 2 
3 3 2 2 2 
2 2 2 2 2 
3 3 1 
3 3 2 
3 2 2 
1 4 2 
1 2 2 
5 3 
10 
3 4 
2 2 2 1 
2 2 1 2 
3 2 4 
7 2 
5 
3 
/
3 3 1 
1 3 2 
2 2 
4 
1 2 
3 
1 
4 
2 1 
1 1 
1 1 
1 1 
1 1 
1 1 
1 1 
2 1 4 
4 1 1 4 
2 1 1 2 
3 3 
8 
1 3 
4 
6 
2 2 
1 4 
6 5 
4 7 
12 3 4 
5 11 2 3 
3 4 7 2 1 3 
2 1 6 3 3 5 
2 1 3 5 2 3 3 
1 1 2 12 2 3 
1 3 3 4 4 2 5 
2 7 6 4 3 2 
2 10 7 2 4 
3 4 5 3 2 
5 7 4 
5 6 
13 
