#8.264 
#nonogram 2074

6 8 
8 7 
2 8 7 
3 5 7 
4 5 
3 2 4 
5 4 3 
9 2 
3 2 2 4 
2 2 7 
2 2 3 2 
2 3 2 3 1 
2 2 9 
1 3 11 
2 5 3 2 2 
3 2 2 2 2 2 8 4 1 1 
1 2 28 2 4 2 
3 1 30 3 1 2 6 
2 4 5 3 2 3 2 2 1 2 3 12 
4 3 2 1 1 1 3 2 2 2 4 13 
1 4 4 5 3 2 3 2 3 1 4 6 2 
4 3 19 4 2 3 2 5 7 
1 5 3 42 
2 2 3 1 10 2 
3 2 1 5 4 1 
3 2 4 1 
2 2 2 6 9 
1 2 1 13 9 
2 2 17 9 
1 2 2 4 9 9 9 
2 2 2 4 4 2 12 9 
1 1 1 4 4 5 1 5 6 9 
1 1 1 5 3 4 3 4 5 8 
2 2 12 8 2 13 
3 10 2 13 12 
12 11 12 
2 10 8 11 
4 11 11 11 
1 3 9 1 13 11 
2 1 1 13 2 4 3 11 
1 1 2 3 3 5 1 2 3 10 
1 1 1 2 3 3 2 4 10 
2 1 2 2 4 3 3 4 4 3 
1 2 1 4 3 3 1 2 
1 2 2 4 6 3 2 
2 2 1 20 2 
5 2 9 2 8 2 
2 2 3 1 19 1 4 5 1 1 
1 4 10 3 2 5 4 4 3 1 
7 3 5 2 3 3 1 2 2 2 2 6 1 
1 7 2 2 1 4 5 2 3 2 8 2 
4 2 1 26 2 3 3 3 
2 2 14 2 2 2 2 4 5 2 4 2 
1 1 2 2 2 2 2 7 2 4 1 1 
1 1 1 3 2 2 3 2 1 
3 2 2 2 3 2 3 
3 6 2 2 2 
3 1 3 4 3 3 
7 2 7 3 
9 3 4 3 2 1 
9 3 3 6 3 
11 3 4 2 3 
11 2 3 6 4 
11 8 2 6 
9 5 6 
9 3 5 
7 2 4 4 
3 4 7 4 
10 4 
3 3 
/
3 
2 2 2 
4 1 2 2 
5 1 4 
1 1 1 2 5 
2 1 5 2 3 3 
5 5 6 1 1 
1 6 2 11 
1 4 2 2 2 3 1 
1 1 2 2 4 4 4 1 2 
5 1 3 2 3 3 2 5 
2 1 2 1 2 
2 1 4 4 7 1 1 
2 2 2 3 1 2 4 2 2 
2 6 3 3 3 4 3 
2 4 3 5 
3 2 1 3 
6 2 3 3 
4 2 2 3 7 
3 1 3 2 2 9 
3 1 5 4 6 9 
6 7 7 3 3 11 
3 3 1 5 4 2 3 11 
3 3 8 6 11 
4 2 10 1 3 9 
4 2 13 1 3 9 
5 2 15 1 1 2 7 
3 2 11 3 3 1 3 
2 4 3 9 2 3 2 
8 2 11 1 2 2 
4 2 1 3 3 4 1 2 
2 1 2 4 2 1 1 4 
2 3 3 3 3 1 4 
4 3 3 5 
4 3 3 2 3 2 3 
2 2 3 4 3 2 2 
3 2 1 2 8 3 4 1 
4 2 1 4 12 3 4 
4 1 4 7 2 8 
4 3 3 9 1 4 2 
3 4 3 11 1 1 3 
4 2 2 4 8 3 2 3 2 
4 3 3 3 6 2 2 3 2 
2 2 4 3 2 7 2 2 1 2 2 
2 3 4 6 3 3 1 1 2 9 
2 2 2 3 5 2 2 5 4 1 5 
2 3 7 5 1 1 6 3 3 5 2 
4 4 8 4 2 2 1 3 2 5 
2 2 3 2 3 3 4 2 2 2 1 4 2 
3 2 2 2 4 3 5 2 1 2 3 2 3 2 
3 5 3 4 4 4 2 1 7 2 3 2 
4 3 2 3 3 5 4 2 3 2 2 1 
4 4 5 5 3 2 2 3 1 
4 4 9 6 4 1 2 3 2 
3 2 3 5 1 9 2 1 1 2 2 3 
2 2 3 4 1 12 2 1 1 5 4 
1 3 4 3 2 6 11 2 1 1 3 3 2 4 
1 3 1 2 3 2 20 2 2 4 2 4 3 
4 2 5 3 2 19 2 2 4 2 2 2 
4 2 1 3 2 2 18 2 2 2 2 2 2 1 
5 3 3 2 2 18 3 2 2 3 3 
6 2 2 2 2 16 2 3 3 2 7 
7 2 2 2 4 17 2 1 5 10 
7 4 3 3 2 21 3 2 10 
7 2 2 2 30 11 
