#8.263 
#nonogram 2371

5 12 3 3 3 
1 1 11 4 1 2 1 
1 3 2 5 3 1 2 1 
1 4 1 4 3 2 2 
1 5 2 7 1 1 2 4 2 2 
1 7 1 1 3 3 1 1 
2 5 3 3 1 4 3 1 1 
2 3 5 1 4 1 7 1 1 
5 2 1 1 5 3 6 1 2 
3 4 1 11 6 1 2 
1 6 5 3 6 2 1 
1 1 4 2 1 2 3 2 1 2 1 
1 1 2 1 4 2 1 2 1 
1 5 1 4 3 3 3 
1 1 4 4 4 2 
1 6 2 4 2 
1 3 1 1 1 1 3 3 3 
2 3 1 1 5 2 1 2 
2 5 1 5 3 3 
3 3 1 3 1 4 2 1 
3 1 2 6 2 3 2 1 
2 11 3 3 1 2 
2 2 3 5 6 5 
2 11 4 5 1 2 1 
1 9 5 9 2 1 
1 7 2 2 1 1 
1 4 2 1 3 3 
2 2 11 8 4 
2 1 5 1 4 1 
2 1 3 7 
3 5 2 3 4 3 1 
7 2 5 2 5 
1 3 7 4 1 
1 5 4 8 5 2 
1 10 3 5 2 5 
1 1 1 1 1 2 4 4 2 5 
16 6 5 
3 1 1 12 4 5 
5 6 5 3 6 
7 9 1 1 5 3 2 3 
7 9 5 2 3 2 
1 5 1 1 5 1 1 5 5 2 
1 2 4 1 5 1 2 
3 1 1 13 3 6 
4 7 4 1 4 4 
2 7 1 2 2 5 1 2 
1 4 1 1 1 2 10 1 2 2 
1 11 15 1 6 
1 4 1 1 1 3 10 4 2 4 
12 9 4 9 
/
3 
3 1 
5 5 1 1 5 1 1 1 
1 2 2 2 1 5 1 1 
1 2 2 2 1 2 7 
1 4 1 2 3 1 5 
1 5 2 2 4 1 3 
21 6 1 
1 6 3 4 2 
3 3 1 
2 1 1 4 1 
1 2 2 3 7 1 
1 5 5 2 2 1 2 3 
1 6 6 2 6 2 1 
3 3 2 4 1 1 1 7 1 1 4 
1 2 2 2 2 1 1 1 1 1 4 2 1 
1 4 4 1 5 8 7 
1 1 5 1 1 4 3 1 1 
1 1 5 9 7 
1 2 1 1 1 1 2 10 1 1 
1 1 2 1 1 1 1 5 7 
12 1 1 5 2 2 1 1 3 3 
1 6 6 2 1 1 9 7 
1 1 4 3 4 1 3 4 1 1 1 1 
3 6 1 2 5 2 1 1 
2 3 1 5 2 10 3 
2 1 1 1 1 1 1 23 
2 1 1 16 3 
2 1 2 12 3 
2 3 3 7 3 
2 4 4 4 
3 6 5 6 
4 1 1 8 1 5 
8 9 3 2 4 
19 1 2 1 2 2 4 
1 2 23 4 4 2 
1 1 6 2 2 5 1 9 1 4 
11 1 1 1 3 1 8 1 5 
25 1 8 1 6 
25 1 8 1 6 
5 1 1 1 1 1 3 
2 1 2 7 1 7 
4 4 1 2 2 5 1 1 2 
1 2 2 1 1 2 3 1 2 1 2 1 
1 5 1 3 2 1 2 2 2 2 1 
2 2 2 2 2 6 1 1 1 
2 2 1 2 1 1 5 2 3 
1 5 1 4 2 1 6 2 3 
1 2 2 1 1 2 1 17 
4 5 6 20 
