#8.268 
#nonogram 3866

4 1 
4 2 1 1 
2 1 1 3 1 
1 2 1 1 1 
1 1 1 2 1 
1 3 1 2 1 
5 1 2 2 2 1 
3 5 2 2 3 1 
3 3 2 2 2 1 
3 3 2 2 3 3 
3 3 2 4 2 1 1 
2 2 4 2 4 1 2 
2 3 3 2 6 1 1 
2 5 2 5 8 1 2 
10 2 3 11 1 2 
5 5 2 4 8 8 2 
4 1 4 2 7 6 1 1 2 
5 5 1 10 4 3 
11 15 3 2 2 1 
29 3 7 1 
14 15 3 2 
10 3 9 3 3 
9 5 8 6 1 1 
8 6 6 8 2 1 
5 1 5 2 14 2 2 
2 1 2 2 1 6 6 3 
2 2 1 2 6 9 
5 7 7 7 1 
14 4 1 
13 1 
10 1 
8 1 
/
2 
4 7 
5 9 
2 13 
1 2 10 
1 3 8 
6 3 1 7 
2 1 4 8 
1 2 13 
1 9 12 
3 1 5 10 
2 2 11 
3 2 2 
4 3 2 
4 5 1 
9 4 1 
6 3 4 1 
2 4 3 2 
1 5 5 
6 2 6 3 
2 5 6 
1 2 6 4 
1 1 6 2 3 
3 4 1 6 1 3 
8 2 7 6 
7 6 6 
3 2 7 5 
3 6 5 
3 7 4 
2 7 5 
3 5 6 
5 11 
7 8 
8 8 
5 1 7 
4 6 
4 5 
5 5 
4 7 
3 3 6 
2 2 7 
3 1 5 
1 1 4 
2 1 5 
6 2 2 2 
1 2 3 3 
1 1 5 2 3 
32 
