#8.261 
#nonogram 1662

30 1 3 16 
26 10 3 4 12 
23 8 4 3 4 13 
20 6 4 2 4 4 19 
18 4 3 3 2 3 4 21 
17 4 2 5 3 4 4 21 
15 9 3 2 2 2 3 21 
14 5 3 2 2 1 3 25 
13 3 2 2 3 2 3 4 20 
12 3 6 4 2 2 2 2 4 19 
11 2 2 14 2 1 3 4 12 1 
11 2 3 7 8 1 2 4 5 
9 6 12 7 2 4 
7 25 4 2 6 
5 6 16 2 2 12 
3 5 17 5 19 
2 4 17 3 18 
1 3 31 3 17 
3 15 16 3 16 
18 2 16 2 15 
3 8 20 16 
6 2 23 14 
1 11 4 19 5 7 
4 1 4 4 20 4 5 
7 1 4 5 1 20 3 4 
7 2 3 4 3 21 3 3 
6 1 3 3 2 23 3 3 
3 3 2 3 1 24 2 2 
1 7 2 3 1 27 3 2 
11 2 4 1 14 17 2 
3 5 4 1 13 15 1 
1 9 3 4 1 14 15 1 
1 8 3 2 15 5 5 2 
3 6 22 1 4 2 
4 3 15 6 5 3 
3 2 13 8 8 
5 11 8 6 
2 3 3 7 9 3 
2 5 2 4 2 11 7 
7 2 4 2 1 1 1 1 24 
11 4 2 1 1 1 2 11 9 
13 9 2 1 4 7 7 
5 6 4 2 3 6 3 4 6 
4 4 2 10 3 2 5 
3 4 4 3 3 2 3 
3 3 5 3 4 3 
4 4 4 2 3 2 1 
4 6 6 7 3 
4 12 3 2 2 
5 25 2 1 1 2 
8 34 2 1 3 
10 34 1 2 9 
9 19 1 2 9 
3 2 1 1 8 
1 5 4 
/
18 2 7 2 
17 4 5 2 2 
16 5 5 2 1 6 
15 4 1 4 1 1 2 10 
15 2 1 1 3 2 2 1 12 
14 2 2 2 3 2 2 1 4 6 
14 2 2 2 2 2 2 2 4 3 
13 2 2 1 3 3 1 4 4 
13 2 3 4 3 3 1 3 3 
12 3 4 1 5 3 1 3 3 
12 2 4 1 7 1 3 3 
10 3 4 5 6 1 4 2 
9 4 4 7 1 4 4 2 
8 4 4 10 3 4 3 
7 2 2 8 3 2 5 2 
6 2 2 6 1 2 6 3 
6 3 3 4 1 7 
5 2 1 1 3 1 6 
4 2 2 1 2 2 4 
4 3 2 3 2 3 3 
3 3 1 4 1 4 4 
3 3 1 7 5 3 2 4 
3 3 1 7 12 2 2 3 
2 1 1 9 14 2 3 3 
2 2 1 10 14 5 3 
2 1 1 12 1 6 1 1 4 
1 1 2 14 1 1 2 3 4 
1 2 1 18 1 4 3 4 
1 3 4 12 5 5 2 3 
1 3 3 13 4 1 3 
1 3 1 15 8 3 3 
2 3 1 33 3 
3 3 1 25 3 1 3 
3 3 24 2 1 3 
5 3 25 1 1 3 
1 3 2 25 3 3 
1 3 2 24 4 3 
2 4 1 25 3 3 
2 1 3 1 21 2 3 
4 5 21 3 3 
5 3 15 6 3 
1 3 2 16 2 4 
2 5 1 15 2 3 
4 3 2 16 1 3 
5 3 8 5 2 3 
7 2 6 5 1 3 
7 2 6 4 2 3 
1 1 5 1 5 4 1 3 
4 3 1 6 4 2 3 
6 1 2 1 5 3 1 3 
9 3 6 4 2 3 
11 3 6 3 1 3 
1 8 2 6 4 2 3 
3 6 2 6 4 2 3 
8 5 1 6 3 1 2 
9 5 2 6 4 1 2 
10 4 1 5 4 1 2 
11 4 2 5 4 2 3 
11 5 1 3 4 2 5 
11 6 1 3 7 2 3 
12 7 3 8 1 1 
12 8 4 4 2 1 5 
12 9 4 2 2 1 1 
11 10 6 1 2 2 1 
11 21 1 2 4 
9 15 4 1 1 2 1 
8 13 3 3 1 3 1 
8 7 3 3 1 4 
8 8 3 4 2 4 
7 8 8 2 3 
7 9 11 3 
7 10 11 1 3 
7 12 3 7 3 3 
6 15 4 5 2 3 
7 19 4 2 3 
