#8.27 
#nonogram 1393

10 
1 15 
2 4 10 
6 8 
3 5 7 
7 6 6 
1 3 5 
1 3 1 3 5 
3 1 2 3 2 4 
2 1 2 2 2 1 2 2 5 
1 1 2 1 1 3 2 2 2 4 
1 1 1 3 2 1 3 2 3 
2 2 2 3 2 6 
2 2 27 
1 8 19 
5 4 3 2 3 4 
2 3 2 1 1 3 3 4 
2 2 1 2 2 2 2 4 
1 1 1 3 3 1 2 2 5 
1 1 2 2 1 3 2 5 
2 1 2 1 2 5 
3 3 6 
1 3 5 
4 6 
8 6 
2 6 
3 7 
4 8 
10 
6 
/
4 3 
2 3 1 
2 3 
3 2 
1 4 3 
3 3 2 2 3 
3 3 1 2 1 
2 3 3 1 2 1 
3 3 4 3 2 
1 1 2 1 4 1 3 
2 1 2 1 2 3 1 1 
1 1 3 1 1 2 1 2 
2 1 1 1 2 1 1 
2 2 3 1 3 2 2 
1 2 3 3 1 2 
2 1 2 1 2 3 1 2 
2 2 2 1 4 3 2 2 
2 2 3 2 1 2 1 3 
2 1 1 2 1 2 2 3 
3 1 5 3 1 4 
3 1 4 3 1 2 4 
3 2 1 1 2 2 4 
4 1 2 1 2 2 5 
4 2 3 2 2 5 
5 1 1 2 2 7 
4 2 2 1 7 
5 2 4 7 
5 2 3 7 
6 2 3 7 
7 4 6 
7 8 
14 
10 
7 
3 
