#8.271 
#nonogram 19165

9 3 
9 2 3 
9 9 
9 3 4 
8 3 2 1 
8 5 
7 10 6 
7 9 10 
5 6 5 6 
3 4 1 13 7 
6 3 2 12 3 4 
11 14 2 5 
7 3 10 7 2 
7 3 10 5 7 
7 1 2 5 4 6 
6 6 5 3 3 
1 13 5 3 1 
3 4 4 4 4 
4 1 4 5 3 4 
7 4 5 3 4 
6 1 2 4 2 5 
6 2 3 7 
5 3 4 7 1 
3 5 3 7 2 
3 4 3 2 4 2 
3 4 2 4 2 
1 2 2 6 3 
1 1 4 3 4 3 
2 1 5 6 3 4 
2 3 2 4 2 5 
2 3 2 3 6 2 10 
8 6 3 17 
4 9 18 
/
8 3 4 
9 9 2 
10 10 1 2 
10 8 1 2 
10 5 2 1 
9 3 4 1 2 
8 1 4 2 3 
6 3 8 2 3 
4 5 4 4 2 
7 1 5 2 
8 2 3 
8 1 1 1 
12 1 
11 2 
1 6 2 
7 3 2 
3 7 2 3 
3 4 2 2 5 
3 2 3 6 
3 1 1 3 3 3 2 
5 9 5 2 
2 1 3 5 3 5 
2 5 4 7 1 
3 5 2 3 4 
2 5 3 3 
2 5 5 
2 7 3 1 
3 8 2 
3 10 1 2 
2 5 5 2 3 
2 7 11 3 
2 2 5 10 2 
1 1 2 6 4 4 2 
4 3 6 5 2 
5 4 13 3 
4 5 11 3 
2 6 6 3 
1 5 3 4 3 
2 5 3 
7 4 
3 2 5 
2 2 7 
2 2 10 
1 1 11 
