#8.28 
#nonogram 1527

5 6 
9 6 
4 5 7 
4 4 7 
2 1 2 7 
1 1 1 1 7 
1 1 3 7 
1 2 5 1 2 4 
1 2 9 1 3 
2 12 1 2 
15 2 
17 1 
1 15 1 
1 2 14 1 1 
5 1 12 1 
5 1 11 1 
7 1 9 2 1 
7 1 8 2 1 
1 6 1 8 2 2 
5 1 9 1 2 
2 5 2 8 2 1 
4 4 1 8 2 1 
5 4 1 8 2 1 
3 4 1 8 2 1 
4 4 2 7 2 1 
2 1 2 2 7 2 1 
2 1 7 3 1 
1 1 3 1 6 2 2 
3 2 2 2 2 1 
5 1 1 3 3 1 
5 2 7 4 
3 1 5 4 
1 2 4 5 
2 2 3 3 2 1 
5 4 2 1 
3 1 5 2 1 
2 1 4 4 2 
2 9 3 
2 9 2 3 
2 7 6 
1 2 5 6 
3 6 6 
4 2 4 6 
7 2 5 
4 1 5 
/
1 
2 
2 1 3 
3 2 2 
6 3 
1 3 3 4 3 2 
3 2 5 2 3 1 2 
7 1 2 5 5 2 2 
3 2 2 8 2 3 3 2 
3 4 12 2 3 2 1 
2 4 11 2 1 4 1 
2 6 10 2 3 1 2 2 
2 7 8 3 7 
3 7 2 3 1 2 5 
2 8 4 5 2 1 1 2 
3 10 6 1 2 5 
3 13 4 6 
2 1 20 3 6 
2 1 20 2 7 
3 20 2 7 
2 19 3 3 3 
18 2 7 
20 2 3 
8 18 2 3 
8 4 5 8 5 
7 5 9 7 
8 1 17 6 
9 2 7 1 8 
11 4 3 9 
14 10 12 
