#8.29 
#nonogram 1584

1 3 5 3 
1 1 2 1 3 3 
1 1 1 2 3 3 1 
1 1 3 3 1 1 1 
1 1 1 3 1 1 1 
3 2 2 1 2 
2 4 1 1 2 
2 5 1 1 2 
2 3 1 2 1 1 2 
1 2 1 2 2 2 3 
2 3 2 1 1 2 3 
2 2 2 1 1 1 2 3 
3 1 3 1 1 2 1 1 1 
3 1 2 1 1 1 1 1 1 
5 3 1 1 1 1 1 
7 2 1 1 
8 1 2 1 
3 7 1 3 2 
2 9 1 1 2 
3 1 1 6 1 4 
2 1 1 2 3 3 
1 3 6 2 3 
1 2 2 2 3 2 2 
1 2 1 3 2 2 2 
1 1 8 5 2 
1 1 2 2 4 4 2 
1 1 1 7 3 2 
1 3 1 2 2 3 2 
1 4 2 5 2 
1 5 2 5 2 
1 3 2 1 7 2 
1 4 4 7 2 
5 4 6 2 
6 4 6 1 
2 1 1 4 6 1 
2 1 2 3 5 1 
2 1 2 4 5 1 
2 2 2 4 5 1 
2 1 8 5 2 
2 1 1 6 5 2 
2 2 2 3 5 2 
2 1 1 2 5 2 
3 1 2 2 4 1 1 
3 2 3 4 2 
2 3 2 4 2 
3 3 2 1 4 2 
6 3 1 2 6 1 
3 5 4 1 5 1 1 
4 4 3 2 5 3 
6 3 3 1 2 2 4 
8 4 3 1 3 
10 4 1 2 1 4 
2 3 4 2 2 1 1 
8 2 3 4 2 2 1 1 
5 4 1 8 1 3 1 1 
8 3 6 1 2 1 1 1 
6 5 1 2 3 1 
4 4 2 4 2 1 
8 3 4 1 1 1 2 1 
6 3 1 3 2 2 1 2 1 
8 2 4 2 3 3 2 
4 3 1 4 3 2 
10 2 2 1 4 1 1 2 
5 3 1 2 2 2 2 2 1 2 
10 2 1 2 3 2 2 1 2 
/
1 
1 1 1 
1 1 3 
1 3 1 3 
1 3 3 3 
3 3 3 1 1 
3 1 1 1 3 1 1 
1 1 1 1 1 1 1 1 1 
3 1 1 1 1 1 1 
1 3 1 1 1 1 1 1 
2 3 1 1 1 1 1 1 
2 2 1 1 1 1 1 
4 2 1 1 1 1 
5 7 1 1 1 1 1 
10 7 1 2 1 1 1 
5 2 7 11 8 6 4 3 1 
2 3 7 16 7 5 
3 1 9 3 3 7 10 5 
1 2 1 3 1 2 7 3 10 5 
2 1 3 5 17 3 17 
3 3 8 3 3 3 3 3 12 1 
1 1 2 6 3 1 1 1 3 6 4 7 2 
1 8 3 4 3 10 2 6 2 
5 2 2 4 4 3 3 6 2 1 
3 3 3 4 1 10 4 4 2 2 
10 14 5 3 3 
1 3 7 4 7 11 5 2 2 
10 2 2 2 4 5 5 3 6 
5 3 9 5 7 2 8 
3 3 3 2 3 27 3 2 
1 4 3 2 2 22 6 2 
4 4 27 4 1 5 
5 4 4 20 1 8 3 
3 5 18 5 9 
7 5 6 3 11 
7 33 5 
3 13 8 4 13 
