#8.3 
#nonogram 2363

14 5 
18 8 
21 10 
22 11 
23 11 
23 11 
3 18 10 
3 18 8 
2 13 5 5 1 
2 6 4 5 1 
8 12 1 
7 13 1 
5 5 3 1 
3 3 3 1 
2 2 9 1 
2 1 2 11 
2 2 2 8 1 
2 1 3 6 3 
2 2 2 6 2 
3 1 2 7 1 
4 1 2 9 1 
4 3 10 1 
5 11 1 
7 16 1 
13 18 
16 2 15 1 
2 13 2 10 4 
2 13 2 6 2 
2 4 3 3 5 1 
3 2 1 2 3 4 1 
3 1 5 2 4 1 
3 1 3 1 4 1 
3 1 1 1 4 1 
3 1 2 9 5 1 
3 1 6 9 1 
2 5 1 
6 1 
4 1 
3 1 
1 
/
4 
6 
7 
2 3 
2 3 
2 2 4 
2 4 
1 1 4 
3 5 
4 3 
4 2 
3 5 1 
5 6 3 
6 6 1 1 
7 5 1 1 
5 2 5 1 1 
6 2 6 1 1 
7 2 7 2 1 
8 2 14 
12 9 3 1 
13 9 1 2 
26 1 
18 1 
14 4 1 
13 3 1 1 
9 2 2 3 1 
10 2 3 1 
12 2 5 1 
12 2 4 2 
12 1 1 
8 3 2 3 
8 3 2 4 
6 6 11 
11 12 
8 11 
5 10 
4 10 
4 10 
3 10 
3 16 
5 15 
7 14 
7 12 
9 4 4 
9 3 3 
9 3 3 
9 3 4 
9 2 1 2 1 
7 1 2 1 2 
5 31 
