#8.31 
#nonogram 1536

5 
2 6 
3 2 2 
3 2 2 1 
4 7 
4 6 
5 3 
6 4 
9 6 3 
14 11 3 
19 15 2 
2 5 1 2 2 4 8 3 
1 1 1 6 3 2 5 
3 3 2 1 2 3 4 
3 3 2 2 1 2 5 
3 7 1 2 2 1 3 2 3 
3 1 1 4 2 2 1 2 3 5 
2 1 9 2 3 1 1 5 2 2 2 
1 15 4 2 2 4 2 
1 15 6 7 1 2 2 1 
2 16 17 1 3 1 
1 17 4 7 3 1 3 1 
1 17 14 3 1 3 1 
19 4 12 1 2 1 
19 4 2 2 4 1 2 
8 10 4 3 2 1 2 
9 9 4 3 1 3 2 
9 9 4 3 1 2 2 
8 8 5 4 3 
8 8 10 1 5 
7 8 6 2 4 2 5 
7 7 7 1 13 
2 2 1 8 2 4 8 1 3 1 
3 2 8 2 14 2 
3 1 1 7 10 1 
5 2 1 6 1 2 6 
5 1 2 9 2 7 
4 1 11 2 2 3 
15 1 4 2 
13 2 2 2 
8 2 3 
14 
12 
11 
11 
9 
8 
6 
/
8 
5 2 7 
8 11 
2 4 14 
1 17 
1 15 3 
2 15 3 
3 17 2 
3 8 6 3 
4 10 4 
3 11 1 3 
2 1 14 4 2 
3 1 1 15 2 1 
3 1 1 17 3 
4 1 1 20 2 
5 1 18 4 
3 2 2 18 3 
3 2 2 18 3 
3 1 1 24 
3 1 4 13 
7 19 
4 10 13 
16 12 
28 13 
31 1 12 
12 5 4 2 9 
10 5 2 6 1 3 1 8 
7 5 13 2 3 6 
4 2 2 4 6 3 2 7 
2 3 5 2 2 1 1 5 
2 6 3 2 2 2 
2 5 3 3 1 
2 5 5 2 2 
2 1 5 4 1 
2 1 2 3 5 1 2 
2 2 2 3 5 4 
2 12 10 
2 1 2 5 1 8 
1 2 4 2 3 2 
1 1 1 1 1 2 
2 8 3 2 
2 4 2 1 
3 1 5 4 2 
6 6 6 3 
2 2 8 1 4 6 
2 9 2 2 3 1 
2 7 4 5 
3 4 2 4 
5 4 6 
11 
