#8.34 
#nonogram 918

2 10 1 8 
3 15 4 8 
1 1 4 17 1 9 
2 1 5 18 2 9 
5 5 17 1 9 
4 5 9 6 2 9 
4 5 9 8 2 9 
4 7 9 6 13 
4 50 
70 
3 53 
3 8 20 3 9 
1 7 16 2 9 
1 7 14 1 9 
1 7 13 1 9 
1 4 10 1 8 
1 3 1 7 1 8 
3 1 3 3 8 
4 3 4 8 
3 4 4 8 
2 3 4 8 
3 2 3 8 
3 3 2 8 
4 2 3 1 8 
3 2 2 1 8 
2 1 2 8 
2 2 1 8 
1 1 8 
8 1 8 
3 2 8 
3 3 8 
1 2 2 6 8 
4 2 22 8 
6 26 7 
7 29 8 
3 4 40 
2 2 24 7 
1 1 31 7 
1 1 2 2 2 34 
3 3 17 8 
3 3 14 6 
7 1 2 13 6 
1 1 1 12 6 
2 2 11 6 
2 11 6 
3 10 5 
4 10 5 
11 5 
11 5 
10 5 
10 6 
10 6 
12 7 
14 2 4 
15 2 4 
19 4 
18 4 
15 3 
25 
6 14 
2 2 4 
2 3 
2 3 
2 2 
2 
/
1 
1 
1 
1 
1 4 
1 4 
1 4 
1 3 
2 3 
3 4 
6 3 
1 1 3 
2 4 
3 
4 
8 1 1 
5 1 1 1 
3 2 2 2 
4 2 3 1 1 3 
1 2 3 1 1 3 
4 3 3 
6 1 1 
9 2 1 1 
12 4 1 1 1 1 
12 6 4 1 1 4 
22 5 3 
20 2 3 
6 12 2 2 
3 3 3 2 2 
4 2 2 
5 3 6 4 
6 13 
7 11 
10 6 
12 6 
12 6 
13 7 
14 7 
7 8 2 8 
6 10 4 9 
5 8 6 11 
7 16 12 6 
21 24 
20 26 
16 27 
18 28 
20 28 
4 17 29 
4 1 7 7 31 
2 9 3 28 3 
1 7 27 1 
5 16 8 
2 4 12 7 
1 3 3 3 6 
1 3 3 3 6 
3 3 2 2 6 
3 4 2 2 6 
7 2 2 6 
7 2 2 6 
4 3 1 1 2 2 
4 1 1 2 2 
13 1 1 2 2 
33 2 2 2 2 
40 2 2 
45 3 2 
53 2 
57 3 
63 
65 
65 
