#8.36 
#nonogram 1375

3 
2 
6 3 
12 4 
8 2 5 
7 3 2 5 
6 11 5 
5 7 1 5 
5 6 9 5 1 
4 5 3 3 4 5 
4 5 2 2 2 2 2 
3 5 1 1 3 2 3 2 
3 5 2 2 1 5 2 
2 6 3 2 2 2 3 2 
2 6 2 2 2 1 2 5 
3 6 2 2 2 2 1 1 1 2 
1 7 1 1 2 1 2 1 1 2 
6 3 1 1 2 1 2 
7 3 2 1 2 2 
7 1 3 1 1 3 1 
7 1 5 1 1 5 
9 2 5 1 6 
12 4 6 3 2 2 
20 7 2 1 2 2 
21 8 1 2 3 
20 8 2 
15 3 1 2 
9 
/
2 
1 4 
3 6 
4 9 
4 11 
5 13 
5 14 
5 16 
5 17 
4 10 7 
4 7 7 
3 5 6 
4 4 6 
3 3 5 
3 3 5 
3 3 5 
3 3 1 1 4 
3 3 1 1 4 
2 2 2 2 4 
2 2 1 2 4 
1 2 3 1 1 1 1 4 
1 1 2 1 1 2 1 3 
2 1 2 3 1 2 1 
1 2 1 2 1 2 5 
1 3 2 3 9 
2 2 1 3 13 
3 1 1 1 14 
3 3 3 7 
4 4 3 4 
7 4 3 3 
4 1 3 3 2 
4 3 3 3 2 
3 5 2 2 
3 2 3 3 
2 1 2 4 
2 2 11 
1 3 4 3 
1 3 2 2 
1 9 
3 2 
1 
1 
1 
3 
2 
