#8.37 
#nonogram 1443

3 
7 
2 7 
3 8 
3 10 
4 11 
3 12 
4 13 
4 14 
3 7 
1 5 
2 3 
1 2 
2 1 
1 2 9 1 
1 3 14 1 
1 4 11 5 1 
4 1 2 8 3 1 
4 11 5 
5 12 6 
3 1 1 10 5 
4 9 3 5 
6 11 6 
4 1 1 10 7 
4 20 
6 14 5 
4 1 1 20 
4 10 5 
6 22 
4 1 1 14 5 
4 11 5 
6 13 8 
4 1 1 12 5 
4 11 1 5 
6 12 5 
4 1 1 18 
4 9 5 
6 12 8 
5 13 3 1 
1 3 14 1 
1 2 10 1 
1 2 
1 2 
1 3 
2 4 
3 7 
5 13 
4 13 
4 10 
4 10 
3 8 
3 7 
8 
4 
2 
/
13 
22 
3 24 
3 23 2 
3 5 1 1 1 1 6 2 
3 2 2 2 2 2 2 1 3 3 
5 4 2 4 4 
5 1 1 5 
6 2 2 2 2 2 2 2 5 
4 4 1 1 1 1 1 2 4 6 
2 2 3 16 4 4 
1 5 27 2 2 
8 27 5 2 
9 27 9 
9 27 9 
9 27 8 
8 27 7 
8 27 7 
8 26 7 
7 1 3 17 7 
6 1 1 1 3 8 2 5 
6 2 1 1 3 2 1 1 1 1 6 
5 2 1 1 1 2 1 1 1 1 1 4 
4 1 1 2 1 2 1 1 2 5 
3 5 3 1 1 1 5 3 
3 23 3 
2 21 3 
2 22 
22 
13 
