#8.39 
#nonogram 1098

14 7 17 3 
12 12 1 5 4 
10 17 6 2 4 
8 23 3 1 5 
7 13 2 2 5 
6 9 2 3 3 3 5 
5 9 7 5 7 
4 10 6 5 5 
3 10 5 6 6 4 
2 11 4 7 2 2 4 
1 8 2 13 2 2 3 
1 9 2 13 2 1 3 
9 2 12 1 1 3 
9 3 11 2 1 3 
10 2 11 2 1 2 
10 2 10 1 1 2 
10 1 10 2 2 2 
10 1 15 1 2 
9 2 9 1 1 
5 1 9 1 1 
5 3 2 1 
4 4 2 1 
4 4 2 3 
4 3 2 3 
3 3 1 2 2 
2 4 1 4 1 
2 3 5 1 
2 4 5 1 1 
2 3 5 1 2 
1 4 5 1 2 
2 3 7 5 1 2 
6 3 1 5 4 2 2 
5 1 11 4 2 3 
4 1 13 2 2 4 
4 18 1 2 5 
3 1 10 2 5 
3 2 10 1 5 
2 3 2 16 1 5 
2 4 1 3 10 1 5 
2 7 1 14 2 5 
8 21 1 5 
6 9 1 5 
7 1 5 
6 2 5 
4 1 5 
2 3 8 
4 4 4 
4 
3 
2 
/
12 5 
10 6 
9 9 
8 10 
7 11 
6 12 
5 13 
4 13 
3 14 7 
3 14 14 
2 9 2 7 11 
2 7 6 7 6 2 
1 13 6 6 7 
1 12 8 7 6 
8 8 6 5 
7 11 6 4 
5 12 5 1 2 
5 18 3 
23 2 
22 1 
5 3 10 1 
5 2 10 4 3 
4 3 9 1 1 1 1 
4 2 8 1 2 1 2 1 
3 1 8 1 1 1 1 1 
4 8 1 1 1 1 2 
4 7 1 1 2 1 2 
2 7 2 1 3 1 2 
1 2 4 3 1 3 1 2 
1 2 2 2 1 10 
1 1 3 12 
2 1 2 12 
1 1 2 14 
1 2 2 15 
1 1 1 16 
1 1 1 14 1 
1 1 1 3 13 1 
1 1 1 2 10 2 
1 2 2 1 1 8 1 
1 1 2 3 1 4 
2 2 7 10 5 1 
2 2 7 9 5 1 
3 1 3 8 2 2 
4 2 2 6 2 1 
2 1 1 4 2 1 
5 2 2 12 
9 8 15 
14 17 
18 22 
22 23 
