#8.41 
#nonogram 2357

38 3 
33 1 2 3 
31 1 2 1 
16 9 3 2 1 
15 3 7 3 3 2 
14 5 4 3 3 1 3 
12 3 2 1 4 4 1 1 
9 4 2 5 3 2 1 
9 7 1 1 5 3 3 3 
9 1 3 1 1 3 2 4 1 3 
9 1 3 1 2 3 3 3 6 
8 6 1 1 3 3 6 1 
7 6 1 2 1 1 3 10 
5 7 1 1 1 2 5 6 1 
5 6 2 2 3 1 2 7 1 
4 1 7 1 2 1 2 10 1 
2 9 4 7 1 1 
11 11 3 1 2 
4 8 4 1 4 
10 2 1 4 2 3 
10 2 3 4 2 1 2 
5 6 2 2 3 3 
3 6 1 6 1 5 
10 4 3 2 3 2 
10 1 2 4 3 2 3 
5 3 2 3 2 3 4 2 4 
1 7 1 1 1 1 2 4 5 
9 1 1 1 1 1 2 3 
6 2 2 2 1 3 
1 3 1 1 3 6 
1 3 1 1 3 6 
7 1 2 3 1 4 
3 1 1 1 1 3 
2 2 2 2 1 2 
5 1 2 2 2 
3 2 1 4 
1 2 3 
4 3 
2 2 2 
5 2 
/
17 2 
17 4 
16 4 
16 6 
15 7 
13 2 6 
13 7 5 
12 1 5 3 1 
11 15 
7 16 
7 11 11 
7 1 8 4 3 1 
6 1 3 14 1 
6 25 
5 9 9 
4 6 1 2 6 
3 4 3 2 2 3 4 
3 3 5 1 3 2 
3 2 5 8 4 2 
3 2 7 8 2 
3 2 4 4 2 
4 2 3 1 1 1 3 3 
5 4 1 1 1 4 
6 4 1 1 2 4 
7 5 2 3 
6 2 2 1 2 
6 4 1 1 1 
5 5 1 2 2 
5 3 3 3 4 2 
4 4 3 5 1 4 
3 3 2 3 2 3 1 
2 3 1 3 2 
2 3 2 1 1 1 
1 2 1 3 1 4 4 
1 2 3 2 2 2 3 3 3 
1 6 4 1 6 2 1 
2 12 3 6 
1 4 7 2 2 2 
3 2 5 2 5 1 
2 2 6 2 4 
1 9 4 2 2 6 
3 2 2 2 5 2 
2 3 3 11 10 3 
2 2 5 15 7 
3 6 7 6 
