#8.42 
#nonogram 1505

2 6 
9 10 
9 2 1 2 4 11 2 
9 2 15 5 3 7 1 1 
6 2 7 1 17 6 1 6 2 2 
2 2 1 4 2 2 5 8 9 2 5 1 
6 3 1 1 2 1 1 1 2 3 18 3 5 
2 1 2 3 1 2 1 1 24 5 1 
1 1 4 1 1 19 2 2 1 
1 8 1 1 1 12 1 2 1 
2 2 3 2 2 1 2 8 2 
1 3 3 4 1 1 1 7 6 
2 2 1 3 5 2 2 10 5 2 
7 5 3 1 4 7 6 1 
13 3 8 8 9 2 
6 7 1 10 1 19 1 
4 26 13 5 
3 1 22 1 1 11 3 
7 20 1 2 1 1 1 12 1 2 
12 21 5 1 1 2 13 1 
11 21 6 17 2 
33 26 1 3 
34 9 16 3 1 
33 7 4 11 1 2 
32 6 6 3 1 3 
6 1 33 11 1 3 1 
4 46 2 1 
45 2 3 
9 33 2 1 
6 33 2 1 
2 2 36 1 6 
2 39 
3 15 19 2 
3 12 16 1 1 
4 12 1 12 1 1 
17 1 7 3 
17 2 1 5 3 
16 3 1 4 4 
19 2 4 4 
22 3 
21 2 
17 3 
15 2 
14 1 1 
1 3 9 
7 
4 
/
3 5 
3 10 
3 2 7 
2 2 1 11 
4 7 5 
5 3 3 7 
3 1 2 3 6 
5 2 3 8 
3 3 4 8 
7 8 8 
8 6 8 
3 3 6 8 
2 2 5 7 
2 1 1 3 5 
1 3 1 3 5 
1 7 2 1 9 
1 1 2 5 9 
3 18 
6 3 12 
1 2 1 13 
3 14 
1 2 16 
3 1 19 
4 1 2 17 
4 16 
3 18 
6 20 
4 17 1 
3 3 15 2 
5 1 13 2 1 
4 15 2 
3 17 1 
5 16 2 
3 15 2 
3 14 3 
3 14 3 
3 12 3 
2 16 
2 15 
1 14 
1 1 5 14 
4 5 14 
5 1 6 14 
6 23 
6 21 
7 21 
6 1 20 
5 1 1 20 
7 4 8 7 
9 1 2 8 7 
10 1 4 9 6 
10 6 8 6 
11 4 8 1 6 
18 9 8 
2 5 12 10 9 
4 3 1 11 10 7 
3 3 1 9 11 1 6 
3 4 1 9 11 1 6 
3 2 1 21 7 
4 2 22 7 
5 2 23 5 
6 1 32 
6 1 12 4 15 
4 1 12 2 16 
4 2 5 6 16 
2 1 4 1 4 4 7 
2 1 6 1 3 3 3 
1 2 1 4 2 3 2 1 4 
1 1 1 4 1 1 2 9 3 
5 2 1 7 3 3 11 
7 6 7 1 8 
1 2 3 2 1 3 
1 1 1 1 1 1 1 2 
7 1 2 2 1 
4 3 
