#8.45 
#nonogram 1440

1 4 
2 3 1 
2 3 2 
4 1 1 2 
4 1 2 1 
2 2 1 1 2 
2 1 2 2 2 
2 1 2 2 1 
1 1 2 1 1 
1 2 2 1 2 
2 2 1 2 1 
2 1 1 1 2 6 
2 1 2 3 10 
2 1 2 3 11 
2 1 2 2 13 
1 1 1 2 4 9 
1 1 1 1 2 3 10 
1 1 1 1 1 3 10 
2 2 2 1 3 9 
2 2 2 2 1 8 
3 1 1 3 1 7 
2 1 3 1 2 2 8 
1 1 3 3 11 
2 2 2 3 8 
2 1 5 4 4 
2 1 2 7 3 
1 2 2 9 8 
1 2 2 9 11 
1 1 3 8 3 8 
2 2 3 1 6 2 8 
2 1 2 9 1 10 
4 5 6 1 11 
3 4 3 2 11 
5 4 4 12 
3 10 13 
3 5 7 1 10 
6 4 9 
3 6 3 5 
3 6 
2 
/
2 
3 
4 4 
13 
3 6 
4 3 2 1 
2 4 2 3 
3 5 3 3 
8 4 2 1 
5 5 2 2 
14 3 1 3 2 
3 7 3 2 2 2 
3 9 6 2 2 1 
4 5 5 2 2 2 2 1 
6 8 2 6 2 2 
12 12 2 1 
4 6 2 8 4 
2 7 4 9 3 
2 5 3 2 2 8 1 2 
2 4 3 5 1 7 2 2 
4 3 5 9 3 1 
2 5 4 3 3 2 2 
1 5 4 3 1 2 2 
4 3 2 4 2 2 1 
1 9 4 3 6 
14 2 8 
13 3 8 
13 13 
12 13 
12 13 
10 11 
9 11 
5 9 
9 
5 
