#8.46 
#nonogram 2058

30 4 19 
29 5 18 
29 5 19 
27 5 18 1 
24 7 17 3 
21 9 17 5 
19 12 17 7 
17 14 17 8 
15 16 16 11 
13 17 16 12 
12 26 4 12 
10 15 1 3 1 3 13 
9 16 2 1 2 2 3 
8 16 2 3 1 3 2 7 4 
7 16 2 5 2 2 2 3 8 3 
6 16 2 4 2 1 3 2 16 
5 16 2 1 1 3 1 3 2 4 5 
4 17 1 8 2 3 2 3 7 6 
3 17 1 3 1 3 2 2 7 2 2 
3 17 1 2 4 1 1 2 1 2 7 2 2 
2 16 2 3 1 1 2 1 2 2 1 7 2 2 
2 17 2 4 2 1 3 1 2 1 7 
2 17 7 1 1 1 1 17 
2 17 6 2 4 3 8 5 
1 17 6 2 3 1 2 5 5 
1 18 5 2 1 2 2 7 7 
1 18 4 2 2 2 2 6 8 
1 18 2 3 3 2 6 9 
1 13 3 2 2 2 3 6 4 5 
1 12 3 2 1 1 3 6 5 4 
1 11 2 3 2 1 1 1 3 6 6 4 
1 11 4 3 2 1 2 3 6 1 4 3 
1 11 2 4 2 2 3 3 6 2 3 1 3 
1 12 6 3 3 5 3 7 3 2 1 2 
1 13 8 8 5 3 7 5 1 1 1 
1 23 6 5 3 7 6 1 
2 24 5 4 5 7 8 2 
2 25 15 7 7 1 3 1 
2 26 9 7 6 5 
3 28 4 11 6 6 3 
3 29 1 13 8 5 
4 32 14 12 1 3 1 
5 33 6 12 2 
6 37 4 12 1 1 
7 30 5 12 2 1 1 
8 30 12 10 3 2 
9 28 5 2 3 9 4 4 
11 26 4 3 2 13 4 
13 25 5 3 1 4 1 5 
15 22 5 3 2 2 15 
18 18 5 3 2 2 3 
22 7 5 8 15 
34 7 6 2 2 2 
34 6 6 2 15 
35 5 8 1 
/
55 
24 19 
20 10 16 
18 17 14 
17 21 13 
16 23 12 
15 25 11 
14 27 10 
13 29 9 
12 31 8 
11 33 8 
11 34 7 
10 35 7 
9 19 14 6 
9 19 1 14 6 
8 18 3 13 5 
8 19 3 14 5 
7 20 1 15 5 
7 22 16 4 
6 42 4 
6 13 21 4 
5 12 8 20 4 
5 12 10 18 3 
5 10 5 3 18 3 
4 9 5 3 17 3 
4 9 5 2 16 3 
4 8 5 2 15 3 
3 7 4 2 14 3 
3 7 5 3 13 3 
1 7 4 4 3 13 3 
9 6 6 3 12 3 
12 2 3 4 4 12 3 
11 3 5 5 11 3 
9 10 5 7 11 3 
5 2 3 1 1 1 2 2 4 2 10 1 
2 7 4 2 3 2 4 12 
8 3 1 1 6 6 13 
12 2 3 22 
11 1 7 13 
11 2 4 2 3 10 
10 2 4 2 2 1 7 
10 2 2 3 2 2 4 4 
10 1 2 2 2 2 7 
10 2 2 1 2 3 12 
10 4 3 2 3 12 
10 3 3 11 
10 3 4 1 7 
11 4 3 6 3 5 
11 7 3 7 4 3 
11 8 3 8 1 3 1 
12 3 9 1 3 2 
8 1 3 9 2 3 1 
6 2 2 1 3 9 3 3 
4 5 2 3 3 8 2 2 2 
3 8 3 2 3 7 4 3 1 
1 10 1 1 4 2 7 6 3 
8 4 6 7 10 2 
7 1 5 2 7 12 1 
7 11 7 15 
6 3 1 7 13 1 1 
5 3 4 2 6 14 1 3 
4 3 4 8 15 1 1 2 
4 3 4 7 7 8 1 1 1 
3 3 4 6 8 8 1 1 1 
2 2 4 5 2 4 3 1 1 1 1 
2 2 4 4 4 2 1 2 2 1 1 1 
3 1 4 2 6 1 1 1 3 1 1 1 
2 1 2 8 1 4 1 1 1 
10 10 1 1 1 7 1 1 
10 3 3 1 1 1 
4 8 13 2 1 1 
3 10 3 3 4 1 1 
2 14 5 8 1 
17 3 9 
15 1 1 1 8 
