#8.47 
#nonogram 2486

8 29 
5 3 28 
7 2 28 
2 3 2 28 
1 2 3 27 
1 2 2 27 
2 2 27 
2 2 6 16 
2 3 2 12 
2 2 1 8 9 
2 2 2 13 7 
1 3 1 3 7 6 
2 3 1 6 7 5 
1 3 2 11 7 4 
1 2 1 8 7 4 
1 3 4 6 7 3 
2 2 3 6 4 7 2 
2 3 3 2 4 4 7 2 
4 4 1 1 4 3 7 2 
3 8 1 3 1 7 1 
2 6 1 4 1 2 7 1 
2 5 6 1 1 6 
2 2 5 2 1 7 
2 2 2 4 2 1 6 
3 6 5 2 6 
2 3 4 2 3 1 5 
3 6 2 5 4 5 
6 3 3 2 13 
3 2 2 7 15 
2 1 7 16 
2 2 2 2 17 
2 1 2 5 18 
2 2 1 3 18 
2 3 2 12 4 
2 5 9 2 
2 1 2 1 8 5 1 
2 2 1 9 8 1 
2 2 7 10 
1 2 4 7 2 
1 2 6 
2 3 5 
1 1 2 
2 3 3 
5 3 
7 
/
4 
3 2 
3 2 
3 6 2 
3 3 4 4 5 2 
4 3 17 3 
1 8 3 5 3 3 
1 5 4 2 3 3 1 
2 6 2 5 2 
5 8 2 5 3 
13 2 3 3 4 4 
1 5 1 1 9 11 
4 1 2 6 6 2 5 
7 5 2 3 2 6 1 
8 1 5 5 7 
9 1 1 1 2 2 1 4 
9 2 1 2 2 3 2 1 
8 2 1 5 5 2 2 
8 2 2 2 3 2 2 
8 2 3 1 4 2 2 2 3 
7 2 3 3 6 1 2 4 
7 2 3 3 5 1 1 1 6 
7 2 4 12 8 1 
7 2 4 11 8 1 
8 3 4 3 2 9 2 
8 3 5 3 9 2 
8 3 5 6 8 3 
8 4 4 9 2 
9 5 4 8 3 
9 6 4 9 3 
9 8 8 3 
10 9 8 3 
10 11 8 4 
11 12 6 3 
12 12 6 3 
13 18 3 
15 17 4 
16 15 3 
19 13 
21 11 
