#8.49 
#nonogram 308

4 
6 
7 
8 
10 
13 
15 
15 
19 2 2 
29 3 
35 4 
35 7 
14 20 8 
3 8 11 9 
3 5 11 10 
2 18 12 
2 18 14 
2 18 17 
2 4 18 23 
1 2 42 
1 2 37 
2 2 37 
1 1 39 
1 1 39 
1 1 37 
1 1 38 
1 2 39 
1 3 4 35 
1 4 3 33 
2 11 31 
2 7 1 6 23 
1 2 1 5 22 
1 2 3 20 
2 2 2 16 
5 2 1 15 
5 14 
10 
6 
5 
5 
/
9 
4 2 
2 4 
2 2 
2 1 
2 8 1 
2 2 4 1 
3 2 4 2 
2 2 3 1 
1 1 3 1 
2 1 3 1 
2 2 4 2 
4 1 4 2 
4 1 5 2 
4 2 3 1 1 
10 4 1 1 
17 2 
18 
19 
22 
4 17 
4 19 
5 21 
26 
26 
24 
25 
27 
28 
30 
31 
33 
18 16 
14 18 
13 18 
13 19 
12 19 
8 20 
2 5 22 
5 23 
4 24 
4 24 
3 25 
3 22 1 
3 22 
2 22 
2 22 
2 20 
1 20 
20 
17 
16 
13 
8 2 
4 2 1 
3 1 
3 
3 
4 
3 
