#8.50 
#nonogram 2114

2 2 
4 1 3 
5 2 3 
5 2 4 
5 2 5 
5 3 5 
2 7 5 
2 5 2 2 
1 9 2 2 
13 1 3 
12 1 3 
11 2 
3 4 2 
1 3 2 
2 3 2 2 
8 3 1 
2 6 3 1 
1 5 4 1 
4 3 5 1 
2 9 3 1 
2 8 2 1 
2 6 2 1 
2 10 1 
2 9 
2 5 2 
3 8 
4 10 1 
9 4 1 1 
1 4 4 1 1 
1 2 4 1 1 
1 1 3 1 1 
1 1 3 1 
2 3 4 1 
7 5 
3 4 7 
2 15 1 
2 5 7 1 
3 2 5 1 
3 1 4 1 
1 4 4 1 
1 2 3 1 
2 1 4 1 
1 2 5 1 
2 4 7 2 
4 15 
2 13 
3 7 3 
2 5 2 
3 5 4 
3 12 
9 3 
7 3 
4 2 
2 2 1 1 
1 1 1 
1 1 2 
/
8 
3 10 
2 4 3 2 2 3 
7 1 5 1 2 2 
6 3 7 2 1 3 
7 4 2 9 2 4 
6 4 2 3 13 3 
8 1 2 4 2 1 
3 6 1 1 3 1 2 
11 1 2 2 1 1 
9 2 1 1 2 1 2 
8 6 2 1 1 1 
4 3 3 2 1 1 3 
4 2 9 1 2 4 
9 8 3 2 5 
18 3 4 4 
18 6 9 
25 15 
2 5 29 
3 3 22 
8 4 3 17 
9 10 5 2 3 
7 9 4 2 4 
10 3 10 
11 7 1 1 
14 7 7 2 2 3 
