#8.51 
#nonogram 1503

2 9 12 
4 8 2 9 
1 1 6 5 6 
2 1 3 7 4 
1 2 2 3 1 3 3 
2 2 6 2 2 
1 5 7 1 1 
1 3 4 2 3 1 
1 2 3 5 1 
2 1 2 3 1 
2 4 2 
1 6 6 
2 4 2 6 
2 3 2 5 
2 5 2 5 
1 4 3 3 3 
1 2 2 1 2 
1 1 2 3 2 
2 2 5 2 
2 1 1 3 2 
2 2 1 1 3 
3 6 1 4 
2 5 5 
2 3 5 
2 2 2 
1 4 1 
1 7 2 
1 2 8 1 
1 2 8 3 2 
1 3 1 4 4 
2 3 4 2 
1 3 7 3 
2 3 4 6 3 
1 4 1 3 2 
1 2 1 2 3 1 4 
1 2 1 2 3 3 1 
1 3 1 3 8 
1 3 3 2 8 
1 3 2 2 8 
1 1 1 2 8 
2 1 3 8 
2 1 1 5 8 
3 2 4 8 
4 6 8 
5 2 1 8 
5 4 8 
5 3 8 
5 3 7 
6 2 7 
6 1 7 
/
1 2 19 16 
3 10 7 3 10 
2 2 1 7 8 
4 7 7 
7 3 3 2 6 
2 4 8 2 2 
4 2 5 1 1 5 
3 2 6 7 
3 3 3 1 4 
3 2 1 3 
3 1 1 2 2 
3 2 4 2 1 
2 2 2 1 2 2 
1 2 1 1 2 2 2 2 2 
2 2 2 3 2 3 2 1 1 
3 12 1 1 1 1 2 2 
2 3 6 4 1 1 1 5 
2 2 2 2 1 3 1 3 
1 2 2 2 2 3 3 2 
1 2 1 2 1 2 4 2 
1 1 1 2 2 2 2 1 1 
2 1 1 2 2 3 1 1 1 
2 1 2 2 2 3 1 2 1 13 
2 2 2 1 1 2 1 1 2 15 
3 2 1 2 1 3 1 2 1 1 15 
3 2 3 4 4 2 1 1 2 2 14 
4 4 4 3 3 2 2 2 1 14 
5 3 5 4 1 1 4 14 
6 15 4 3 14 
26 3 15 
