#8.52 
#nonogram 1545

13 4 15 
11 7 3 9 
6 3 3 3 1 1 8 
5 1 2 2 1 2 7 
5 1 2 2 1 2 1 6 
4 1 3 1 4 6 
4 3 2 1 5 6 
4 1 1 2 1 4 3 2 
4 1 2 2 2 4 2 1 
3 1 1 1 2 4 1 1 1 
3 3 2 2 1 4 2 1 
2 4 1 2 7 2 
2 12 11 4 1 
2 6 1 19 
1 5 3 18 
1 6 4 4 11 
1 5 5 2 2 5 
1 5 6 2 2 
6 7 2 2 
6 8 2 2 
6 10 1 2 
7 9 1 2 
7 8 1 2 
8 8 1 5 
7 7 2 3 2 
2 4 6 1 2 1 2 
2 4 6 1 2 4 2 
1 4 6 1 1 2 1 1 
2 4 6 7 1 2 
1 10 4 2 2 
2 11 1 3 2 
3 6 6 
1 2 6 4 
1 1 4 
2 2 3 3 
1 1 2 6 
1 2 2 13 
1 3 2 8 
2 2 1 5 4 
1 2 2 4 
2 1 1 5 
2 2 
3 3 
7 
4 
/
18 3 
14 8 
11 12 5 
9 13 3 4 3 
5 16 4 2 
3 22 3 2 
2 3 19 3 2 
3 3 5 8 3 2 
4 3 2 7 2 2 
3 3 8 6 3 2 
2 2 1 13 12 2 
1 4 1 23 3 
1 2 3 1 21 2 
2 2 21 2 
2 3 1 15 3 
2 2 13 3 
2 5 5 3 2 
2 5 2 1 1 
3 8 1 2 
9 5 3 4 
1 3 7 6 5 
2 4 5 5 
5 7 3 5 
2 11 4 6 
1 16 2 3 5 
1 8 4 2 2 5 2 2 
2 4 5 2 1 3 3 3 1 
3 3 4 2 2 1 2 2 1 1 1 
4 5 2 1 2 1 2 1 1 
10 5 3 3 2 1 
9 6 3 2 
8 6 4 3 
7 2 3 5 
8 2 
11 2 
