#8.53 
#nonogram 2463

3 
4 
4 3 5 
2 3 2 5 6 
1 2 1 2 2 8 
1 1 1 3 11 
6 1 1 1 16 
1 6 1 14 
1 16 13 
1 1 1 2 4 11 
1 1 2 1 1 3 10 
6 1 1 2 3 10 
3 4 4 1 3 10 
5 1 10 2 10 
5 1 12 5 1 1 
4 2 7 3 3 1 
4 4 3 2 1 
7 3 2 2 1 
8 1 1 2 1 1 
8 1 2 2 1 4 
10 1 3 2 1 1 
12 2 2 1 1 
5 6 2 1 1 
3 2 2 5 
2 13 5 
/
6 
9 
4 10 
1 11 
1 1 2 5 
4 1 6 
2 1 4 3 7 
1 1 1 2 1 6 
1 1 1 1 5 
2 3 1 3 
2 1 2 2 
3 1 2 1 
1 1 2 1 
2 2 8 1 
6 6 2 
17 
6 5 3 
2 2 3 1 1 
1 3 3 1 
1 1 5 2 
1 5 1 2 
2 2 1 1 1 
2 2 2 2 2 
1 3 2 2 2 
2 3 4 1 1 
1 2 2 2 1 
2 2 2 1 
3 2 2 1 
3 2 3 1 
5 4 1 
12 1 
10 1 
10 2 
21 
11 1 
12 2 
13 6 
14 1 1 
14 1 1 
15 1 1 
