#8.54 
#nonogram 2104

10 3 
1 1 1 3 4 
2 9 10 
2 1 1 11 
3 7 9 2 
1 2 1 6 
1 3 9 1 
2 2 11 2 
2 13 2 
2 14 3 
2 14 3 
3 15 3 
17 1 2 
15 1 2 
13 1 2 
9 3 2 
16 2 
17 2 
17 2 2 
17 2 2 
21 3 1 
2 13 4 1 
3 12 5 
3 4 1 5 4 
3 3 1 1 5 3 
2 3 3 6 3 
4 1 3 1 4 2 
3 2 1 1 5 1 
3 5 1 2 5 
3 4 6 6 1 
2 2 6 7 1 
2 3 1 5 2 5 1 
2 6 6 4 5 
2 2 10 3 6 
3 1 10 4 5 
1 1 2 9 3 1 4 
1 2 2 2 5 2 1 3 
1 1 2 1 4 2 1 2 
1 1 1 3 1 3 2 1 
1 2 2 8 4 
1 4 11 1 
2 2 1 9 1 1 
2 3 7 3 
2 5 2 7 3 
2 1 4 8 2 
3 2 5 2 1 7 2 
3 1 7 7 2 
3 10 2 3 6 1 
4 10 5 1 
16 2 5 4 
15 1 5 
16 2 7 5 
15 1 4 
16 2 6 3 
15 1 2 
/
1 19 
3 14 
4 10 
1 2 7 
5 1 2 6 
4 1 1 2 7 
2 1 1 2 2 9 
2 2 2 5 3 2 8 
1 4 3 10 2 10 
4 2 1 8 1 3 11 
2 3 3 3 1 2 4 9 
10 1 1 8 1 12 
12 1 7 3 14 
14 1 2 4 2 13 
1 1 1 18 2 1 5 2 13 
6 18 2 6 2 1 1 1 1 1 1 
1 1 1 18 15 
1 1 1 18 10 3 1 1 1 1 1 1 
5 17 4 8 4 1 1 1 1 1 1 
1 1 1 18 2 7 5 
1 1 1 9 7 3 5 4 4 1 1 1 1 1 
1 1 9 7 3 4 6 1 1 1 1 
1 1 11 13 5 8 1 1 1 1 
1 10 11 5 11 1 1 1 
11 16 4 9 1 1 1 
10 17 1 7 2 1 
4 5 9 6 2 1 
5 1 2 7 6 
4 5 6 6 
4 5 5 6 
3 4 4 5 
3 5 4 4 4 
4 6 4 5 4 5 
5 13 5 5 5 5 
5 10 3 6 8 
