#8.56 
#nonogram 1552

2 7 
4 13 
11 7 
8 6 
4 10 
15 
18 
20 
21 
24 
5 18 
1 1 1 14 
2 1 2 14 
3 3 15 
7 16 2 
3 2 14 6 
2 2 9 7 
2 1 1 7 3 2 
4 7 2 2 1 
10 5 3 2 2 
4 10 3 2 2 
1 21 5 
25 3 
4 20 
2 4 1 19 
4 2 2 15 1 
2 1 2 2 2 15 2 1 
2 2 2 5 1 15 5 
5 3 2 15 2 3 
3 2 1 1 15 6 
4 2 15 4 1 
4 20 3 2 
24 2 1 
3 3 15 3 4 2 
10 11 3 4 
3 2 4 5 3 1 1 
2 1 2 7 4 4 
3 2 10 3 1 3 3 
4 2 17 1 1 2 1 
8 19 3 
4 2 18 3 
4 1 2 16 5 
4 2 15 5 
5 2 15 3 3 
3 5 17 2 2 
23 1 1 
20 
19 
17 
3 5 3 
8 5 
10 5 
4 7 6 
4 10 
2 5 
/
4 
6 
2 2 
1 2 
2 1 
1 2 1 6 
2 2 2 8 
2 2 3 3 2 11 2 
4 12 2 11 5 
3 2 8 1 1 3 2 2 5 
4 1 2 2 3 4 2 1 2 5 
3 2 1 1 1 10 2 1 1 1 2 3 
3 4 2 1 1 3 3 3 2 3 3 3 
3 9 2 2 1 2 5 4 2 2 
3 5 2 5 2 1 1 1 1 1 2 1 2 3 3 
3 5 1 2 2 1 1 2 2 5 3 
2 7 1 3 3 1 1 3 14 3 
2 14 13 14 3 
3 14 5 4 15 2 
2 14 5 3 4 14 3 
2 14 10 4 14 3 
2 14 15 14 2 
3 14 16 14 3 
3 13 17 12 3 
17 17 12 3 
16 17 12 4 
15 17 11 3 
14 16 15 
14 15 14 
13 14 14 
5 4 15 12 
3 2 16 5 5 
19 3 3 
3 13 
3 5 5 
3 3 3 
2 5 3 
3 6 4 
4 8 4 
4 4 1 7 
3 4 1 1 1 5 
2 2 2 1 1 2 4 
4 5 1 3 3 
4 3 1 5 
9 3 
