#8.57 
#nonogram 1532

4 3 
7 3 
8 2 
9 2 
4 3 2 
4 3 2 
7 4 2 2 
14 2 2 
16 2 2 
6 9 2 2 
5 11 2 2 
6 12 2 2 
5 10 2 1 
6 12 2 1 
6 12 2 
5 12 2 
7 12 2 
6 1 12 3 
7 3 1 13 
11 17 
14 17 1 
16 16 4 
6 5 16 4 
5 5 15 4 
5 5 8 5 3 
4 2 2 5 3 1 5 3 
5 3 2 7 6 3 
2 2 3 2 8 1 6 3 
2 4 1 14 6 3 
2 4 18 3 2 3 
8 20 1 1 3 
9 4 11 3 1 3 
7 1 4 6 1 5 3 
5 1 1 4 1 6 3 
7 3 2 5 2 
8 8 5 2 
10 11 4 2 
13 4 5 4 2 
1 7 2 2 5 1 2 1 3 
1 8 4 3 2 1 4 3 
1 10 2 2 5 1 3 3 
13 1 4 1 3 2 3 3 
13 1 1 8 1 3 4 
2 8 7 2 2 4 4 
1 7 13 3 5 
2 7 1 1 10 2 6 
2 7 1 13 3 6 
2 3 1 17 2 7 
4 2 7 7 3 8 
3 5 5 2 8 
4 3 2 9 
1 6 9 
1 4 10 
5 12 
2 13 
/
5 
2 5 
5 1 3 2 
7 2 5 2 
6 2 10 1 
8 1 12 1 
5 6 12 1 
4 4 15 
4 5 15 
4 4 14 
3 1 17 
4 2 8 3 3 
6 2 9 5 2 
9 2 4 3 2 2 1 
10 2 3 2 4 3 
11 1 2 5 2 2 
13 3 4 3 3 3 
14 6 2 6 
7 1 6 5 3 6 
4 1 13 2 3 6 
5 2 9 2 2 5 6 
3 3 10 3 2 2 4 2 
4 13 4 1 7 2 
3 5 8 5 9 
3 2 5 7 4 3 5 2 
6 3 7 8 3 2 2 5 2 
19 8 2 5 7 2 
20 7 2 3 9 
20 6 3 8 
19 5 3 3 
19 6 3 
22 3 4 
23 2 2 4 1 
23 2 8 2 
5 24 4 2 
4 19 6 1 4 3 
4 18 12 5 
4 13 12 7 
6 8 6 2 8 
12 4 3 2 10 
13 11 
4 4 13 
2 2 13 17 
12 1 34 
14 1 34 
