#8.60 
#nonogram 1357

3 1 3 2 7 
3 1 3 2 2 2 
3 6 2 1 5 2 
3 6 3 3 2 1 
3 1 3 2 2 1 1 
3 1 3 3 1 1 1 1 1 
3 6 3 1 1 1 1 1 
2 6 3 1 5 1 1 
1 3 12 1 
3 10 2 
3 7 2 
3 3 4 3 
4 4 4 
1 5 5 5 
2 4 1 6 10 
2 2 3 1 1 5 9 
2 9 4 7 
2 1 9 3 5 
3 1 8 1 2 
6 7 1 1 
2 9 1 1 
6 8 1 
2 2 5 4 2 
1 3 6 4 1 
2 2 7 4 1 5 
1 1 7 5 1 2 3 
1 1 9 4 2 1 
2 1 9 4 1 3 1 
1 1 1 8 4 1 5 1 
1 1 8 6 5 1 
2 9 5 5 1 
1 4 9 6 3 1 
2 1 6 7 7 1 
1 1 6 16 2 
1 4 4 7 
3 10 5 
1 2 11 1 
1 5 2 1 3 2 
2 1 2 1 11 1 1 
2 1 2 1 1 3 3 1 
3 5 1 10 4 1 
3 5 1 1 4 1 
4 5 11 2 1 
4 5 4 2 
4 5 6 
/
7 5 2 4 1 3 
8 8 4 4 5 
9 1 3 2 1 7 
1 1 1 2 9 
8 1 1 1 1 
2 2 1 2 4 8 
2 2 5 3 4 1 5 
8 5 5 2 4 1 5 
8 7 2 3 1 2 8 
8 4 3 4 2 2 8 
3 4 3 10 
4 6 9 7 
6 6 16 1 
13 5 14 3 1 
15 3 14 3 1 1 
2 1 6 2 13 2 1 1 1 
1 1 4 6 1 13 2 1 1 1 
1 1 2 5 1 1 8 2 1 1 1 
1 2 3 4 5 4 2 1 1 1 
1 1 1 3 1 9 1 2 1 1 1 
1 2 5 4 15 2 1 1 1 
1 1 1 5 5 13 2 3 2 
1 1 5 5 9 10 
1 1 1 5 4 4 5 5 3 
1 2 4 4 5 6 3 2 2 
1 1 1 2 4 2 4 5 1 
1 1 2 4 1 6 4 1 
1 4 4 2 3 3 1 3 2 
1 5 1 5 2 1 2 
2 6 1 5 2 3 
9 1 5 2 
2 3 2 
1 1 
2 2 
4 
