#8.64 
#nonogram 1414

8 
14 
3 5 
2 7 4 
5 2 12 2 
10 5 6 1 
19 3 3 
8 6 9 9 
5 6 5 8 1 
5 2 2 3 3 5 2 
4 3 10 3 4 
3 19 2 4 
2 2 5 11 9 
2 4 11 8 
3 2 13 8 
1 2 10 9 
1 2 1 10 7 
4 1 11 6 
3 6 11 7 
16 1 11 3 
12 2 9 2 
6 3 11 
4 9 
3 7 
2 6 
2 2 
2 4 
2 3 
5 
2 
/
1 
2 1 
2 1 
3 2 
2 1 
3 2 
3 2 
3 2 
3 3 
3 3 
3 3 
3 3 
3 3 
4 3 
3 3 
3 3 
4 4 
4 3 
4 3 4 
4 5 2 
4 1 1 
5 2 2 
2 1 3 2 
3 9 2 
5 10 2 
2 4 3 2 2 
1 1 6 2 4 2 
2 1 5 1 4 2 
1 1 16 2 
1 2 3 13 2 
2 2 2 14 2 
2 2 1 14 1 
2 2 1 15 1 
2 2 15 2 
2 2 15 4 
2 3 1 8 6 3 
2 2 1 8 8 
2 2 1 1 6 5 3 
2 1 1 2 3 5 
2 3 2 5 
2 4 9 
2 4 8 
2 3 7 
1 3 6 
2 2 5 
1 2 6 
1 1 6 
1 6 
4 
3 
