#8.69 
#nonogram 2056

3 
3 3 2 
3 5 5 1 
5 12 
2 13 1 3 
1 2 10 4 1 2 
3 3 9 1 1 2 1 2 
8 8 3 1 4 2 
7 7 1 9 1 
3 2 7 5 3 1 
3 4 7 2 2 2 1 
4 6 8 1 1 1 3 
5 9 7 2 1 1 3 
6 6 6 2 2 2 2 
5 6 7 2 1 2 2 
6 5 10 1 1 3 1 
3 2 5 13 1 1 3 1 
4 2 4 15 1 1 3 1 
9 2 23 5 2 1 
12 2 23 2 2 2 
22 28 1 3 
5 45 2 2 
5 45 1 2 
4 30 13 2 1 
5 29 14 1 1 
5 1 26 5 8 1 1 
7 26 4 8 2 
7 25 3 10 1 
8 1 26 1 3 6 1 
4 3 3 24 3 1 5 1 
3 1 1 4 23 4 1 5 1 
3 2 1 6 9 9 1 4 2 
3 9 1 6 2 3 1 1 
15 1 4 4 1 
4 10 1 5 1 2 
3 12 2 6 1 2 
3 13 4 7 1 2 
3 11 6 2 3 2 2 
15 8 3 3 1 3 
12 2 5 4 1 2 3 
9 1 8 6 1 1 4 
8 1 1 25 2 4 
8 1 1 23 5 
9 2 1 3 7 5 
1 9 2 3 5 5 
1 10 2 1 2 6 
1 10 6 2 6 
1 9 4 2 6 
11 6 7 
9 3 3 7 
1 5 4 2 7 
1 6 2 5 8 
1 6 2 2 8 
7 3 2 8 
4 2 2 8 
/
5 4 
12 
14 
6 3 2 
5 1 1 1 1 
7 2 1 2 2 
10 8 3 
6 1 13 1 2 2 
6 1 13 4 1 2 
5 13 6 3 
5 22 4 
4 26 
4 25 
4 24 
2 2 4 22 
4 3 5 18 
7 2 6 5 6 
10 7 3 
4 5 6 3 
5 3 7 5 
5 4 9 5 2 
10 9 7 2 3 2 
5 2 9 3 3 2 3 
3 2 10 3 8 
4 12 2 3 1 
4 12 3 3 4 
5 11 2 3 7 
5 11 7 4 
6 10 2 4 
6 11 3 5 
6 11 6 
16 5 
14 3 
15 3 
15 3 
16 2 
16 2 
17 2 
16 2 
16 2 
21 2 
22 2 
25 2 
26 2 
27 2 
20 4 3 
10 9 4 4 
8 1 11 3 4 
7 2 10 2 5 
6 1 17 2 5 
4 4 10 3 5 
2 3 13 4 5 
4 1 5 6 5 5 
4 1 2 11 6 
6 2 10 7 
5 2 10 8 
5 1 1 9 7 
3 1 1 12 8 4 
3 3 1 13 5 1 7 
3 3 2 12 2 3 10 
5 3 7 3 11 3 13 
3 5 6 3 4 1 3 15 
1 3 5 6 4 3 17 
2 5 4 4 6 21 
3 15 6 23 
