#8.7 
#nonogram 1412

3 4 
5 7 
1 4 4 2 
1 4 4 5 
3 3 3 8 
3 3 2 4 
1 3 2 2 3 3 
1 2 3 3 6 
3 3 1 2 1 7 
3 1 1 5 3 1 
1 2 2 4 2 3 
1 2 2 1 1 2 7 
1 1 3 2 8 
2 3 5 1 1 2 4 
13 3 1 2 1 3 2 
13 3 2 2 5 1 
11 1 4 3 3 5 
9 2 2 3 2 2 4 
7 4 4 2 3 3 
5 7 3 1 1 4 3 
2 10 2 3 1 
11 2 3 3 4 1 
10 3 3 3 4 
8 3 3 4 4 
5 4 3 5 3 
2 5 4 5 2 
6 3 5 1 
5 4 5 1 
3 4 4 
4 2 
/
3 
5 
6 
7 
7 1 
6 3 
6 4 
5 4 
5 6 
5 6 
4 6 
5 6 2 
4 2 7 4 
4 2 7 4 
2 3 2 4 5 
5 2 2 1 3 5 
5 1 2 2 2 5 1 
3 4 1 3 5 3 
5 1 3 2 1 2 5 
8 5 1 3 7 
9 1 1 4 8 
2 1 3 5 5 
4 3 2 2 3 
6 4 1 2 6 
5 1 2 6 9 
4 2 1 2 3 10 
3 5 4 1 7 
2 3 2 1 3 4 
1 3 3 1 2 5 1 
1 3 3 2 2 9 
3 2 2 3 7 
3 3 3 3 4 
2 3 4 5 2 
1 3 4 6 
2 4 4 
1 5 
