#8.70 
#nonogram 1653

20 
26 
12 8 4 
12 6 7 
15 7 2 4 
9 3 4 3 
8 2 3 1 3 
8 2 5 2 6 
9 2 1 2 1 11 
8 4 3 1 5 3 
9 2 2 2 2 1 1 2 
8 1 1 3 1 2 
3 2 1 2 1 4 1 
1 2 2 4 1 5 1 
1 1 2 2 6 1 1 1 2 
7 3 1 3 1 1 2 2 
9 3 4 2 3 4 
11 3 1 6 1 
12 3 2 2 1 1 
13 3 2 8 1 
15 2 5 2 2 
19 2 5 1 2 
20 9 4 
37 6 
40 3 
11 6 11 1 1 
10 2 2 4 2 1 
10 2 2 2 1 
10 8 3 2 
10 1 8 3 2 2 
14 4 2 4 2 
14 4 4 4 2 
13 1 2 2 1 3 2 
13 2 1 2 3 2 2 
12 1 5 3 2 
13 1 1 5 
12 1 2 1 2 2 
13 3 3 2 1 
12 2 5 2 1 
13 2 1 4 2 2 1 
14 2 1 4 1 4 
17 4 3 
15 1 3 
13 2 1 3 
12 7 
/
20 
3 19 
5 22 
5 23 
6 24 
8 25 
9 26 
10 26 
10 27 
9 26 
8 9 14 
6 7 14 
5 6 16 
6 6 6 15 
5 3 4 7 10 
5 4 3 6 8 
8 2 5 5 6 
6 1 2 2 5 6 
6 2 1 2 5 5 
3 1 2 1 2 1 3 5 
2 2 1 2 1 2 2 7 4 
2 4 2 1 2 2 3 8 
2 2 4 1 2 2 2 5 
3 1 4 2 3 1 1 1 
5 1 1 2 2 5 3 2 
5 1 3 2 2 1 1 
5 5 1 2 2 2 
6 2 7 1 4 2 2 1 
6 3 8 4 1 4 2 
8 2 3 7 4 3 2 1 
3 1 4 3 9 1 2 1 1 
2 1 5 4 3 3 1 1 1 
2 2 2 4 1 1 
1 1 2 1 5 1 2 
3 2 1 7 2 1 
3 1 1 1 7 1 2 
3 2 4 1 4 3 3 
3 2 2 2 1 2 3 6 
3 2 1 2 2 1 1 1 12 
5 2 4 2 9 1 
5 4 5 1 3 2 2 
4 3 2 2 3 
4 3 5 5 
7 5 7 
18 
