#8.71 
#nonogram 1823

1 2 3 
1 1 2 3 
11 1 1 2 1 3 
16 3 1 4 
12 11 4 
5 2 4 5 
2 4 1 2 5 
4 2 1 2 2 
3 2 2 1 3 
2 1 1 2 3 
3 1 2 1 2 
1 1 2 2 2 2 
1 2 2 2 3 2 
1 3 1 1 2 1 
1 2 2 2 1 1 
2 1 2 1 1 1 
2 3 1 1 1 
1 2 1 1 2 1 
1 2 1 1 2 1 
1 3 1 1 2 1 
1 4 1 1 2 1 
1 2 4 3 2 1 
1 3 3 2 2 1 
1 3 3 2 3 2 
1 3 7 6 2 
2 2 10 3 
2 2 1 3 5 
3 2 2 1 1 8 
3 2 2 1 2 10 
4 2 2 1 13 2 
5 2 5 11 4 
6 7 10 5 
7 6 9 6 
9 5 9 2 
15 7 3 
10 13 4 
10 4 
13 4 
11 3 
6 3 
/
2 1 17 
13 8 
3 4 8 
6 6 
6 6 
3 1 5 
5 4 
4 4 
3 3 
3 3 
3 3 
3 2 
3 2 
2 6 4 2 
2 2 3 8 1 
1 2 3 3 4 
1 2 5 1 
3 3 4 1 2 
1 7 3 8 1 2 
1 1 3 1 7 5 
3 5 
1 4 5 
2 5 
2 5 
2 1 5 
1 2 4 
1 1 2 2 5 
1 1 6 7 6 
2 1 3 12 2 7 
4 2 10 7 
1 2 6 
1 1 2 6 
1 17 6 
2 4 6 5 
2 2 2 5 
1 3 1 6 
2 2 5 
2 1 3 5 
2 9 4 
2 5 4 1 
5 4 4 
5 2 3 8 
7 2 4 3 6 
7 2 10 5 
7 21 5 
