#8.75 
#nonogram 2019

2 3 
10 8 
4 15 7 
1 6 18 3 2 
5 24 2 
1 2 3 12 1 3 
1 1 5 8 
1 2 1 9 7 
3 2 15 
1 3 1 6 7 1 
3 5 7 2 2 
11 13 
7 5 5 6 
8 5 10 
1 4 2 1 2 2 
1 1 2 1 1 1 2 
3 1 2 3 
3 2 
4 
5 
4 1 
1 1 1 
1 1 3 1 1 
1 1 2 4 2 
1 1 3 2 2 
1 1 1 1 1 5 
1 1 4 8 
1 1 5 1 6 
1 5 1 1 1 2 
5 2 1 
2 3 3 7 
3 3 9 2 
2 1 12 1 
2 1 1 11 1 1 
3 13 1 1 
3 4 16 1 1 
5 8 4 3 1 1 
7 7 6 1 1 
9 2 5 1 3 
6 6 1 4 
4 6 4 1 4 
6 5 2 3 
5 5 8 2 
3 5 4 12 1 
5 5 2 13 
/
1 1 1 1 4 2 2 
1 1 1 4 2 2 
1 1 4 2 2 
6 3 3 3 1 
4 1 1 1 1 4 2 1 
3 1 1 1 3 3 
2 1 1 2 1 4 2 
3 1 3 3 3 
2 2 5 4 2 
2 1 6 4 3 2 
12 6 3 1 
6 4 1 1 4 3 1 
3 4 2 2 1 1 3 3 
3 6 4 2 1 2 3 
3 9 5 3 3 3 
5 7 4 4 1 4 1 
5 10 4 3 3 4 1 
6 6 2 4 1 1 3 2 
8 3 1 10 2 
9 10 3 
10 12 3 
11 4 8 3 
11 5 9 3 
12 1 2 6 3 3 
12 13 4 3 
4 5 2 7 2 3 
4 4 1 6 2 3 
1 2 3 1 6 5 3 2 
3 1 1 1 1 1 1 4 1 1 2 
6 7 1 3 1 2 2 
4 5 6 1 1 
3 3 5 1 1 2 
3 1 4 1 3 1 8 
6 7 6 2 5 
6 5 8 13 
