#8.76 
#nonogram 1351

11 4 
14 5 
6 7 6 
4 6 6 
2 5 4 
2 5 3 
5 4 
5 3 
7 
8 4 
10 7 
21 
21 
17 3 
16 3 
15 2 
3 15 2 
5 2 4 7 
6 7 2 5 
2 4 3 1 3 1 
1 2 1 2 2 1 2 
1 1 3 1 3 8 2 
2 3 1 2 11 3 
2 3 1 1 1 11 5 
1 2 1 1 2 9 9 
1 1 11 8 
3 9 4 
1 7 4 
2 6 3 
1 7 2 3 
2 9 
1 5 4 
1 6 
5 7 2 
12 3 
12 3 
2 7 1 
2 7 4 
8 1 2 
8 3 2 
4 3 7 
5 2 7 
4 2 5 
1 3 2 1 
4 2 
/
5 
3 2 
3 1 1 
3 4 1 
4 6 1 
3 8 
3 1 4 3 
3 1 1 5 
3 1 1 3 3 2 
3 1 2 1 3 7 
2 1 2 1 10 1 
2 3 2 4 12 
2 8 3 12 
3 4 4 2 3 6 1 2 
3 7 2 1 8 
4 10 5 6 5 
5 11 15 4 
18 15 
16 15 
15 15 
15 14 
14 10 2 
20 3 3 1 1 
10 6 2 1 1 1 1 1 1 
3 10 3 3 3 3 
5 8 1 1 1 1 1 1 
7 8 7 3 3 
8 8 5 4 
4 2 6 4 3 
4 2 5 3 2 
4 5 2 
3 6 2 
5 6 2 
6 6 
6 
