#8.77 
#nonogram 352

1 1 3 
13 
3 5 4 
4 8 2 
2 10 2 
3 11 2 
2 13 2 
3 10 2 
1 8 3 2 
2 7 3 2 
2 7 3 2 
2 6 3 2 
2 7 1 3 2 
1 5 7 1 4 1 
2 10 12 1 3 
2 13 2 1 1 5 2 
1 20 8 2 
1 19 1 10 2 
7 1 1 5 2 
1 20 1 9 2 
1 19 1 9 2 
1 17 2 1 6 2 
2 10 3 4 2 3 
2 7 14 1 
1 7 1 3 2 
2 6 3 2 
2 7 2 1 
2 7 3 2 
2 8 1 2 
2 9 2 
2 12 2 
2 10 2 
2 9 2 
2 8 2 
3 6 4 
13 
1 1 2 
/
10 
5 1 4 
4 2 3 
4 4 3 
2 6 2 
3 7 2 
1 9 2 
2 4 5 2 
2 5 5 2 
1 5 5 2 
2 5 5 1 
2 5 5 1 
2 3 5 5 3 1 
1 7 4 5 7 1 
1 10 4 4 9 1 
13 4 4 12 
13 3 3 14 
14 3 3 13 
14 2 3 14 
15 2 3 13 
2 5 6 6 8 
2 5 5 2 3 4 2 
1 3 2 1 3 2 1 
1 2 8 1 1 1 
2 1 3 2 2 
1 10 1 
1 2 2 2 2 1 
2 1 2 2 5 2 2 
2 10 9 2 
2 10 3 5 2 
2 4 8 2 2 
2 9 2 
3 7 2 
4 4 2 
3 2 4 
3 4 
9 
9 
