#8.78 
#nonogram 309

1 
2 
3 
8 
13 
15 
12 3 
12 2 
5 13 1 
7 3 12 1 2 
7 2 13 1 2 
6 14 3 1 
9 1 13 5 
9 12 6 
10 7 8 
13 2 1 9 
12 1 2 6 3 
15 1 6 2 
14 5 7 2 2 2 
18 14 1 2 3 
33 2 2 
31 6 
28 6 
27 5 
27 10 
26 15 
26 16 
27 10 3 3 
39 2 
34 
28 
18 
16 
17 
18 
17 
16 
10 2 
6 
8 
/
8 
12 
14 
16 1 
18 1 
19 1 1 
21 1 4 
22 7 
30 
30 
31 
30 
2 1 23 
2 1 21 
1 1 19 
1 18 
2 18 
1 18 
1 18 
1 2 18 
2 1 17 
1 3 18 
2 4 17 
7 18 
4 13 
4 15 
6 13 
4 5 4 
4 3 4 
4 3 3 
4 3 3 
3 3 3 
4 3 3 
4 2 2 
3 3 2 
4 2 2 
4 3 3 
3 3 3 
3 2 2 
4 3 2 
4 2 2 
3 3 3 
4 2 2 
4 3 2 
3 3 3 
12 3 
4 8 2 
5 10 3 
4 2 3 3 
4 1 2 5 
4 11 
3 11 
4 6 
4 7 
3 4 4 
3 5 4 
9 2 3 
7 1 
5 1 
3 
