#8.79 
#nonogram 1974

5 
10 2 
4 1 2 2 
2 1 1 1 1 2 2 2 
10 10 2 1 1 1 1 
2 1 1 2 1 3 1 
2 8 1 2 1 1 3 
1 2 1 1 2 1 3 1 
1 9 10 4 1 3 
1 10 1 1 1 1 1 
1 1 4 3 1 4 5 
1 1 1 2 1 2 1 1 3 
1 1 13 2 1 1 1 1 
1 1 2 3 1 4 1 1 1 
1 1 2 4 1 1 5 
1 1 1 4 1 4 1 3 
1 1 3 3 1 2 1 1 1 1 
1 1 2 1 2 3 1 1 
1 1 3 1 3 5 
2 1 1 5 3 1 1 1 3 
11 2 4 1 1 4 1 1 
1 1 1 1 1 1 4 
1 1 1 4 1 1 1 2 2 1 
1 1 1 1 1 1 1 1 2 4 
2 1 1 2 1 1 2 1 1 2 1 
2 1 1 1 2 1 3 1 2 1 
3 2 1 1 1 1 1 3 1 1 4 
2 2 7 1 6 1 3 1 3 
4 5 2 1 2 3 1 
1 1 1 1 4 1 2 4 2 
1 8 1 1 2 2 3 
2 6 4 2 4 2 
2 1 2 1 1 
4 2 5 2 
1 6 2 
7 11 
9 12 
7 1 5 
11 5 2 
2 1 1 1 1 1 8 2 
2 1 1 3 1 
2 1 1 1 2 2 
11 1 1 2 1 
1 1 1 3 1 1 1 1 
9 1 1 4 
/
3 1 1 
14 6 3 
2 2 1 1 1 2 2 2 
2 1 2 1 1 
1 14 6 1 2 3 
1 4 1 1 1 1 1 1 1 
1 1 2 3 1 1 2 5 3 
1 1 2 2 1 1 1 1 4 1 1 
1 1 2 1 1 1 1 1 5 3 
1 1 2 2 1 1 1 4 1 1 
1 1 2 4 1 1 1 1 4 3 
1 1 2 7 1 1 1 4 3 
26 1 11 
2 2 1 1 2 
1 1 1 1 1 9 1 6 
3 1 1 1 2 1 1 
2 1 1 2 1 8 1 3 4 
1 1 1 3 1 1 1 1 1 2 1 1 
1 2 1 1 1 2 1 1 1 1 3 1 1 
1 1 1 1 1 2 6 2 1 1 1 
1 2 1 1 1 1 1 1 1 2 
1 1 1 1 9 1 2 1 1 
1 1 1 1 1 4 3 1 
13 9 4 6 1 
1 3 2 4 1 
31 3 1 
1 7 4 4 1 2 4 2 
1 1 1 1 1 13 2 3 2 
1 6 8 1 2 4 1 1 1 2 
1 1 1 1 1 1 1 1 1 1 1 2 
1 17 3 1 1 1 2 3 
1 1 1 1 1 1 6 1 1 1 1 2 1 
2 25 1 1 2 3 1 
2 1 1 2 2 2 1 1 2 3 2 4 
31 
