#8.8 
#nonogram 2103

5 4 6 7 
5 7 5 6 
10 5 4 4 
2 4 5 4 4 
6 5 4 5 4 
9 4 5 5 4 
2 8 5 5 12 
5 7 4 9 5 3 
8 5 11 4 3 2 
4 3 4 7 4 4 3 2 
7 4 3 4 2 4 3 2 
8 3 18 2 2 5 2 1 
7 3 3 7 2 2 6 2 1 
7 8 2 2 2 9 3 1 
9 2 2 1 2 4 6 3 1 
12 2 2 4 2 2 3 6 1 
11 1 2 1 5 2 2 3 4 
6 2 2 1 3 2 6 2 
4 2 3 2 4 1 6 
2 4 2 12 1 8 
5 1 2 1 2 15 
6 2 3 16 
8 3 15 
10 4 
12 3 
12 3 
5 2 
4 2 
2 3 
4 
/
3 
1 4 
3 4 
3 4 
4 3 1 
4 3 1 
4 2 2 
1 7 3 
3 6 3 
3 6 3 
4 5 2 1 
3 1 4 1 1 
1 2 1 3 1 1 
2 2 2 2 2 1 
2 2 3 1 2 
4 2 5 3 
4 3 1 1 1 1 
1 4 2 1 3 
1 4 2 4 3 
1 3 5 4 
1 4 3 1 1 
2 4 3 2 1 
2 4 1 2 1 
3 5 3 4 
3 4 1 2 2 1 
5 4 1 1 1 
1 3 1 2 1 4 
1 2 2 2 5 
1 3 1 2 4 
1 5 2 3 
4 3 1 1 
1 3 8 3 
2 3 2 8 
3 1 2 2 
4 2 1 3 4 2 
6 3 15 
9 3 9 
10 12 
5 17 
1 3 15 
2 2 2 9 
5 3 2 8 
6 8 8 
7 7 9 
7 7 9 
4 5 2 4 1 
1 3 4 3 2 
1 2 2 8 
2 4 1 8 
2 5 3 3 
5 1 8 
7 7 
8 2 
10 2 
13 
