#8.82 
#nonogram 2429

21 
14 2 
14 3 
13 3 
12 2 
10 6 2 4 
9 7 1 7 
8 9 1 9 
8 10 1 10 
6 11 2 10 
6 11 2 10 
4 12 1 9 
4 4 6 1 9 
1 4 5 8 6 
1 4 4 10 5 
2 4 4 10 4 
1 8 11 
1 2 13 
1 12 
2 10 
2 2 9 
2 1 2 7 
2 2 2 5 
2 2 5 4 
2 3 2 2 2 
2 3 1 1 
2 3 2 2 
2 2 5 2 
2 1 2 4 
2 2 7 
2 2 13 
2 14 
1 6 15 
1 8 14 
1 4 4 12 
2 3 3 11 
1 3 4 7 4 
1 4 6 1 4 9 
4 11 2 10 
5 11 2 10 
6 10 1 10 
7 10 2 10 
8 9 2 10 
8 8 2 9 
9 4 2 7 
9 2 7 
11 3 2 
11 3 
15 3 
22 
/
9 8 
10 10 
12 13 12 
12 21 12 
16 15 
13 12 
9 9 
9 8 
7 6 
6 4 
5 4 
5 2 
4 2 
3 2 4 2 
2 5 7 2 
1 8 10 2 
1 9 3 6 1 
1 6 2 2 6 1 
1 5 2 2 6 1 
1 7 2 3 7 1 
1 8 2 13 1 
1 12 8 12 1 
1 12 6 11 1 
1 11 3 9 2 
2 10 7 1 
2 8 1 3 1 2 
1 5 5 2 
2 3 3 2 
1 1 1 2 
2 1 1 2 
2 2 2 3 
2 3 3 
4 4 
6 4 
5 5 
6 6 
6 8 
6 8 
7 8 
7 8 
3 8 6 5 
6 7 6 7 
7 8 7 9 
7 7 7 9 
9 7 8 9 
10 7 8 10 
11 8 7 11 
11 6 6 10 
10 4 4 10 
9 8 
