#8.83 
#nonogram 2507

4 49 3 
60 5 
26 30 5 
14 8 25 4 
15 8 3 22 4 
24 2 16 3 
25 2 13 3 
11 11 4 10 1 3 
2 9 15 3 8 2 2 
2 10 17 5 1 1 2 1 
23 14 4 1 1 
18 17 3 1 3 2 2 
2 1 9 17 1 3 2 3 
1 2 2 28 2 2 3 2 
1 5 28 3 3 3 2 
1 3 1 2 26 2 3 2 
4 1 3 4 23 2 3 3 
2 12 28 1 2 3 
26 13 1 2 3 
24 13 1 2 2 
13 6 5 1 4 3 
12 1 3 2 1 3 3 
10 3 2 5 3 
10 2 3 4 2 
1 5 2 5 6 2 
1 1 3 5 6 1 
3 3 1 5 7 1 
8 2 6 9 
3 4 3 7 9 
2 4 4 7 8 
2 4 4 9 6 
1 4 5 9 6 
1 4 6 9 3 2 
7 8 8 2 2 
2 4 7 1 1 10 6 
1 2 3 1 5 1 2 1 10 5 
4 3 2 5 2 2 2 10 
3 8 5 2 3 2 9 
1 6 1 7 1 4 12 
9 2 7 5 15 
11 7 5 17 
1 8 1 7 2 5 17 
1 6 3 7 3 6 17 
1 6 1 2 7 2 6 17 
4 1 7 1 5 2 6 2 17 
3 7 1 2 6 3 17 
3 9 11 3 6 11 
12 11 2 5 8 
2 7 11 2 4 7 
3 4 7 5 10 3 3 
4 4 8 4 7 2 2 
4 4 10 3 6 5 
10 8 3 6 9 
11 6 4 5 16 5 
2 5 3 11 1 3 25 
3 4 5 10 1 28 
3 1 9 9 14 1 6 8 
10 7 1 5 18 2 5 2 
12 10 7 16 3 
13 42 
/
7 6 4 7 17 
4 8 6 2 2 3 16 
3 3 6 4 1 3 2 1 4 5 5 
2 2 11 2 7 2 1 1 5 3 
3 2 3 8 8 7 3 4 3 
4 3 1 29 3 8 
11 27 11 3 
9 1 14 25 
10 10 17 4 
12 8 24 
14 5 3 2 5 4 2 
15 5 5 4 3 2 
14 5 1 5 2 1 
19 2 1 3 
6 14 2 2 
6 7 3 2 2 1 
6 6 4 1 1 1 1 
7 3 12 3 
11 11 3 
11 9 3 
4 15 2 
2 15 2 
2 16 12 2 
20 14 3 2 
10 9 14 8 2 
10 8 14 11 
19 16 8 2 
18 8 6 8 1 
18 9 6 9 1 
5 10 3 1 11 
4 1 10 3 4 6 
3 3 10 4 1 6 
3 2 10 9 
3 1 9 4 2 
3 9 3 2 
2 11 1 2 
2 13 1 
3 4 6 1 
3 4 5 1 
3 1 3 4 5 3 2 
4 1 3 11 2 
4 1 3 2 6 3 
5 3 5 3 
5 4 4 3 
5 3 7 3 
6 3 1 12 3 
7 1 4 20 3 
9 2 3 19 4 
9 4 17 4 
9 24 
9 3 8 4 
9 1 4 5 
9 6 5 
9 6 6 
11 2 1 7 
8 2 5 1 
8 4 5 1 
7 5 6 
7 5 6 
6 4 2 5 
6 2 9 6 
5 17 10 
5 1 35 
5 3 27 5 
4 4 25 6 
3 4 21 5 
3 3 19 4 
2 4 16 5 
2 4 15 5 
2 3 15 4 
2 3 9 15 2 
1 5 10 13 5 
4 8 2 13 5 
7 13 12 5 
2 7 9 2 10 5 
4 7 8 2 10 5 
8 3 6 2 9 4 
9 3 9 7 5 
11 13 7 1 3 
