#8.88 
#nonogram 2053

36 2 26 
35 4 26 
34 2 2 31 
34 2 4 25 
33 2 1 25 
33 2 1 25 
33 1 1 30 
33 1 5 25 
33 1 1 9 15 
33 1 1 9 15 
33 1 2 11 14 
32 2 5 1 4 3 13 
32 3 2 3 2 3 12 
32 1 5 6 6 
32 1 3 8 15 
31 2 4 10 5 
31 1 1 4 13 3 1 
31 1 2 4 15 2 1 
8 2 11 1 3 22 2 2 
4 10 1 5 22 1 4 
3 4 6 7 8 21 1 5 
2 11 2 3 10 18 2 2 6 
1 12 3 3 4 8 16 1 8 
14 2 2 8 8 13 1 8 
15 5 5 9 11 1 8 
7 20 4 9 9 1 8 
5 3 15 3 10 6 1 8 
4 13 2 10 3 2 8 
4 13 1 11 1 2 8 
3 13 10 3 9 
2 1 12 9 4 10 
2 2 1 12 7 4 10 
2 2 1 2 12 6 4 11 
2 2 1 1 13 3 4 12 
3 4 1 14 2 2 2 12 
4 4 2 15 5 2 13 
5 1 1 2 3 15 7 3 1 6 
4 2 1 3 14 9 3 2 
4 3 4 14 12 3 5 
3 3 13 16 5 
2 5 3 13 2 16 9 
2 2 1 7 12 1 1 17 7 
3 4 3 11 2 2 9 8 5 
11 2 11 1 2 1 6 9 2 
11 2 10 2 2 3 2 9 
2 6 5 6 1 3 11 
2 4 6 8 5 11 
1 5 9 3 3 10 
2 3 8 2 2 9 
1 1 8 3 3 10 
4 13 5 11 
1 4 9 3 1 8 
1 1 8 3 6 
1 1 15 8 4 
1 4 11 11 3 
/
23 9 
22 15 
21 7 7 
20 7 7 
19 7 3 2 
19 6 1 
19 5 2 
19 5 1 
18 5 1 
18 5 1 
18 6 1 
18 6 1 
19 6 2 
19 6 5 4 
18 7 8 5 
18 1 3 2 1 1 3 
18 1 1 2 5 1 5 
18 1 1 2 1 1 1 
18 1 2 2 1 2 1 
18 2 1 2 1 1 1 
19 2 3 3 1 1 
20 1 3 4 1 
20 7 7 1 
21 7 2 9 1 
22 6 6 6 
22 7 3 2 
22 20 
21 1 20 
21 1 20 
21 1 20 
20 3 19 
15 3 20 
11 5 19 
4 12 18 
2 5 2 4 19 
1 9 4 3 20 
4 2 9 2 17 7 
3 3 10 11 2 1 
2 4 11 6 4 
2 6 12 4 3 2 
2 4 4 13 2 4 4 
10 4 14 4 1 1 
1 1 1 4 13 4 2 1 
1 1 1 4 11 1 2 1 2 
2 1 2 5 9 2 2 1 1 
1 2 1 6 8 1 2 2 1 1 
1 1 2 9 6 2 2 5 1 
1 1 13 4 1 2 9 
1 1 15 2 3 1 10 
3 1 18 5 12 
11 16 7 11 
11 15 8 11 
12 13 9 10 
12 13 11 2 6 
12 12 13 5 
13 11 1 9 2 
11 1 10 3 8 3 2 
11 2 8 5 7 5 2 
12 1 7 4 2 5 3 3 1 
8 2 1 6 3 1 4 2 2 
10 1 2 5 3 2 4 3 3 1 
11 2 3 3 1 5 5 2 
12 3 3 3 4 4 3 2 
13 3 7 3 1 4 2 
13 4 4 2 6 5 
13 5 6 1 7 2 3 
13 2 4 8 2 9 3 
13 1 16 2 10 2 
13 1 15 3 9 2 
13 1 16 2 10 1 
13 1 17 1 3 9 1 
13 1 18 1 3 10 
13 1 17 1 3 11 
13 1 18 2 4 10 
13 1 20 2 4 10 
