#8.90 
#nonogram 2306

22 3 45 
22 2 4 1 1 33 
11 6 1 3 1 1 1 1 6 24 
10 2 3 2 3 2 2 3 1 5 23 
9 5 2 3 4 3 1 2 4 19 
9 7 4 1 5 2 2 3 3 13 
8 2 4 6 2 3 3 7 12 11 
8 2 4 2 3 1 4 2 1 10 5 3 11 
8 1 4 2 2 2 4 1 1 2 7 3 2 10 
8 2 7 3 4 3 4 2 2 2 10 
7 2 1 10 5 1 1 4 7 13 
5 3 6 4 6 3 4 6 2 12 
4 6 3 2 2 4 2 6 4 1 2 7 2 
3 5 3 1 2 3 4 3 1 5 1 5 1 5 1 
3 3 4 1 6 1 2 3 2 2 3 4 4 2 
2 2 1 3 2 1 1 3 3 2 8 3 2 3 4 4 
2 2 4 2 3 3 3 2 1 13 10 2 2 2 1 
1 2 6 1 8 3 2 2 11 3 3 3 5 2 2 
1 2 6 1 2 2 1 2 20 1 1 6 2 1 2 
2 6 2 3 2 3 7 17 2 1 2 2 4 
2 6 4 1 2 10 2 10 3 5 1 2 2 4 
4 5 1 2 1 1 1 1 13 10 2 1 2 1 3 1 1 2 
1 2 5 1 1 4 1 1 3 1 4 1 3 1 8 4 4 1 2 
1 2 5 1 6 3 2 2 6 1 1 1 11 2 3 3 
2 6 1 3 4 2 1 5 2 5 3 4 2 2 3 
2 5 2 1 5 1 6 9 2 4 1 1 1 4 
1 1 4 2 2 4 17 2 3 4 9 
2 5 11 1 1 10 3 2 1 4 2 3 3 1 
9 1 1 2 2 2 2 1 1 5 3 3 
2 6 3 3 1 1 1 1 3 5 2 3 
1 1 5 2 3 4 3 1 2 2 1 1 1 2 2 1 3 2 
2 4 2 6 1 3 5 1 3 5 2 2 1 1 1 4 3 
3 5 1 1 5 2 2 7 3 4 2 1 1 3 1 3 4 
1 1 7 2 3 2 2 4 2 4 5 2 1 1 1 1 3 1 2 
3 6 1 2 1 4 1 5 1 4 2 2 1 2 4 1 2 
2 5 2 4 4 2 3 1 4 2 2 2 1 1 2 
2 4 2 5 4 3 5 6 4 3 1 3 
1 1 6 5 2 4 3 10 2 1 2 2 2 
2 2 4 2 3 2 4 3 5 5 2 1 2 3 2 
2 2 4 3 3 3 15 3 2 1 2 6 
3 3 3 2 1 2 6 4 3 4 4 5 5 
4 5 4 1 2 2 2 3 7 6 5 3 1 
6 7 1 2 1 1 5 4 17 4 1 
8 5 1 1 3 2 5 1 2 11 2 5 2 
7 3 1 1 5 3 2 1 4 3 3 1 10 
7 2 4 1 3 3 1 2 1 5 3 1 1 3 1 11 
7 1 5 3 6 3 3 3 5 1 1 9 
7 2 3 4 1 4 3 1 1 4 1 6 1 9 
7 4 1 3 1 1 1 3 1 1 12 1 10 
8 3 2 2 1 2 4 1 1 2 1 6 9 1 11 
9 5 2 3 7 1 3 1 3 4 1 11 
11 1 2 2 2 2 3 3 2 1 1 3 12 
15 2 3 2 1 2 5 6 18 
18 2 6 3 35 
19 52 
/
19 3 5 3 18 
17 2 2 3 2 2 17 
15 8 1 6 15 
13 4 3 1 1 1 3 14 
12 4 2 3 3 2 13 
11 3 18 2 13 
11 3 21 1 12 
10 2 23 2 1 6 
6 3 23 1 3 5 
4 3 3 10 2 3 2 1 3 2 4 
3 3 4 5 2 3 3 2 2 2 4 
2 3 1 2 2 5 1 2 3 5 1 2 3 
2 3 2 3 1 4 1 3 2 2 4 3 
2 7 10 2 1 3 2 2 2 4 
2 7 1 3 3 2 5 7 4 3 
3 6 3 1 1 3 6 4 4 2 2 2 
3 2 1 1 3 3 1 3 4 3 1 2 2 
4 5 6 3 2 3 4 3 2 1 2 2 
4 8 4 2 3 9 1 4 1 
4 1 4 1 1 1 1 3 2 6 6 
3 3 2 2 2 1 1 1 2 2 4 3 
2 5 2 5 6 9 2 5 1 
6 2 2 4 5 2 13 1 2 
3 2 2 3 8 2 3 4 3 2 2 1 
2 1 3 2 1 1 3 3 1 2 3 2 1 1 
1 2 5 4 4 3 1 1 9 1 1 
1 5 2 11 5 3 2 2 2 2 
2 2 2 2 4 7 5 1 2 
1 4 2 4 3 7 3 
6 4 2 3 2 5 3 3 
1 1 6 4 4 2 2 2 2 
2 3 3 1 3 1 3 1 2 
3 2 1 4 8 4 1 3 1 1 2 1 
2 3 17 7 2 1 1 2 1 
2 6 5 10 11 1 2 2 2 
1 2 2 3 12 11 5 2 3 
2 3 5 1 5 2 1 2 3 5 2 
1 3 3 11 3 2 2 4 2 1 
1 5 11 2 4 4 1 5 2 2 1 
1 2 2 8 2 2 1 2 2 3 1 
2 3 1 5 2 3 2 1 2 2 2 
1 8 1 7 3 3 3 2 6 
2 5 12 4 5 3 2 1 4 
4 4 1 8 6 2 2 1 2 3 3 
5 4 4 7 3 2 2 1 2 2 4 
5 2 4 6 5 3 1 1 2 1 3 3 
4 2 4 1 4 10 1 2 1 4 2 
4 2 2 2 7 5 4 2 3 1 4 2 
3 3 1 3 5 4 5 1 2 2 3 2 
2 3 2 2 7 3 1 1 1 1 2 1 2 3 
2 3 2 2 2 7 4 2 2 5 1 2 3 
3 1 1 1 2 1 2 6 2 2 6 1 3 
5 3 3 2 2 10 4 5 3 4 
4 2 3 3 5 4 3 1 2 3 
4 2 2 3 7 6 3 1 2 3 
4 2 2 1 1 2 18 3 3 2 2 
5 2 2 1 1 2 10 3 2 2 2 2 
7 2 1 2 2 7 2 3 2 2 3 
7 1 2 4 1 2 2 5 1 1 2 1 1 3 
6 1 2 5 3 1 2 4 1 1 2 1 1 4 
5 1 2 2 4 2 1 2 5 1 1 1 6 
5 2 3 2 2 2 1 2 2 1 2 1 4 
6 3 1 3 1 2 2 1 4 1 1 3 2 3 
6 4 5 1 1 4 1 4 1 4 
8 6 2 1 1 2 2 3 2 6 
23 3 10 7 
24 2 21 
16 7 6 14 
14 4 2 1 6 2 12 
13 6 1 12 12 
12 2 2 2 5 11 
12 2 5 5 4 3 11 
12 2 2 10 6 11 
13 12 13 12 
14 11 6 14 
