#8.92 
#nonogram 1379

5 2 51 11 
5 3 48 13 
5 3 1 44 16 
5 3 1 6 35 14 
6 4 2 5 4 11 13 15 
6 1 1 6 1 4 3 4 12 16 
6 22 3 4 9 18 
7 6 10 6 2 7 21 
7 4 12 4 2 2 2 21 
7 5 15 7 2 1 22 
6 3 19 1 2 3 23 
2 3 14 4 4 24 
1 3 11 2 5 25 
14 32 
13 1 30 
10 3 28 
1 9 2 1 25 
2 9 3 2 23 
1 1 9 5 22 
1 1 1 9 1 3 1 20 
1 1 1 9 1 3 1 1 1 13 
1 1 9 1 2 1 4 11 
2 1 8 1 3 2 3 1 4 4 
2 1 8 8 3 2 4 2 
2 1 9 5 2 3 2 3 
2 1 8 6 1 2 1 2 4 
3 1 10 2 2 2 2 1 3 2 3 
3 1 9 2 2 2 1 2 4 8 
3 2 10 2 2 1 2 4 8 
3 2 1 8 2 3 3 4 2 2 8 
4 1 1 12 3 4 3 4 3 1 8 
4 1 1 9 2 4 2 4 3 1 8 
4 2 12 2 1 3 3 3 3 2 2 1 
4 2 2 8 3 3 2 3 2 1 3 1 
5 1 10 2 1 2 1 2 2 1 4 
5 2 2 9 1 2 1 5 
5 2 2 11 2 1 4 
6 3 1 2 12 2 5 
6 5 1 13 1 6 
7 5 14 7 
7 9 10 9 4 
8 21 2 5 4 9 
8 24 4 3 14 
9 27 5 17 
9 38 21 
10 61 
10 62 
11 7 6 12 34 
11 3 3 6 8 33 
12 6 3 32 
13 5 32 
13 1 5 3 32 
16 3 3 4 4 31 
19 3 2 15 30 
17 6 17 30 
/
13 37 
12 2 33 
11 3 29 
11 1 25 
11 21 
7 18 
1 3 16 
5 14 
6 6 12 
3 5 10 
4 1 6 8 
9 6 1 6 
1 16 7 1 5 
2 18 7 3 3 
3 5 12 2 1 11 3 
8 16 3 12 3 
7 22 4 10 2 
7 25 4 9 1 
5 29 13 2 
37 10 1 1 
4 34 6 4 
3 11 30 3 
3 10 26 2 
3 11 26 1 
3 10 2 1 24 
5 7 2 2 24 
5 6 7 2 1 18 1 
4 6 2 4 2 14 4 1 
4 1 4 4 3 11 3 
4 2 3 9 4 13 3 
7 2 10 1 2 15 3 
8 1 6 2 1 3 9 3 
5 4 1 2 5 1 9 2 
5 4 3 2 8 2 
5 6 8 2 
5 4 1 2 8 2 
5 2 4 1 1 7 2 
5 1 2 2 2 5 3 
6 2 1 1 5 4 
6 1 2 2 5 4 
7 2 5 3 4 
4 2 2 9 4 2 
4 2 1 6 5 2 
5 3 2 2 8 
6 6 9 
7 6 11 
8 5 2 4 1 11 
9 5 13 1 11 
10 4 10 1 2 11 
8 3 1 3 2 11 
9 6 2 3 2 12 
9 6 8 2 12 
8 8 4 2 1 10 
7 10 8 2 2 10 
6 12 2 5 16 
6 13 2 5 11 
4 17 4 11 
4 14 4 5 11 
2 1 14 4 7 12 
4 15 5 3 5 12 
3 16 14 12 
1 18 13 13 
21 2 3 13 
20 2 1 13 
22 2 13 
22 1 13 
22 1 2 14 
22 7 14 
22 5 14 
22 5 14 
22 5 14 
23 6 15 
23 7 15 
24 6 15 
24 7 15 
