#8.93 
#nonogram 1489

1 7 5 
2 4 1 4 3 
2 4 8 2 3 
2 4 2 2 3 6 2 4 
2 2 7 2 3 1 6 5 
2 8 3 4 4 1 4 1 3 
2 3 3 3 5 4 2 4 3 
2 8 1 3 2 9 2 6 3 
2 3 3 2 2 2 6 2 4 3 
4 1 4 2 2 4 5 2 3 2 
11 1 3 4 5 1 6 2 
2 3 2 1 2 8 3 8 
1 3 2 4 4 4 4 1 3 4 8 
1 3 3 3 3 3 2 1 7 12 
5 3 3 3 3 2 1 5 7 3 
2 2 2 4 4 4 4 1 4 8 3 
3 6 1 8 3 2 3 
7 3 1 2 4 6 3 4 3 
4 8 1 2 4 5 3 1 2 3 
1 1 2 3 1 2 3 3 3 5 
4 8 3 3 2 2 2 4 
5 2 7 2 2 2 2 1 5 
5 4 4 1 2 5 1 3 1 4 
4 5 4 6 2 1 1 1 3 
3 1 2 6 2 2 1 3 3 
3 4 7 1 1 4 2 3 
3 10 2 1 2 5 
3 5 2 1 4 
2 3 3 3 
2 11 
/
6 
2 4 4 
2 3 3 10 
15 2 10 
16 11 
3 3 3 
1 1 3 
9 
3 2 1 1 
1 1 5 1 
1 1 1 5 
4 1 1 4 
1 1 4 2 1 
2 1 2 1 1 
4 4 4 
4 1 1 3 
1 2 1 1 2 1 
2 1 4 1 1 
4 2 4 
1 2 4 3 
1 2 5 1 3 1 2 
4 3 1 1 1 1 1 
4 1 4 9 
1 1 6 2 7 3 
2 12 4 2 
1 5 1 1 2 2 
5 2 1 1 2 1 1 2 
2 1 15 1 2 
2 5 2 7 3 1 
4 4 5 4 1 
1 1 4 1 1 6 2 
3 7 2 11 2 
1 1 8 6 4 2 
1 2 14 4 1 
1 1 13 4 1 
1 3 4 3 2 2 1 
2 5 3 1 2 1 1 
1 4 3 3 1 1 
1 1 3 3 1 2 2 
2 1 1 3 2 1 
1 2 2 5 2 
1 1 2 1 5 2 
1 1 3 6 2 
2 2 3 7 3 
1 1 8 2 3 
2 2 1 6 2 5 
6 8 1 
15 2 
12 2 2 
8 5 2 
2 2 3 3 2 
2 2 1 6 2 
9 16 
8 7 8 
7 4 7 
