#8.98 
#nonogram 1451

1 8 15 
2 4 3 14 
1 1 3 7 14 
1 2 2 4 2 14 
1 1 1 4 3 13 
1 4 3 1 13 
2 1 3 3 4 8 
4 6 3 2 4 6 
4 2 10 4 
4 2 8 4 3 
5 1 11 4 2 
3 3 2 2 4 6 2 
2 2 2 1 2 3 2 4 1 
1 3 2 1 1 2 6 4 1 
2 1 1 2 3 2 3 3 
1 2 1 2 9 4 
1 1 1 2 3 4 3 
1 1 2 4 3 2 
1 1 1 3 3 3 
1 1 1 1 2 2 3 
1 3 2 5 2 
4 2 3 1 2 
3 3 1 2 2 
2 5 1 2 1 
2 2 5 2 1 
1 2 1 4 1 1 
4 2 3 2 2 
5 1 2 1 3 
3 2 1 3 2 3 
3 2 1 2 2 3 
3 3 2 3 2 4 
2 2 2 1 5 4 
3 1 2 1 1 5 5 
2 2 3 1 1 10 
2 1 2 2 1 2 2 1 2 
2 1 2 4 1 1 2 2 
2 1 2 3 1 2 3 1 
3 3 3 2 2 1 
6 2 3 3 
6 1 7 
/
5 8 1 
1 2 3 5 8 
2 2 2 10 11 
3 2 2 3 3 5 3 
9 4 4 4 2 
3 4 6 3 3 3 
2 2 4 2 2 3 
2 1 1 9 8 4 
2 1 2 25 
2 1 1 2 4 3 
2 2 1 5 5 2 
1 1 1 6 2 2 5 2 
1 1 2 3 3 1 2 3 2 
1 2 4 4 2 3 4 
1 1 2 1 2 14 3 
1 1 2 1 2 8 10 2 
3 2 1 2 7 4 6 
4 2 5 2 3 
3 1 5 2 4 
1 6 2 6 
1 7 2 2 2 
4 3 2 2 2 
6 4 2 3 1 
6 4 1 1 1 2 2 
6 2 1 1 1 1 1 1 
6 2 1 1 3 2 1 
6 2 1 2 4 3 
7 4 3 3 2 2 
7 4 2 3 3 
8 5 4 1 
8 6 3 5 
9 6 10 
10 7 3 
12 10 
14 5 
