#8.99 
#nonogram 1333

3 8 
1 1 16 1 
1 15 9 2 
4 7 8 1 6 6 
1 8 1 8 7 3 
5 11 25 
2 1 2 1 14 11 
1 1 3 3 9 1 10 
2 1 1 2 1 9 8 2 
3 4 18 1 4 1 
5 5 5 15 3 3 2 
9 2 15 4 
10 2 7 3 
13 2 6 
6 2 1 
4 
1 1 1 4 
2 1 2 3 3 
1 1 1 1 3 1 1 6 
2 1 1 2 4 1 6 1 
4 2 2 1 1 4 1 
1 2 1 7 1 3 4 
3 2 2 1 1 3 1 1 2 3 
6 2 1 1 4 1 1 3 3 
2 2 1 2 1 7 1 1 4 3 
3 2 3 1 7 1 1 3 3 
7 5 7 2 2 4 
5 1 6 8 2 1 4 
5 2 4 8 3 4 
5 1 7 3 4 1 
6 2 5 5 7 
5 2 6 6 2 5 
6 3 5 10 
17 11 
5 10 
/
5 3 14 
2 4 1 2 13 
1 4 1 1 4 10 
2 1 3 3 2 9 
1 4 1 1 13 
1 1 3 1 3 2 1 2 
2 1 5 1 3 1 
1 3 5 3 2 
1 1 1 5 5 
2 3 5 4 
1 2 2 3 3 
1 6 3 6 2 
1 7 1 8 2 
1 5 2 1 2 4 2 
6 1 1 1 2 1 3 2 
6 2 1 1 3 2 
9 2 1 2 2 
10 2 1 1 1 
2 5 2 3 1 1 2 
1 1 5 2 1 1 2 5 
2 6 5 1 9 
10 1 1 11 
10 1 1 11 
11 1 1 12 
6 4 1 9 3 
5 1 3 1 1 5 1 
7 4 1 3 2 
12 6 3 
3 8 2 1 4 
2 1 7 1 13 
3 8 4 8 
12 2 6 
13 1 3 
9 3 1 1 1 
7 1 2 2 2 1 
8 3 1 2 1 
12 2 4 1 
1 1 4 2 1 2 2 
1 1 1 1 2 2 3 
1 1 2 1 3 7 
1 1 1 1 3 7 
1 1 2 1 4 6 
3 3 9 2 
4 4 5 3 
5 5 7 
