%3.240
8
2 13
1 2 10
2 1 1 3 5
8 1 2 3 5
3 5 2 4 1
2 6 3 7 2
1 6 1 8 1
9 3 8 2
1 6 2 1 7 2
2 6 1 3 6 2
2 4 1 1 4 4 2
2 3 1 1 6 2 3
2 3 1 1 7 2 3
2 1 1 15 3
2 15 3
2 1 1 1 3 3
2 3 2 1 10 3
2 4 1 1 10 3
2 4 1 1 10 2
2 6 1 10 2
1 6 2 2 6 2
8 1 2 1 4 2
1 6 3 1 5 1
2 8 1 7 2
3 2 1 2 4 1
8 1 1 3 5
2 1 2 3 5
1 2 10
2 13
8
+
11
15
3 3
2 7 7 2
1 7 7 1
23
1 6 1 7 1
1 5 1 1 5 1
1 19 1
5 2 4
3 7 5 3
2 3 2 4 1
4 1 2 2 2
3 2 1 6 4 2 1 3
2 2 7 6 1 2
1 4 2 6 5 1 4 1
3 5 5 4 1 2 3
2 1 5 4 5 2 1 2
2 2 5 4 5 2 2 2
3 7 3 9 3
12 1 15
15 15
6 7 7 6
2 2
6 15 6
4 19 4
4 7 4
4 4
4 4
