%5.252
15 4 14 8
17 3 12 1 6
13 1 4 10 1 5
3 7 1 1 3 8 1 5
2 1 5 3 2 3 6 1 5
1 3 3 2 1 2 3 5 1 5
5 1 3 4 2 3 9
3 1 5 5 2 1 2 4
3 2 10 2 1 1 1 3
2 3 14 1 1 1 1 3
2 2 14 2 1 1 1 3
1 1 1 14 2 2 2 3
2 14 2 1 4 4
18 2 1 2 2 5
17 2 4 8
2 7 1 3 1 3
1 4 5 6 3 3 2
2 2 2 2 2 1 2 1
2 7 4 2 2 1 2
1 3 1 2 2 2 2
1 1 1 1 1 2 1
1 1 2 1 1 2 2
2 2 3 3
2 1 3 3 1
2 1 3 3 1
1 2 2 3 1
1 8 2 4 1
1 7 2 4 1
2 8 4 3 1
26 1
+
6 6 5 6
5 5 4 2 3 2
4 6 2 2 1 1
3 5 2 1 1
3 2 3 2 1 1
4 2 3 3 2 2
5 3 5 2 3
6 7 1 4
7 9 1 4
6 9 1 4
5 10 1 4
4 11 1 4
3 11 13
2 11 2 1 1 2 1
2 2 8 1 2 1 1
2 3 7 1 1 1
2 1 7 1 1 1 2
1 1 6 1 4 3
1 3 4 4 4
2 2 1 3 2 2 2 3 2
4 1 2 2 2 3 1
2 1 1 2 6 1
1 1 2 2 2 1
1 2 3 2 1
2 1 2 1
2 2 2 2
3 1 2 2
3 2 2 2
4 1 2 2
4 2 3 2
5 2 6 2
6 5 2 2
7 2 2
11 2 1
7 2 2
6 6 1
2 2 2
7 2 2
1 1 1 11
2 1 1 4
7 4
8 3 2
16 2
17 2
18 1
