%6.10
8 2 4 2
11 2 2
4 4 2 1
4 6 2 1
3 5 2 3
2 5 4 2
1 5 2 1
1 6 3 1 2
1 6 1 1 3
1 7 5
1 8 1 2 3
10 4 3
16 4 1 1
2 3 6 4 3 3
2 3 2 7 1 6
2 2 5 3 7
1 3 2 1 1 2 5
1 2 2 3 1 3 1
1 3 3 2 4
5 4 1 2 1 2
4 2 1 1 1 3
1 2 3 1 1 1 1 1
1 3 6 2 2 1 1
1 2 2 4 3 1 1 1
1 2 2 2 1 2 1 1 1
1 2 2 2 1 1 2 1
2 2 3 2 1 1 4
1 3 7 9 4
5 3 2 3 2 5
1 3 1 1 4 3 1 4
+
13 1
3 2 3
2 2 2
1 5 2
1 4 4 3
10 5 7
5 6 3 1
5 7 8
4 8 13
3 8 3 2 2 5
2 12 2 3 3
2 11 4 5 3
14 1 2 2 1 1 1
6 1 6 2 2 1 1
5 5 1 1
3 4 3 1 1
1 5 2 1 2
1 2 1 5 2 1 1
1 1 1 3 1 1 4
2 3 3 4
1 1 2 2 1 2
2 1 2 2 1
3 3 2 7
1 2 2 3 1 2 4 3
2 2 8 4
2 4 10 1 2
10 3 1 4
2 3 4 1 5
1 2 4 1 1 4
1 4 1 1 1 3
