%6.239
2
4
1 2
2 4
2 7
1 3 6 1
1 2 6
13 5
1 2 12 2 1
1 3 4 1 3
3 2 13
2 3 19
3 4 25 3
5 13 15 3
2 3 12 3 5
3 2 5 2 2 11
1 4 9 2 1 3 2 3
1 3 6 5 1 2 1 2 2
2 5 6 2 4 2 2
2 3 6 1 2 2 2 2
2 7 3 3 2
2 4 2 5 2 4
1 2 4 2 5 2
4 2 1 2 1 2
2 2 2 2 3 2
4 5 9
25 2
2 4 1 3 1 2
2 3 1 3 3
23
+
1
1
2
4
6
4 3
4 1 2 1 2
2 1 1 4 1 3
2 1 11 2
1 14 1 2
2 5 1 5 1
5 1 1 4 2
4 1 1 1 5
2 1 2 2 4
1 2 2 2 2
2 2 2 1 2
1 2 2 1 2 2
1 2 2 2 1 2
1 1 2 2 1 1
1 1 1 1 1 3
2 1 1 1 2 5
1 1 1 1 1 6
1 9 1 3 1
13 3 1 1
15 6 2
13 2 5
1 6 1 2 2 2
2 5 2 2 1
9 3 1
6 2 1 1
6 3 1 1
8 5 1 1
13 1 1
5 2 2 1
4 3 2 4 1
8 8
6 2 1 4 1
2 2 2 1 2 1
1 1 2 2 2 2
1 2 2 5
2 7 2 2
4 5 2 1
4 4 1 2
4 4 4
8 2
4
